2745
null	0
8190560	1
4630404	2
4630424	3
8190891	4
7310984	5
3730282	6
3730993	7
8190646	8
3730928	9
7310200	10
7310969	11
7310415	12
1030292	13
7980973	14
3731002	15
9350006	16
4630200	17
4630386	18
7980994	19
1030282	20
3730241	21
9350770	22
3390580	23
7240857	24
8190894	25
6760601	26
7310601	27
9350653	28
3250857	29
8870770	30
7530519	31
730700	32
3930519	33
730544	34
3250363	35
8190404	36
8190961	37
4990857	38
9350754	39
5370841	40
520857	41
8870969	42
2280857	43
3930544	44
9350772	45
8870518	46
7790200	47
4720200	48
7790969	49
8600770	50
3950205	51
8790872	52
4630043	53
7310460	54
7310496	55
1030700	56
8190687	57
3471023	58
9350913	59
6040857	60
3731023	61
8190729	62
3700964	63
9710960	64
6660176	65
6770646	66
7311002	67
4990928	68
7790937	69
4991002	70
4990772	71
8870942	72
730969	73
4610973	74
4990700	75
730519	76
6661002	77
4880973	78
4630930	79
5370292	80
5371023	81
4040200	82
5370519	83
5370200	84
7310646	85
5370481	86
1030984	87
5370544	88
250200	89
250519	90
4630937	91
8190857	92
1031002	93
1030638	94
1030729	95
1030857	96
1030200	97
1030994	98
250961	99
1030993	100
1030913	101
1031010	102
8190700	103
3391002	104
8190177	105
5370859	106
4630580	107
8190913	108
1480973	109
381010	110
4630364	111
250071	112
4720857	113
7310941	114
380638	115
380004	116
1030969	117
1030961	118
1030937	119
250424	120
9350942	121
1031007	122
1030404	123
1760973	124
1450973	125
5490973	126
5111023	127
7310872	128
7310177	129
4631007	130
7940973	131
1030928	132
4991023	133
5370282	134
5370571	135
9350952	136
9350561	137
9040652	138
7790424	139
7310371	140
7310937	141
7310700	142
9350419	143
5370896	144
8190481	145
10190961	146
7310043	147
7310864	148
1030371	149
251007	150
3350973	151
3730200	152
8790835	153
4330765	154
730404	155
7310994	156
1030043	157
7310765	158
5370404	159
4630765	160
2750646	161
730829	162
1030408	163
5370924	164
3230371	165
7530812	166
3700205	167
730205	168
731023	169
3230496	170
3251007	171
7531007	172
4720363	173
8190942	174
250518	175
8790205	176
9710877	177
3700877	178
3250560	179
3700969	180
3930601	181
9710205	182
3700752	183
3470739	184
9710991	185
9760888	186
3470575	187
8710928	188
9710743	189
8790729	190
520071	191
4040741	192
6990481	193
3230812	194
3230516	195
3230809	196
3230687	197
3930166	198
9350993	199
3930836	200
3700961	201
910646	202
9760043	203
8710404	204
7790877	205
7790652	206
6660770	207
910371	208
9710800	209
9710601	210
8790430	211
3250212	212
3700996	213
9710969	214
8710729	215
3230575	216
910205	217
910942	218
910114	219
8790969	220
8790364	221
3700770	222
9710767	223
8710809	224
9710891	225
4040961	226
4910961	227
2760580	228
6990961	229
9711007	230
4720961	231
3250961	232
7790282	233
4720580	234
4720969	235
8870228	236
3930752	237
8790772	238
3250741	239
9710752	240
4320857	241
9350829	242
9350564	243
3230560	244
8710770	245
8550772	246
7790961	247
3700960	248
3700071	249
300006	250
300996	251
300386	252
300422	253
300923	254
8710782	255
8600864	256
8710767	257
9760752	258
8710371	259
6350765	260
6760964	261
6350571	262
6350857	263
6900857	264
6760266	265
7310571	266
7310492	267
7310395	268
6350114	269
6350942	270
2760364	271
6350928	272
9040364	273
9760071	274
3930364	275
5650414	276
6900969	277
5230969	278
4570364	279
7790205	280
4911023	281
7790741	282
3250350	283
2760829	284
6760177	285
6350687	286
7310829	287
7310942	288
9070857	289
6350829	290
6760942	291
6760114	292
2760964	293
6760071	294
6350959	295
5370888	296
8330812	297
8710519	298
3700741	299
9710304	300
910796	301
9710880	302
3930212	303
520687	304
9040812	305
8190350	306
1030114	307
1030220	308
3230114	309
8711007	310
6350920	311
2760754	312
5230701	313
9350350	314
5230364	315
6660371	316
9350371	317
4020006	318
301016	319
5230923	320
7310653	321
6760785	322
6350924	323
6350496	324
5370964	325
8190519	326
911023	327
2570519	328
7240519	329
7770652	330
7310986	331
7310560	332
6760880	333
9070984	334
6760835	335
5370974	336
6761007	337
9040580	338
8870481	339
5370948	340
8870580	341
8870043	342
8790959	343
3230364	344
2760114	345
2080752	346
9710580	347
9710796	348
300870	349
9710071	350
10110857	351
5370829	352
3700200	353
3700812	354
300812	355
300560	356
9710888	357
6990580	358
5230729	359
6580872	360
7530205	361
5230812	362
10110364	363
8710969	364
8710560	365
2080741	366
1550006	367
9710864	368
3700743	369
3250519	370
8710995	371
5650496	372
2760770	373
8710864	374
3930071	375
5230920	376
8710872	377
9710920	378
3930880	379
8710350	380
3930006	381
3700872	382
9350560	383
3700857	384
9040857	385
9310560	386
8710765	387
3700888	388
8790741	389
9710453	390
5230492	391
3930796	392
5230304	393
5650212	394
3470422	395
9760961	396
3250880	397
6040519	398
6900453	399
9670364	400
3930560	401
8710205	402
8710364	403
520741	404
5230752	405
300872	406
9710687	407
3700739	408
8550519	409
4750364	410
3230942	411
8710880	412
7790894	413
2760961	414
8790043	415
7790888	416
9710809	417
3390071	418
9710285	419
8710741	420
9710363	421
6990200	422
8710961	423
5230961	424
3930371	425
3230739	426
3930937	427
3470961	428
8190364	429
9710364	430
300364	431
3700364	432
7530859	433
9760200	434
3230924	435
5230386	436
9710519	437
8790414	438
5831023	439
910880	440
9710414	441
3700864	442
9710961	443
8340961	444
8710453	445
6991007	446
230364	447
7790896	448
3730430	449
8190770	450
4630829	451
6760888	452
2760959	453
2080987	454
910364	455
6900212	456
3700504	457
2760741	458
2760363	459
7530560	460
9710739	461
7530880	462
4320969	463
4720364	464
4040371	465
910544	466
4040364	467
4040518	468
7530371	469
8790519	470
10110453	471
3230414	472
2760942	473
2080870	474
9760205	475
7240969	476
300350	477
9710371	478
3700767	479
4300519	480
2760877	481
10110952	482
2760872	483
4720752	484
6990419	485
7530350	486
3700006	487
9710496	488
3230363	489
2080770	490
5230560	491
5230809	492
3700414	493
4040857	494
2760516	495
2760404	496
2760894	497
6990519	498
910414	499
910969	500
910006	501
910937	502
3250129	503
4320481	504
3700829	505
9760371	506
3700285	507
3470085	508
730371	509
730741	510
7790880	511
5230772	512
9710741	513
6900466	514
2080414	515
5650350	516
10101023	517
3101023	518
3950896	519
2081023	520
3930414	521
3700580	522
8870829	523
250687	524
6660870	525
6660930	526
2760772	527
730924	528
3700075	529
3700870	530
6660948	531
2080772	532
7090973	533
5230959	534
5230872	535
3230167	536
9710350	537
3470889	538
230870	539
9830529	540
6660741	541
5230770	542
7310952	543
8790422	544
5650857	545
3950560	546
3230386	547
6660880	548
6660047	549
5650872	550
6900037	551
2750924	552
8330996	553
730114	554
10110580	555
300701	556
3250772	557
10110741	558
6760580	559
6350404	560
1361023	561
8190835	562
6350741	563
9760857	564
730928	565
2750228	566
730228	567
4720743	568
5230800	569
9350527	570
9350243	571
5981023	572
8710176	573
8710259	574
8710963	575
8600920	576
8710888	577
3230282	578
5980857	579
7530857	580
230575	581
230812	582
6660653	583
2760743	584
8601023	585
9040796	586
2760928	587
730221	588
730948	589
4720964	590
2080205	591
9040996	592
8600422	593
300739	594
3730357	595
6660772	596
230422	597
230767	598
10110880	599
230560	600
8600782	601
3730700	602
8600071	603
5650519	604
3730531	605
3730516	606
3730754	607
3730496	608
8190820	609
6660738	610
9830996	611
2760205	612
9311023	613
8600752	614
3730420	615
3730004	616
4630071	617
8190767	618
5980504	619
8710601	620
910767	621
8751023	622
8190829	623
3730785	624
4990043	625
9350729	626
8790974	627
9710802	628
3931007	629
3930598	630
8790419	631
9350961	632
3230928	633
3930580	634
3230920	635
3230205	636
8790580	637
3230796	638
3701007	639
3730564	640
5231023	641
3230770	642
3730872	643
3730350	644
5230205	645
9831023	646
730687	647
2760889	648
2760687	649
4990561	650
8870560	651
8190282	652
3390964	653
9710544	654
4630419	655
3730765	656
3950960	657
250743	658
250964	659
250888	660
250752	661
3250371	662
9350937	663
3250414	664
5230496	665
5230212	666
3230285	667
8190864	668
10110006	669
4630114	670
2760043	671
2760564	672
8710466	673
2760963	674
8710991	675
5230453	676
5230338	677
6900920	678
5230519	679
9761002	680
6900560	681
230752	682
6900504	683
8190969	684
8190371	685
6760928	686
8190880	687
9350928	688
10140653	689
3730969	690
9350166	691
3930767	692
910363	693
230864	694
6350580	695
2760937	696
10110414	697
910739	698
3250870	699
9350752	700
10110961	701
3230519	702
230006	703
730166	704
3470043	705
9710772	706
6770404	707
6770754	708
2760923	709
230741	710
3470285	711
2760809	712
8870205	713
300880	714
300496	715
3700952	716
520752	717
300767	718
8710739	719
3700928	720
3470334	721
4630857	722
300924	723
5230888	724
9710006	725
3930496	726
7770601	727
1551023	728
6660969	729
6900350	730
8190441	731
9710963	732
8190987	733
6660071	734
8330350	735
5230743	736
9710782	737
3250043	738
7530043	739
7790601	740
4630266	741
4630877	742
8870419	743
3951002	744
6760700	745
2760453	746
10110812	747
4990363	748
7770857	749
10140560	750
9710857	751
6760504	752
6350519	753
6760916	754
7310404	755
7310880	756
10220857	757
4990765	758
6350752	759
6760560	760
3730560	761
9790973	762
9350809	763
3230598	764
6660687	765
2760896	766
3730888	767
3390888	768
3950888	769
300205	770
7310687	771
7310731	772
3730371	773
8190176	774
6350560	775
3700422	776
3700297	777
9350519	778
730516	779
6660646	780
6660833	781
6660527	782
4021023	783
3700896	784
250896	785
2760796	786
2080519	787
8710006	788
3730974	789
4630752	790
4630772	791
2760560	792
8600212	793
2760144	794
6660836	795
2760441	796
8901023	797
3700166	798
3231016	799
2080896	800
2080897	801
6760422	802
8600796	803
3700212	804
3930739	805
3250205	806
4630371	807
230872	808
6660043	809
6660212	810
8710896	811
3250496	812
8710752	813
8710743	814
3730571	815
9350812	816
4950857	817
6660422	818
7790897	819
5650812	820
2080894	821
4630961	822
5230114	823
8811023	824
7310770	825
8190952	826
7310729	827
3730898	828
9350741	829
3730942	830
3730729	831
3730829	832
3730809	833
4630243	834
3230995	835
7310071	836
3730870	837
7310651	838
6350891	839
3730504	840
3730386	841
8190200	842
3730544	843
7980209	844
3730441	845
3730228	846
3730981	847
7310693	848
7310430	849
5370266	850
4630282	851
3730404	852
6760841	853
3730782	854
5370960	855
6760516	856
9350601	857
6270857	858
3730580	859
230770	860
6660729	861
6760770	862
6660767	863
8190752	864
6350601	865
7310920	866
1030829	867
5370201	868
9340973	869
3730549	870
10140205	871
7310422	872
6760974	873
6760765	874
6660952	875
230857	876
7310996	877
6660743	878
9350743	879
5370071	880
3730296	881
7310227	882
6760857	883
8190693	884
9350652	885
7310877	886
9310930	887
10140496	888
7310948	889
7310812	890
6760864	891
6660006	892
9350516	893
3441023	894
10110770	895
9710073	896
7531023	897
7310214	898
9670857	899
3930857	900
3930741	901
3930089	902
300952	903
5651023	904
8870006	905
3250877	906
6350129	907
5111011	908
5110653	909
7310741	910
3730646	911
3730984	912
9350996	913
3230404	914
5230870	915
6350872	916
6760693	917
3390371	918
6660996	919
6660228	920
2750870	921
5230000	922
730560	923
4720870	924
3230894	925
2760996	926
6660856	927
730894	928
520829	929
3931023	930
300796	931
2760782	932
3230373	933
6660453	934
230496	935
230596	936
3730519	937
6350652	938
10140414	939
8190373	940
1920560	941
230371	942
6350888	943
9350964	944
9420646	945
2080043	946
2760408	947
3470980	948
9710575	949
9710653	950
9040772	951
3250952	952
9040285	953
6660373	954
2750836	955
6660812	956
9830812	957
9830422	958
6760741	959
230880	960
3730212	961
5230928	962
9350800	963
3730752	964
3730743	965
3730812	966
6760877	967
6760371	968
2760700	969
230000	970
4990422	971
2750741	972
3230864	973
2370973	974
7310870	975
6760752	976
9350930	977
9350802	978
3730601	979
3730114	980
3730959	981
5370741	982
7310466	983
10140422	984
3731007	985
3730961	986
7980404	987
8191023	988
2080872	989
3230743	990
910516	991
4720896	992
3930924	993
7310928	994
7310363	995
3730859	996
10110371	997
3230752	998
10221023	999
9070282	1000
9350571	1001
9350896	1002
9350483	1003
9350894	1004
2080200	1005
9350859	1006
9350924	1007
2760752	1008
8190580	1009
4990580	1010
5370770	1011
730200	1012
4571023	1013
7310266	1014
9350974	1015
7310924	1016
4990371	1017
8190897	1018
6760519	1019
8190772	1020
231023	1021
6660754	1022
2760870	1023
7310596	1024
3730772	1025
4990071	1026
6660166	1027
9350880	1028
7530870	1029
4991007	1030
7310228	1031
7310483	1032
9350687	1033
10110872	1034
6760973	1035
3730995	1036
2370601	1037
2750857	1038
4990114	1039
4990994	1040
7770765	1041
6350770	1042
2080580	1043
6900864	1044
230071	1045
6350700	1046
2760888	1047
6760687	1048
5370371	1049
6760481	1050
5370752	1051
251002	1052
5370518	1053
8190424	1054
5370419	1055
6350937	1056
4920973	1057
10080857	1058
7310959	1059
1920812	1060
5110765	1061
7310205	1062
9071002	1063
6660857	1064
7310373	1065
9350888	1066
6270560	1067
10220646	1068
9350212	1069
8190205	1070
5370687	1071
250969	1072
10110646	1073
2751023	1074
910729	1075
3930870	1076
7310961	1077
4630913	1078
5370894	1079
9350453	1080
6901023	1081
3250729	1082
7530200	1083
3470963	1084
250942	1085
6350006	1086
9350864	1087
3230888	1088
8870364	1089
3230880	1090
8190483	1091
6660205	1092
3931016	1093
6900422	1094
4020872	1095
5230801	1096
2760006	1097
230285	1098
6660801	1099
6900801	1100
5230414	1101
3930285	1102
230504	1103
9760772	1104
910741	1105
7790829	1106
3391007	1107
4720888	1108
6040580	1109
9710441	1110
4990770	1111
6660800	1112
8870424	1113
7790752	1114
730601	1115
8710285	1116
9760960	1117
4910770	1118
6660960	1119
7790770	1120
520964	1121
4990282	1122
3950282	1123
300741	1124
4720859	1125
6660414	1126
1920212	1127
730633	1128
7790371	1129
2760414	1130
6660221	1131
2750212	1132
9070829	1133
230996	1134
230350	1135
4911007	1136
2760801	1137
8810414	1138
2760924	1139
8600560	1140
9710894	1141
3950422	1142
8710516	1143
9710373	1144
3470857	1145
4630601	1146
8190071	1147
9710212	1148
8710580	1149
9710996	1150
2080560	1151
8600519	1152
5230037	1153
4020182	1154
6660633	1155
6350916	1156
3730877	1157
8190652	1158
2750580	1159
2760561	1160
230167	1161
7310669	1162
5370877	1163
4990652	1164
3230466	1165
3250891	1166
8900466	1167
9310466	1168
3730920	1169
3730638	1170
3730458	1171
10110404	1172
9350836	1173
5230043	1174
3250266	1175
6760296	1176
230580	1177
6660864	1178
9830930	1179
1550466	1180
3470580	1181
9350891	1182
9350994	1183
7310888	1184
3730814	1185
9760980	1186
3390752	1187
910496	1188
250371	1189
5980888	1190
910896	1191
9760964	1192
9671023	1193
3930653	1194
8810920	1195
3700441	1196
6660350	1197
9350414	1198
8190964	1199
8190896	1200
3390896	1201
9350767	1202
8710987	1203
6760669	1204
8190504	1205
9710516	1206
7240961	1207
8870880	1208
4720371	1209
6350930	1210
8710960	1211
9710571	1212
6760363	1213
6350371	1214
2760603	1215
7310841	1216
6760960	1217
6760891	1218
6350646	1219
8190920	1220
7310964	1221
730282	1222
3230504	1223
3230960	1224
4990872	1225
5110196	1226
5110045	1227
5110006	1228
5110167	1229
1940196	1230
5110995	1231
5110633	1232
5110880	1233
5110560	1234
5110205	1235
5110371	1236
5110731	1237
5110800	1238
5110561	1239
5110372	1240
5110350	1241
5110931	1242
5110864	1243
5110924	1244
5110877	1245
5110812	1246
5110000	1247
5110571	1248
5110770	1249
1940864	1250
5110872	1251
5110646	1252
7310196	1253
5110601	1254
5110634	1255
5110004	1256
5110282	1257
5110836	1258
5110809	1259
5110747	1260
5110266	1261
5110745	1262
3270652	1263
5110419	1264
5110549	1265
7310995	1266
5110564	1267
5110404	1268
6270652	1269
6270196	1270
5110214	1271
5110693	1272
5110483	1273
5110984	1274
1940209	1275
5110993	1276
5110700	1277
1940993	1278
7310752	1279
5110370	1280
5590652	1281
1370652	1282
5110129	1283
1940371	1284
5110161	1285
7310471	1286
6270635	1287
7310635	1288
7310652	1289
8720652	1290
9070652	1291
5400652	1292
5820652	1293
6110652	1294
7310585	1295
7310960	1296
7310889	1297
7310938	1298
7310045	1299
7310419	1300
7310229	1301
8430652	1302
7310350	1303
5590471	1304
10140930	1305
10140519	1306
5110652	1307
1940652	1308
10140652	1309
4920652	1310
8060652	1311
5330652	1312
3680652	1313
7880652	1314
5110212	1315
8720857	1316
8060973	1317
4610652	1318
3270635	1319
9790652	1320
5110430	1321
5110283	1322
7310859	1323
7310516	1324
6760652	1325
10140857	1326
7310833	1327
7310564	1328
10140872	1329
7310634	1330
7310049	1331
7310800	1332
7310000	1333
3730652	1334
5110635	1335
7310931	1336
7310743	1337
3730419	1338
7310809	1339
3730964	1340
3730687	1341
3730471	1342
10140812	1343
7310561	1344
10140471	1345
3730266	1346
7310916	1347
2761010	1348
7790772	1349
7790857	1350
5230466	1351
8190741	1352
8190414	1353
2760285	1354
7790924	1355
6350414	1356
300212	1357
9350000	1358
8870812	1359
8870772	1360
9710801	1361
8710920	1362
2760371	1363
7790373	1364
3230212	1365
3470527	1366
3930812	1367
520743	1368
2080888	1369
7790812	1370
8710043	1371
3470782	1372
9710812	1373
8190812	1374
8190872	1375
8711023	1376
8710504	1377
9710504	1378
3470987	1379
5980466	1380
8190496	1381
9351010	1382
3701016	1383
3930561	1384
2570752	1385
2760767	1386
7790518	1387
3390043	1388
3930043	1389
3930283	1390
3930809	1391
520414	1392
520043	1393
9760924	1394
4040580	1395
5230646	1396
910772	1397
7790414	1398
730414	1399
8710833	1400
3470923	1401
730872	1402
2760527	1403
2760304	1404
7790422	1405
2760458	1406
2760833	1407
8600043	1408
250043	1409
9040575	1410
520870	1411
2760375	1412
8870870	1413
9040870	1414
2760071	1415
9711002	1416
9710928	1417
8790880	1418
9710272	1419
2280580	1420
7790560	1421
730422	1422
8870996	1423
8870304	1424
8870948	1425
3930422	1426
3700386	1427
520516	1428
2760422	1429
9710043	1430
3470833	1431
2760178	1432
3230701	1433
8710422	1434
8710646	1435
3250422	1436
8190996	1437
7790496	1438
7090857	1439
3470801	1440
8710496	1441
8340987	1442
8340519	1443
9710729	1444
2080864	1445
3230350	1446
910924	1447
5230350	1448
730006	1449
230924	1450
8191010	1451
4990996	1452
7791007	1453
730996	1454
4720205	1455
3250580	1456
8870924	1457
2760583	1458
2760416	1459
6661023	1460
3230996	1461
730000	1462
6661007	1463
3230422	1464
3230646	1465
730870	1466
6660560	1467
3230228	1468
3231002	1469
7790964	1470
230920	1471
2760930	1472
230743	1473
2760504	1474
2760496	1475
230796	1476
8710856	1477
3230000	1478
910422	1479
301023	1480
300729	1481
3470701	1482
5230739	1483
8870350	1484
4720560	1485
7530422	1486
9710297	1487
5230996	1488
3230653	1489
3470006	1490
3700880	1491
910350	1492
5230880	1493
3700701	1494
3700772	1495
3700836	1496
9040880	1497
3700800	1498
10170857	1499
8350857	1500
3470996	1501
3700924	1502
3470772	1503
9040212	1504
9710422	1505
4630888	1506
250580	1507
9040739	1508
8190422	1509
7790809	1510
730767	1511
2080960	1512
9710176	1513
9040176	1514
250894	1515
3230923	1516
730743	1517
3230304	1518
9710952	1519
3390741	1520
520969	1521
910200	1522
3700987	1523
9040923	1524
8790920	1525
5230422	1526
8870888	1527
3471002	1528
730770	1529
230666	1530
8190006	1531
6900529	1532
3730880	1533
8190000	1534
8190160	1535
910700	1536
3700920	1537
3930888	1538
3730182	1539
9710930	1540
8710930	1541
3470930	1542
9710014	1543
3730071	1544
3730259	1545
8190801	1546
10141002	1547
2750560	1548
8190833	1549
4630638	1550
4630743	1551
3730205	1552
300304	1553
3930504	1554
5230071	1555
300920	1556
3930960	1557
2760987	1558
8710801	1559
7790519	1560
5650880	1561
2080285	1562
3930350	1563
520924	1564
6660304	1565
9350304	1566
9040144	1567
8870144	1568
7790729	1569
8191002	1570
3230800	1571
8870422	1572
9040527	1573
7790144	1574
250144	1575
9350144	1576
8190930	1577
9350870	1578
6760160	1579
8190144	1580
3701023	1581
2760167	1582
2760800	1583
730801	1584
9350602	1585
730350	1586
6660995	1587
6660872	1588
2760864	1589
2761023	1590
8870930	1591
730857	1592
5370880	1593
3730602	1594
5230796	1595
6900754	1596
5230930	1597
5370743	1598
3730006	1599
3730176	1600
2750414	1601
2910466	1602
6900924	1603
9710897	1604
9710603	1605
8190959	1606
730178	1607
8710772	1608
7980930	1609
7310182	1610
231010	1611
3230047	1612
8870373	1613
3470462	1614
2760638	1615
5370772	1616
4630004	1617
5371010	1618
8870833	1619
3930833	1620
2760969	1621
730176	1622
730796	1623
8870796	1624
7790266	1625
2760646	1626
2761007	1627
2760960	1628
730880	1629
730960	1630
2760820	1631
730646	1632
2750796	1633
3930701	1634
3700833	1635
520772	1636
3700043	1637
8190870	1638
8870743	1639
3700519	1640
520646	1641
9350408	1642
9350872	1643
730864	1644
3231023	1645
730809	1646
2760913	1647
8550043	1648
3931002	1649
730896	1650
730580	1651
8870212	1652
9040987	1653
4300857	1654
3700144	1655
910144	1656
3230144	1657
730144	1658
730527	1659
2750422	1660
6660501	1661
4990160	1662
6660160	1663
6901002	1664
3930304	1665
8710924	1666
5230006	1667
6760772	1668
8330872	1669
730043	1670
911002	1671
7980160	1672
5370833	1673
3230741	1674
6660000	1675
3230334	1676
9350422	1677
9350761	1678
2750880	1679
730754	1680
730964	1681
5230857	1682
910857	1683
730772	1684
7790872	1685
730952	1686
730071	1687
4040601	1688
730812	1689
300856	1690
3700796	1691
8190809	1692
8191007	1693
8551007	1694
8190453	1695
3470870	1696
231002	1697
230414	1698
730739	1699
3250006	1700
730729	1701
3230283	1702
3230580	1703
3230984	1704
730836	1705
2761002	1706
2760228	1707
6660182	1708
730212	1709
3230006	1710
8870800	1711
3930964	1712
2750996	1713
730800	1714
2081002	1715
3470809	1716
910285	1717
3230772	1718
3471007	1719
8340580	1720
3930772	1721
2750006	1722
730283	1723
9831002	1724
3930743	1725
3930205	1726
7790043	1727
6660406	1728
3700995	1729
3700527	1730
230205	1731
2760544	1732
6660561	1733
8190782	1734
8710857	1735
8190285	1736
9350796	1737
2080930	1738
4630960	1739
4630964	1740
4630518	1741
3950801	1742
3390930	1743
5370043	1744
5370160	1745
8550857	1746
4720729	1747
730930	1748
3930930	1749
8600466	1750
4630160	1751
5980920	1752
8600930	1753
5230580	1754
730752	1755
8190877	1756
6660924	1757
8550580	1758
230228	1759
730888	1760
5370602	1761
5371007	1762
9350897	1763
9710987	1764
5980646	1765
8190645	1766
3230453	1767
8710964	1768
2750304	1769
3930623	1770
4020984	1771
301002	1772
3230969	1773
9041002	1774
2760880	1775
1550422	1776
2080880	1777
2760176	1778
5980519	1779
7790987	1780
10110560	1781
3700350	1782
5230176	1783
730496	1784
9710144	1785
8710144	1786
4720880	1787
9040995	1788
230820	1789
3230767	1790
3950809	1791
7790228	1792
8870037	1793
8870872	1794
730937	1795
731007	1796
730841	1797
730913	1798
8711002	1799
6900952	1800
3730960	1801
9040350	1802
10190580	1803
520961	1804
4720043	1805
730984	1806
6660282	1807
730363	1808
4990228	1809
8871002	1810
8870987	1811
4630741	1812
4630894	1813
3700282	1814
3701002	1815
910833	1816
910071	1817
8190460	1818
2760373	1819
9710995	1820
8330496	1821
9310872	1822
8710200	1823
4630969	1824
8710527	1825
4720422	1826
2760952	1827
2760991	1828
3230833	1829
2750754	1830
3230872	1831
520894	1832
230016	1833
7790870	1834
2760920	1835
3950414	1836
730961	1837
730561	1838
3470872	1839
3700653	1840
4720424	1841
2760350	1842
2760045	1843
910864	1844
3700304	1845
4720741	1846
6900880	1847
230809	1848
2760338	1849
8600414	1850
8600969	1851
3230964	1852
4720987	1853
5230995	1854
9710527	1855
3230987	1856
6660888	1857
3930996	1858
2760738	1859
4720772	1860
730167	1861
3250920	1862
3230754	1863
9710923	1864
2760519	1865
3390770	1866
5980772	1867
4040071	1868
520942	1869
3230166	1870
4040770	1871
3470441	1872
910920	1873
9760920	1874
9710458	1875
4720414	1876
910960	1877
730623	1878
3950897	1879
520282	1880
9040462	1881
9040864	1882
3470995	1883
7790350	1884
5230984	1885
3470212	1886
8870754	1887
9040518	1888
3390994	1889
4631010	1890
8190653	1891
9710870	1892
10190519	1893
9040701	1894
3470880	1895
4630516	1896
250741	1897
3470796	1898
3470952	1899
4040888	1900
8870414	1901
730304	1902
3930969	1903
6900646	1904
910580	1905
8340729	1906
3230441	1907
2750920	1908
10110422	1909
9350984	1910
910809	1911
3930754	1912
7790754	1913
8790960	1914
3470074	1915
9710037	1916
8710666	1917
9310037	1918
730466	1919
8190602	1920
8190458	1921
9040833	1922
9710462	1923
7090930	1924
4040772	1925
3950812	1926
9710466	1927
5230504	1928
910996	1929
910560	1930
910754	1931
9710833	1932
3730994	1933
3930575	1934
2760739	1935
6580212	1936
8710653	1937
8710212	1938
2760200	1939
3731010	1940
8190212	1941
9350228	1942
8600964	1943
3730673	1944
6900872	1945
3230297	1946
6660964	1947
3730948	1948
3700598	1949
8190754	1950
8870527	1951
9350504	1952
8710228	1953
2280519	1954
9040229	1955
5371002	1956
7530920	1957
730504	1958
8870952	1959
9760872	1960
7790364	1961
8600646	1962
2080531	1963
10170580	1964
8710014	1965
4630770	1966
8710812	1967
7530841	1968
8710414	1969
2080422	1970
8710996	1971
9710964	1972
5980414	1973
730833	1974
7791002	1975
3700575	1976
9040836	1977
5370422	1978
2760652	1979
6660519	1980
5370408	1981
4990212	1982
9351023	1983
9350037	1984
5370645	1985
7790833	1986
3930872	1987
3930729	1988
3950364	1989
2760812	1990
3230561	1991
910872	1992
910212	1993
2760673	1994
2760948	1995
910812	1996
8190993	1997
250993	1998
8550870	1999
730653	2000
3250937	2001
230359	2002
3230801	2003
6660961	2004
10110930	2005
730652	2006
2760406	2007
7790930	2008
3230870	2009
9710406	2010
2760653	2011
2760386	2012
8340772	2013
9710754	2014
6660796	2015
6900519	2016
730995	2017
230047	2018
2760666	2019
3730422	2020
730453	2021
230963	2022
230948	2023
2760466	2024
231007	2025
230995	2026
7980519	2027
10140371	2028
5370638	2029
230646	2030
2760085	2031
2760460	2032
5370460	2033
230453	2034
6660580	2035
230458	2036
730364	2037
8330560	2038
6660197	2039
5370754	2040
5230406	2041
730338	2042
2760000	2043
730575	2044
8870386	2045
8710754	2046
230304	2047
3470920	2048
3730767	2049
3230952	2050
3730952	2051
730991	2052
730460	2053
6900406	2054
2760462	2055
9830831	2056
3730653	2057
230952	2058
300414	2059
5230529	2060
8870897	2061
230888	2062
230754	2063
5231002	2064
8600924	2065
4630942	2066
910043	2067
8330504	2068
5230527	2069
9350373	2070
3250767	2071
9710856	2072
3230544	2073
5980580	2074
3730453	2075
3730924	2076
7790739	2077
730037	2078
7790441	2079
3250987	2080
3470373	2081
8190466	2082
6660761	2083
5370144	2084
3730144	2085
4630870	2086
6900772	2087
6770160	2088
230991	2089
3730596	2090
230176	2091
230964	2092
3730245	2093
3930144	2094
3470144	2095
4020000	2096
730408	2097
230653	2098
9350205	2099
9710701	2100
4720864	2101
3230200	2102
3230930	2103
9350160	2104
6660144	2105
8550414	2106
910870	2107
5370801	2108
5370930	2109
3730770	2110
2760995	2111
9760580	2112
230984	2113
8710037	2114
5230924	2115
2760047	2116
730738	2117
2760359	2118
3470652	2119
3230527	2120
8600205	2121
4040752	2122
8600743	2123
4020800	2124
5230575	2125
8870836	2126
3950144	2127
3730741	2128
5231007	2129
9421023	2130
8190638	2131
4750870	2132
9310646	2133
10011023	2134
8710114	2135
3730536	2136
2760160	2137
5981002	2138
2760729	2139
9350386	2140
911007	2141
230517	2142
8710441	2143
5370560	2144
8710406	2145
3730373	2146
230212	2147
8710575	2148
9830796	2149
730373	2150
8600857	2151
10010857	2152
6760743	2153
5980930	2154
8330924	2155
8600741	2156
7530772	2157
6660920	2158
6660752	2159
5230987	2160
230960	2161
230928	2162
6660896	2163
9710085	2164
9710334	2165
8600285	2166
5230371	2167
8190462	2168
8600880	2169
8600872	2170
3230782	2171
9710531	2172
9710896	2173
3230896	2174
3700283	2175
9830984	2176
6350743	2177
5980422	2178
6760993	2179
5230891	2180
3230176	2181
8710891	2182
5230782	2183
8600772	2184
3730833	2185
8330006	2186
5230833	2187
9830006	2188
2760272	2189
6900996	2190
9711016	2191
9310767	2192
3730987	2193
6900767	2194
300864	2195
3730414	2196
8600371	2197
5980872	2198
8331023	2199
8710544	2200
5230767	2201
3230071	2202
6580422	2203
5650422	2204
230673	2205
8900767	2206
10110767	2207
8600767	2208
10140160	2209
4020996	2210
7310212	2211
4720144	2212
1920857	2213
4990646	2214
4990930	2215
4990519	2216
4990870	2217
6770984	2218
9350200	2219
4990924	2220
4090973	2221
6770928	2222
6770560	2223
4990812	2224
7310004	2225
6661010	2226
6770924	2227
9350801	2228
1920880	2229
8330857	2230
9310504	2231
9310857	2232
9710074	2233
4020930	2234
3930228	2235
4630357	2236
9350460	2237
6660408	2238
6660460	2239
8190304	2240
4990880	2241
4990144	2242
730285	2243
730386	2244
300519	2245
4020212	2246
3930770	2247
8710565	2248
6830831	2249
3730043	2250
2750575	2251
520560	2252
521023	2253
7790864	2254
4990960	2255
3930923	2256
3700923	2257
10140212	2258
9310422	2259
2760765	2260
5650924	2261
8600496	2262
1550212	2263
6660089	2264
230074	2265
230622	2266
8190991	2267
8600350	2268
6900809	2269
2081007	2270
4630896	2271
1600973	2272
10140006	2273
9710016	2274
5650205	2275
8190923	2276
3730991	2277
3730963	2278
3230963	2279
10140561	2280
300575	2281
6760767	2282
300504	2283
3700496	2284
8810496	2285
8710923	2286
4990006	2287
2760897	2288
2760596	2289
8900496	2290
3730268	2291
8710870	2292
1030004	2293
9710622	2294
3730304	2295
3230856	2296
4040896	2297
5230200	2298
3230338	2299
5230754	2300
6660496	2301
2080767	2302
9830496	2303
6581023	2304
3930800	2305
300969	2306
2750872	2307
3930386	2308
910386	2309
3230961	2310
2750166	2311
3930995	2312
230987	2313
9350782	2314
250870	2315
9350920	2316
9310880	2317
520205	2318
1030160	2319
230527	2320
9310519	2321
4990460	2322
3730666	2323
9420952	2324
10140880	2325
3930987	2326
6660894	2327
6760414	2328
3730133	2329
4720687	2330
9830466	2331
3700930	2332
4750144	2333
3930037	2334
7310754	2335
4990743	2336
3700623	2337
730481	2338
3470458	2339
9350987	2340
6770282	2341
6770857	2342
3730185	2343
5370424	2344
4990761	2345
3470282	2346
4320519	2347
6660338	2348
8190995	2349
3730996	2350
3730820	2351
6350772	2352
3470812	2353
5370809	2354
910961	2355
8190518	2356
8190994	2357
3730466	2358
5370812	2359
230259	2360
9710561	2361
9350638	2362
910282	2363
4720282	2364
2760602	2365
910228	2366
250772	2367
4721002	2368
10191007	2369
8601002	2370
6900205	2371
6900796	2372
9760987	2373
8710687	2374
8710959	2375
250241	2376
5370994	2377
10111023	2378
1030930	2379
250859	2380
7790859	2381
250282	2382
8190229	2383
6770930	2384
4630994	2385
1030419	2386
9350481	2387
250419	2388
3390961	2389
520729	2390
1030632	2391
5370364	2392
1030571	2393
1030580	2394
250729	2395
9350102	2396
9400973	2397
250776	2398
250364	2399
7310037	2400
7310857	2401
5370129	2402
1030765	2403
1030841	2404
5370835	2405
8790006	2406
6990729	2407
9350177	2408
7771023	2409
8791023	2410
6761023	2411
3730229	2412
1030877	2413
7310161	2414
3730891	2415
6770601	2416
7310405	2417
8870564	2418
6350177	2419
7530564	2420
8190596	2421
6760228	2422
3730137	2423
6760646	2424
7310891	2425
7310436	2426
7310519	2427
7310296	2428
6761002	2429
7980114	2430
6351023	2431
3730299	2432
6350973	2433
3730716	2434
9350161	2435
6350481	2436
3730177	2437
5370564	2438
3730363	2439
9070646	2440
8190564	2441
6350266	2442
6770948	2443
7310580	2444
6760930	2445
7980765	2446
9350296	2447
3680973	2448
6350877	2449
7640857	2450
9791002	2451
6760419	2452
7980601	2453
4330404	2454
7980700	2455
6760829	2456
8190419	2457
4330857	2458
5370161	2459
6760043	2460
9350129	2461
9760481	2462
7530571	2463
3700564	2464
6991002	2465
3250835	2466
6990228	2467
6760872	2468
3730937	2469
3730841	2470
6760961	2471
6760564	2472
4570857	2473
6760430	2474
6760994	2475
4630229	2476
6760723	2477
4330601	2478
6350419	2479
6351002	2480
9790646	2481
3730693	2482
3730864	2483
6760102	2484
8790200	2485
6351007	2486
9070765	2487
6760924	2488
6760229	2489
6760226	2490
6350564	2491
8190296	2492
8790161	2493
8190201	2494
8190785	2495
1030601	2496
3730364	2497
6760207	2498
8790177	2499
8190409	2500
6760236	2501
4910857	2502
6990857	2503
8790891	2504
6660601	2505
9350430	2506
7530483	2507
7530177	2508
7530226	2509
10220942	2510
9790961	2511
7310802	2512
5590601	2513
5590765	2514
9070961	2515
4990404	2516
7770942	2517
5330993	2518
9070114	2519
6760200	2520
10040857	2521
3681002	2522
7080973	2523
4990942	2524
9790993	2525
4990829	2526
1030772	2527
1030518	2528
1030948	2529
1030833	2530
4880857	2531
4990516	2532
1030835	2533
7310129	2534
3730980	2535
7310772	2536
4720877	2537
1030266	2538
1030363	2539
6351021	2540
3730941	2541
6760969	2542
7310533	2543
6760870	2544
6760006	2545
7310226	2546
7310102	2547
7310236	2548
6760859	2549
4630833	2550
3730236	2551
7980177	2552
3730481	2553
10140767	2554
3730897	2555
6760842	2556
7980857	2557
7310767	2558
3730037	2559
5110669	2560
7310207	2561
3730896	2562
8790129	2563
10140864	2564
730897	2565
6760436	2566
1030430	2567
6350964	2568
530004	2569
5110471	2570
4630602	2571
910841	2572
9350364	2573
4990969	2574
5110075	2575
6040296	2576
1920996	2577
520896	2578
9311002	2579
4990964	2580
2750812	2581
7530767	2582
7310638	2583
6771010	2584
8790266	2585
1550496	2586
8601007	2587
9710565	2588
10110969	2589
8710796	2590
300285	2591
300371	2592
3930000	2593
2080924	2594
8790652	2595
4911002	2596
4990948	2597
5230285	2598
10110920	2599
9350176	2600
6900414	2601
5230960	2602
5980770	2603
6760896	2604
3930896	2605
1920754	2606
4990754	2607
6660809	2608
3730285	2609
8710437	2610
3730462	2611
9350338	2612
6900580	2613
6900930	2614
1550037	2615
300836	2616
2750496	2617
10140924	2618
3730857	2619
10140996	2620
6270471	2621
3680471	2622
5590635	2623
1940471	2624
9160652	2625
5110829	2626
5110741	2627
7300652	2628
9900652	2629
5110166	2630
1940635	2631
5730652	2632
5110395	2633
5110501	2634
300527	2635
730923	2636
1550529	2637
2750519	2638
1550930	2639
1550984	2640
10141010	2641
9420466	2642
3730561	2643
2750000	2644
9760930	2645
2750800	2646
2760259	2647
8340414	2648
6660167	2649
6580984	2650
730963	2651
3230738	2652
2760074	2653
3470531	2654
230739	2655
2760679	2656
3730460	2657
8190561	2658
9350738	2659
3930984	2660
6660504	2661
2750961	2662
4020304	2663
3730801	2664
3930527	2665
9830561	2666
8330646	2667
230930	2668
6660245	2669
10140304	2670
230561	2671
6900995	2672
230569	2673
230375	2674
1920561	2675
6580560	2676
3730164	2677
8710304	2678
9710889	2679
300800	2680
8810466	2681
5650767	2682
4020466	2683
2750205	2684
2750969	2685
4020754	2686
6350043	2687
2750561	2688
2750767	2689
10140993	2690
4990888	2691
520364	2692
3730000	2693
8330991	2694
9350441	2695
4990801	2696
9070993	2697
380292	2698
5650741	2699
7980974	2700
6350961	2701
4990687	2702
4990741	2703
10110924	2704
10140973	2705
7310896	2706
7310894	2707
8330930	2708
8710942	2709
7310292	2710
7310747	2711
7310930	2712
3730894	2713
10140741	2714
5230952	2715
10140350	2716
2911023	2717
6770460	2718
1920006	2719
1551002	2720
6350160	2721
1550872	2722
8600580	2723
230292	2724
6660466	2725
6770408	2726
7310602	2727
8790809	2728
7981010	2729
10110809	2730
230923	2731
8330466	2732
8330000	2733
6900496	2734
6760920	2735
4991010	2736
6580466	2737
3730930	2738
1920924	2739
3730527	2740
6660243	2741
1920948	2742
1850466	2743
250425	2744
