2711
null	0
10170857	1
8190913	2
3730961	3
7790859	4
4630928	5
3730646	6
7310292	7
7311010	8
3731002	9
4040200	10
3730228	11
4630200	12
4630518	13
8191023	14
2280857	15
5371010	16
1030969	17
3230857	18
8870424	19
4720857	20
8190894	21
7770857	22
4990812	23
3730071	24
9350653	25
3250857	26
3250937	27
520857	28
9350646	29
910928	30
8190228	31
730646	32
3930519	33
730729	34
9350114	35
3250363	36
7790743	37
5370200	38
9350930	39
5370841	40
3950729	41
8870282	42
9350700	43
8190765	44
4720404	45
3950282	46
7790841	47
3950371	48
8871007	49
4720859	50
8600770	51
9040857	52
7310984	53
7310496	54
8190888	55
6040857	56
3730004	57
3700964	58
8790580	59
8870419	60
7530544	61
8190596	62
5370266	63
4610857	64
7980973	65
4990928	66
9350544	67
7790937	68
4990646	69
4991002	70
730200	71
3950993	72
7790961	73
730404	74
4990772	75
9350864	76
4990519	77
9350419	78
910519	79
8870037	80
4880973	81
1030292	82
5370481	83
5370544	84
5371023	85
5370043	86
5370492	87
250200	88
3950043	89
250930	90
1760973	91
3390580	92
3731023	93
1030200	94
1031002	95
1030282	96
1030043	97
1030518	98
250571	99
3950870	100
10190961	101
1030984	102
1030700	103
1030601	104
1030646	105
1030961	106
250282	107
7791023	108
3391007	109
3390961	110
7310765	111
5370282	112
8190942	113
1030857	114
1450973	115
1030638	116
7310601	117
8190519	118
250071	119
1030841	120
1030320	121
5110370	122
380292	123
1030993	124
9350974	125
8870571	126
1030419	127
1030772	128
8190646	129
4630829	130
5490973	131
1940973	132
7310872	133
8190518	134
5370729	135
5370961	136
381010	137
7940973	138
1030928	139
9350043	140
5110214	141
5110004	142
7310371	143
7310937	144
7310700	145
9350896	146
8870974	147
7310864	148
3730200	149
4630419	150
5370859	151
8790835	152
4330765	153
6041007	154
4720363	155
8870496	156
4630772	157
1030729	158
5370752	159
4630765	160
4630043	161
5370829	162
1031010	163
4720516	164
250741	165
250772	166
3230743	167
2750872	168
730961	169
3700205	170
7530864	171
3230205	172
3230043	173
4720571	174
7531007	175
250424	176
8190571	177
250942	178
9710364	179
3700877	180
520877	181
3700752	182
3700071	183
9710991	184
9710646	185
3470575	186
8710928	187
9710743	188
8870560	189
520741	190
4720205	191
3930166	192
3930836	193
910114	194
3930646	195
910700	196
9040969	197
3470200	198
8710601	199
10110880	200
3930767	201
910371	202
9710601	203
3700928	204
3470752	205
3470894	206
9710765	207
8710729	208
3230575	209
910205	210
9040961	211
910937	212
3700564	213
3700770	214
9710767	215
9710891	216
910687	217
4910961	218
2080770	219
911007	220
4040424	221
9041007	222
3950560	223
4720969	224
7790913	225
8870228	226
7790969	227
4720841	228
5370770	229
4720544	230
9710571	231
3930770	232
9710729	233
9710752	234
4320857	235
5370877	236
7530161	237
7530772	238
8550580	239
2570772	240
2570043	241
3230560	242
910560	243
8710404	244
9710770	245
8710770	246
1030930	247
4631007	248
8550772	249
2570580	250
9040872	251
300006	252
300864	253
300880	254
300422	255
300923	256
9830767	257
8330924	258
8710767	259
3700924	260
9760752	261
8710364	262
3250864	263
9310767	264
6660752	265
9710386	266
6760687	267
6760952	268
6760877	269
5980857	270
6350114	271
7310373	272
6760693	273
7310571	274
7310006	275
7310880	276
2760857	277
8790200	278
3730571	279
7310395	280
230364	281
6660601	282
2760364	283
2760987	284
6990580	285
2760841	286
2760363	287
3250371	288
4570364	289
3250772	290
7790205	291
6350601	292
6760414	293
7310687	294
6760043	295
7310959	296
6770646	297
7310114	298
6350829	299
6760765	300
6760942	301
6350687	302
2760964	303
6760920	304
6350959	305
6760743	306
6760782	307
8710857	308
8710205	309
8710739	310
910829	311
3230969	312
910796	313
3930212	314
520687	315
520071	316
9040812	317
1030829	318
1030430	319
8791007	320
8710772	321
2760754	322
5370754	323
301016	324
5230923	325
6760969	326
6760785	327
6350924	328
6350752	329
5370560	330
8870364	331
4040519	332
8341007	333
5370924	334
6760601	335
3730137	336
7310634	337
6351007	338
9070646	339
6760177	340
6760859	341
6350928	342
6760964	343
9760200	344
8600646	345
5370948	346
8870580	347
2761007	348
8790364	349
2760752	350
230952	351
730364	352
730770	353
9710580	354
8710212	355
9710796	356
9710071	357
730920	358
7310993	359
6350973	360
10110857	361
3700812	362
9710739	363
300560	364
3700864	365
9710888	366
230959	367
2080772	368
9760519	369
5230729	370
3930205	371
5230812	372
3930741	373
8710114	374
910841	375
8710560	376
8600285	377
9710969	378
9710864	379
3700743	380
3700006	381
9710889	382
8710752	383
2760767	384
5650496	385
2760770	386
3930071	387
3700888	388
9710920	389
8790006	390
9710872	391
4020984	392
3930864	393
8710350	394
5230646	395
9350560	396
3700857	397
8190653	398
9710995	399
520960	400
7530880	401
8790741	402
9710453	403
5230959	404
3930796	405
5230304	406
910363	407
9710826	408
9710960	409
9760920	410
3950364	411
8790959	412
4910519	413
7530519	414
910924	415
6900872	416
300969	417
3930653	418
3930739	419
8710987	420
8710969	421
910071	422
8710006	423
3930006	424
5230373	425
300872	426
9710205	427
9710373	428
3700350	429
8550519	430
3250212	431
8710880	432
3230770	433
2760928	434
8790043	435
7790888	436
3700952	437
9710809	438
4720741	439
8710741	440
9710363	441
8790414	442
5230767	443
5230961	444
3230371	445
3230350	446
4911007	447
4720765	448
8710453	449
9830006	450
8710961	451
9670646	452
8190859	453
8190645	454
9710923	455
1550496	456
6760114	457
5231023	458
5230386	459
9710519	460
3730414	461
8190961	462
3390960	463
9710961	464
7790687	465
9710741	466
5830928	467
4630877	468
8190829	469
3730993	470
6760888	471
2760386	472
300386	473
6660350	474
9710212	475
2080752	476
2760580	477
7790752	478
7790894	479
3250496	480
3930880	481
3930422	482
4720364	483
4040601	484
8790729	485
9760129	486
4910200	487
8790519	488
9710829	489
8710864	490
2760741	491
2760877	492
230496	493
7530859	494
5230770	495
2080767	496
3930937	497
9760205	498
7240969	499
3930812	500
300350	501
3700504	502
300653	503
6990519	504
2760564	505
2760404	506
6040519	507
8550857	508
9710894	509
10110952	510
4911002	511
8710496	512
7530350	513
2760961	514
5230809	515
2760516	516
2760765	517
9710350	518
8870414	519
910544	520
8870924	521
3250129	522
4320481	523
4040071	524
9760371	525
3700414	526
3470085	527
730687	528
9711002	529
7790880	530
3250043	531
8550043	532
730114	533
9710371	534
3441023	535
6900504	536
5650350	537
7790924	538
10101023	539
2760687	540
3470531	541
9760980	542
2081023	543
3700580	544
6900519	545
6660754	546
6660371	547
6770408	548
1920924	549
3700772	550
9710285	551
7790371	552
8870043	553
8191010	554
5231007	555
5230872	556
3250414	557
6900560	558
6660741	559
7310952	560
6660373	561
6660772	562
10110770	563
8790544	564
300575	565
9350006	566
3700829	567
9350430	568
6660800	569
6660047	570
6900772	571
8600772	572
10110043	573
7530200	574
300701	575
9830812	576
10110741	577
6760564	578
6350404	579
2760114	580
6760436	581
6350741	582
9350994	583
9760481	584
2750228	585
3230282	586
2750527	587
2750739	588
9350894	589
3230864	590
301002	591
7310948	592
8190176	593
8190896	594
8710176	595
8710259	596
8600920	597
3930228	598
6760767	599
7530580	600
2760371	601
6660995	602
6660000	603
2760796	604
2760772	605
2760896	606
730221	607
7790987	608
9710462	609
9040996	610
8600422	611
3700896	612
300996	613
300739	614
9830796	615
3730357	616
6350920	617
3930043	618
3730700	619
3730282	620
3730006	621
4630404	622
4630964	623
8190897	624
5981023	625
8601023	626
250964	627
3730531	628
6660738	629
6760006	630
3730420	631
4630357	632
3730363	633
8190767	634
8790888	635
3250504	636
8790857	637
7310564	638
5370741	639
8190266	640
3250916	641
9350937	642
5650924	643
730942	644
3930598	645
10110924	646
3700741	647
3930920	648
2750880	649
300496	650
3230960	651
3230809	652
3731007	653
3730872	654
3730741	655
3730350	656
5230205	657
6580984	658
2760889	659
6660504	660
2760646	661
4630833	662
6760896	663
8190419	664
2750857	665
7530371	666
8190937	667
9710924	668
3730765	669
250743	670
250888	671
8710371	672
6900857	673
300796	674
8190864	675
4630888	676
8790652	677
3470652	678
10110006	679
4630114	680
6760646	681
250580	682
8190364	683
10110364	684
8710519	685
3470441	686
8710991	687
5230453	688
230741	689
5230519	690
3470285	691
6900350	692
9711007	693
3230752	694
8710942	695
5370687	696
8190371	697
6760928	698
9350729	699
8190880	700
910857	701
9040974	702
520969	703
4990770	704
10140653	705
8190741	706
8190991	707
230752	708
6660580	709
5230580	710
9710414	711
2760937	712
4320969	713
250969	714
4630913	715
9350880	716
6660960	717
6660282	718
7530226	719
2760960	720
6770404	721
7310942	722
2760923	723
6660809	724
8870772	725
6900646	726
8790809	727
3930752	728
2750767	729
3930496	730
300870	731
3700960	732
3700809	733
9711023	734
9420646	735
300812	736
3470334	737
2080857	738
300924	739
8790496	740
6350371	741
3470857	742
8190770	743
3230872	744
7530414	745
10110767	746
9710782	747
1361023	748
3250560	749
9350669	750
3950960	751
2760743	752
7770765	753
10140560	754
9710857	755
6350177	756
6760916	757
7770942	758
10140006	759
7310969	760
4570857	761
6760430	762
8790812	763
6760560	764
8190739	765
9790973	766
6760872	767
6660633	768
1920948	769
6660687	770
2760176	771
3730888	772
3390888	773
7310045	774
5590857	775
2760673	776
7530422	777
3700575	778
910516	779
6660984	780
3930870	781
6660527	782
3700422	783
3250767	784
8190516	785
5370772	786
8190772	787
3730687	788
3730772	789
4630752	790
8600212	791
6660176	792
8710441	793
6660561	794
6760422	795
8600519	796
3950772	797
8190430	798
7090973	799
3700212	800
3700961	801
3930560	802
2750560	803
5230995	804
4630516	805
5230772	806
10110812	807
9350212	808
3230870	809
9710687	810
8870809	811
3930964	812
3930371	813
7530483	814
10140205	815
2760864	816
230422	817
730801	818
6660880	819
6660948	820
2760228	821
8190422	822
5650812	823
9350176	824
2080043	825
2760894	826
230924	827
6900529	828
3730386	829
5370430	830
5230969	831
8811023	832
7310415	833
9350741	834
3730942	835
3730829	836
4630282	837
8190960	838
4631010	839
8190973	840
6580422	841
3230404	842
7310560	843
7310888	844
3730870	845
3730496	846
3730504	847
3730441	848
5370161	849
3730601	850
7310161	851
5370419	852
3730898	853
8190229	854
8190959	855
6760841	856
8190782	857
5370888	858
3730841	859
6270857	860
7310741	861
7310669	862
10140857	863
9710527	864
2760496	865
3730422	866
3730549	867
4020304	868
6760857	869
5370896	870
6350743	871
230517	872
2760200	873
8190043	874
3730404	875
3730981	876
8190496	877
7310877	878
7310419	879
8330996	880
9310466	881
9350441	882
9350996	883
7310995	884
6760741	885
6900812	886
6660006	887
9710516	888
9350516	889
6760226	890
7310071	891
3930857	892
300952	893
3730924	894
9710085	895
8870006	896
3730693	897
3730266	898
5111011	899
5590601	900
7310731	901
3730580	902
3730770	903
3731010	904
4630741	905
9310872	906
8710995	907
6760071	908
3730371	909
8190872	910
9350228	911
5230575	912
730560	913
8870870	914
3700870	915
730580	916
2750870	917
3230653	918
5650422	919
3230880	920
730894	921
7530920	922
3700987	923
9710963	924
8871002	925
8870481	926
10220857	927
6660729	928
6660453	929
3230373	930
5650560	931
231007	932
6900920	933
3230285	934
8190964	935
3930960	936
7790560	937
2760653	938
2080205	939
9710575	940
9710653	941
3700995	942
9710772	943
7790516	944
9350071	945
5650864	946
9350687	947
1551023	948
6660422	949
9711016	950
9351010	951
230212	952
3730241	953
3730212	954
8190877	955
3730430	956
8190205	957
7310000	958
7310129	959
10140973	960
3730987	961
3730743	962
1030371	963
6350765	964
6760371	965
230000	966
8710580	967
4990422	968
9830996	969
7310870	970
5110350	971
5110633	972
6760752	973
3730877	974
6350414	975
3730285	976
3730114	977
6760516	978
2370973	979
7310986	980
7310422	981
7310282	982
10140996	983
3730928	984
2080872	985
8600969	986
5231002	987
7310859	988
7310363	989
7310436	990
10110872	991
730071	992
6760772	993
9350571	994
9350782	995
8190969	996
8190752	997
730857	998
7310228	999
9350765	1000
730937	1001
10110371	1002
5110205	1003
4990371	1004
4990857	1005
9350964	1006
6660801	1007
2760144	1008
7310602	1009
3730653	1010
6660228	1011
6660646	1012
9350948	1013
9350177	1014
230820	1015
6760266	1016
2760560	1017
2760700	1018
7310632	1019
5650872	1020
4990580	1021
7310924	1022
7310770	1023
4991007	1024
3230796	1025
9350800	1026
6760835	1027
6760700	1028
6350580	1029
6350770	1030
730205	1031
8711023	1032
230870	1033
8190687	1034
4630229	1035
7310928	1036
4330857	1037
5370071	1038
8190424	1039
7310835	1040
7080973	1041
4920973	1042
9071002	1043
7310812	1044
9790993	1045
4990942	1046
10140812	1047
7310214	1048
7310829	1049
3730752	1050
9350888	1051
10140652	1052
4990114	1053
7531023	1054
7790829	1055
8190729	1056
9350913	1057
4910481	1058
8190071	1059
3251023	1060
7530043	1061
3930200	1062
730371	1063
2750969	1064
3930961	1065
3930729	1066
7310961	1067
8720857	1068
7310931	1069
3730229	1070
7310580	1071
6350891	1072
3390743	1073
8191002	1074
5370894	1075
6760829	1076
10140414	1077
3730364	1078
3250877	1079
6660836	1080
3700441	1081
3700166	1082
3471023	1083
9670364	1084
3230888	1085
6660212	1086
10110809	1087
5230200	1088
8710285	1089
301023	1090
5230796	1091
6660414	1092
7790877	1093
9760580	1094
9710006	1095
6991007	1096
7530891	1097
2280580	1098
6040580	1099
4990800	1100
9350752	1101
9710496	1102
910767	1103
6660770	1104
9760960	1105
250519	1106
8710809	1107
8710870	1108
6660221	1109
6900212	1110
3470043	1111
300741	1112
3250006	1113
2750414	1114
9040580	1115
2760414	1116
9830831	1117
9830422	1118
2750166	1119
8870833	1120
2760829	1121
230864	1122
730930	1123
6660996	1124
10140952	1125
5650857	1126
8190993	1127
6660872	1128
10110560	1129
2760870	1130
8810414	1131
5230870	1132
2760205	1133
2760996	1134
8600864	1135
2760350	1136
5230496	1137
9350952	1138
7790571	1139
4630071	1140
9710458	1141
8710996	1142
3230739	1143
2080870	1144
3470980	1145
230770	1146
6761007	1147
9760857	1148
3730561	1149
7790652	1150
10110422	1151
230809	1152
2760872	1153
9041023	1154
5650205	1155
3230984	1156
8790880	1157
9420466	1158
3730920	1159
9710441	1160
9760772	1161
10110646	1162
10110404	1163
6660864	1164
9350836	1165
2760880	1166
2080519	1167
6900864	1168
910741	1169
7530177	1170
6760296	1171
9830466	1172
9350891	1173
9710073	1174
3390752	1175
910496	1176
7310833	1177
2760583	1178
3930896	1179
9350527	1180
300920	1181
8710888	1182
5650414	1183
6350872	1184
3730812	1185
3950897	1186
8600200	1187
8710743	1188
3470743	1189
6350700	1190
6351021	1191
6760669	1192
3730564	1193
230375	1194
230205	1195
10221023	1196
730841	1197
3250580	1198
6760419	1199
8710960	1200
6760363	1201
6350857	1202
6350942	1203
3730481	1204
8190920	1205
730960	1206
9350580	1207
5370292	1208
7310743	1209
8330991	1210
3730458	1211
8190987	1212
8900466	1213
6900414	1214
6901023	1215
4990872	1216
9350338	1217
3730043	1218
7310205	1219
5110045	1220
5110653	1221
5110006	1222
5110924	1223
1940205	1224
5110880	1225
5110864	1226
5110372	1227
5110829	1228
5110196	1229
5110872	1230
5110812	1231
3270652	1232
5110931	1233
5110560	1234
5110371	1235
5110745	1236
5110995	1237
5110731	1238
5110167	1239
1940196	1240
5110000	1241
5110634	1242
5110166	1243
1940652	1244
5110561	1245
5110283	1246
5110266	1247
1940209	1248
5110984	1249
5110571	1250
1940993	1251
5110549	1252
5110601	1253
5110212	1254
5110809	1255
5110700	1256
5110075	1257
6270196	1258
5110471	1259
3680471	1260
1940371	1261
5110652	1262
3270635	1263
5110635	1264
1940471	1265
5110693	1266
7310471	1267
8430652	1268
6270652	1269
5820652	1270
3680652	1271
7310652	1272
8060652	1273
5110765	1274
8060973	1275
5110161	1276
5110747	1277
3730471	1278
5330652	1279
5400652	1280
6270635	1281
8720635	1282
8720652	1283
9070652	1284
5590652	1285
7310809	1286
4990652	1287
7310266	1288
6110652	1289
7310350	1290
7310229	1291
4610652	1292
7310938	1293
6110471	1294
9070471	1295
5110430	1296
7310841	1297
4920652	1298
4990601	1299
7310653	1300
7310960	1301
9790652	1302
7310196	1303
1370652	1304
5730652	1305
7310889	1306
5110501	1307
5110993	1308
7310635	1309
7310752	1310
5110800	1311
7310049	1312
7770652	1313
7310585	1314
9160652	1315
9070282	1316
7310800	1317
7310561	1318
6660560	1319
6350652	1320
10140864	1321
3730994	1322
7310408	1323
6760652	1324
7310430	1325
3730652	1326
8430635	1327
9310930	1328
5590635	1329
7310404	1330
7310916	1331
3730419	1332
3730969	1333
7310729	1334
9070984	1335
9350859	1336
10140471	1337
5590471	1338
3730729	1339
7310212	1340
7310483	1341
10140924	1342
7790812	1343
2761010	1344
7790770	1345
9710802	1346
5230466	1347
2761023	1348
2760178	1349
7790772	1350
8190801	1351
7790857	1352
8190414	1353
2760375	1354
7790741	1355
7790870	1356
2760285	1357
2760043	1358
3700796	1359
8190812	1360
3470987	1361
3230212	1362
4720200	1363
3470796	1364
520752	1365
3700043	1366
7790580	1367
7790739	1368
8710043	1369
2080422	1370
8710504	1371
8710920	1372
3470580	1373
3470782	1374
8600560	1375
9710043	1376
5980466	1377
8190006	1378
3701016	1379
9350561	1380
7790144	1381
2760504	1382
3930414	1383
730741	1384
6660408	1385
3700285	1386
9760924	1387
2080580	1388
3930809	1389
3230924	1390
3230952	1391
8870212	1392
730212	1393
5230833	1394
3470923	1395
8550414	1396
8870460	1397
2760304	1398
8870422	1399
8190560	1400
8190460	1401
2760801	1402
6660043	1403
7790043	1404
230458	1405
2760948	1406
8190820	1407
2760714	1408
4720964	1409
8340580	1410
7530872	1411
9040870	1412
3470560	1413
2760930	1414
730414	1415
910285	1416
3700923	1417
910414	1418
9040144	1419
3250952	1420
910870	1421
7530870	1422
8870987	1423
3250920	1424
730948	1425
730996	1426
730812	1427
520580	1428
910752	1429
2080414	1430
2760422	1431
8790422	1432
8870741	1433
3470422	1434
2760913	1435
9710422	1436
3700701	1437
730880	1438
3470386	1439
4720580	1440
8710646	1441
3250422	1442
8190996	1443
4630004	1444
8190809	1445
9040796	1446
3700519	1447
7090857	1448
8340987	1449
3390964	1450
2080864	1451
730924	1452
730006	1453
2760942	1454
5230801	1455
3230200	1456
3230304	1457
3930285	1458
3230646	1459
3230176	1460
3700996	1461
6660870	1462
2760243	1463
3700527	1464
730870	1465
3230422	1466
730928	1467
3230527	1468
3230228	1469
6660243	1470
3231002	1471
4720282	1472
4720870	1473
4720519	1474
7790964	1475
2760441	1476
2761002	1477
230796	1478
2760000	1479
8711002	1480
4720371	1481
6580872	1482
300729	1483
3700560	1484
9830984	1485
9710701	1486
9710334	1487
8870350	1488
9710996	1489
7530560	1490
3230297	1491
3230996	1492
3230000	1493
9040575	1494
3230414	1495
910812	1496
4720560	1497
5230350	1498
910422	1499
3930800	1500
3700836	1501
3700800	1502
3470996	1503
2080560	1504
3470924	1505
3470872	1506
9040772	1507
9040212	1508
9040043	1509
8870205	1510
9710880	1511
9710928	1512
9710812	1513
4630580	1514
3700739	1515
9040739	1516
3470414	1517
8190504	1518
4630371	1519
3470006	1520
2080960	1521
9710176	1522
9040176	1523
250518	1524
8190952	1525
250894	1526
4630743	1527
6660304	1528
730809	1529
5230560	1530
2760924	1531
9710952	1532
910043	1533
910200	1534
3700304	1535
3470496	1536
9040285	1537
3700880	1538
5230880	1539
8190000	1540
5370930	1541
2760006	1542
8190160	1543
3950930	1544
10011023	1545
2080743	1546
3700920	1547
5370801	1548
6760160	1549
8710801	1550
3470930	1551
9710014	1552
9350743	1553
3931007	1554
3730205	1555
4630969	1556
300304	1557
9710856	1558
300504	1559
9710144	1560
3700144	1561
7790519	1562
3250205	1563
8870144	1564
7790228	1565
3701023	1566
520371	1567
730516	1568
3230812	1569
9040527	1570
3930872	1571
3470205	1572
9350870	1573
8190870	1574
9350602	1575
10140880	1576
3730880	1577
2760167	1578
3470870	1579
2760800	1580
2760519	1581
730519	1582
6660205	1583
730872	1584
8190930	1585
4090973	1586
9350924	1587
4990043	1588
5370371	1589
9350460	1590
5370144	1591
9760930	1592
5370809	1593
6350043	1594
3730857	1595
3730185	1596
10140160	1597
10140350	1598
4720864	1599
3730182	1600
4020466	1601
2910466	1602
6900466	1603
9710603	1604
2080531	1605
5230952	1606
230920	1607
7310182	1608
6350930	1609
2750496	1610
3230504	1611
8870373	1612
9310646	1613
8190785	1614
8870930	1615
9350638	1616
3930350	1617
910833	1618
3700767	1619
9710531	1620
5370964	1621
730363	1622
8190458	1623
2760071	1624
9710598	1625
3930701	1626
5370743	1627
4720942	1628
730043	1629
3931023	1630
730864	1631
730796	1632
9710200	1633
520414	1634
9040923	1635
3230767	1636
730752	1637
730422	1638
3931002	1639
730460	1640
730984	1641
9040987	1642
4300857	1643
3930144	1644
730144	1645
5230527	1646
2750212	1647
2750836	1648
4990160	1649
5230984	1650
5230857	1651
3730809	1652
3730937	1653
7790930	1654
6900037	1655
910930	1656
5230930	1657
730408	1658
3230801	1659
8870952	1660
9710037	1661
7790414	1662
5230739	1663
8710872	1664
7790897	1665
3930996	1666
3930930	1667
730964	1668
730969	1669
5230492	1670
5230037	1671
4040857	1672
8550870	1673
3471002	1674
910228	1675
730228	1676
4720729	1677
4720829	1678
5370580	1679
8870812	1680
730527	1681
6660856	1682
7790518	1683
3950924	1684
2760812	1685
6661023	1686
230560	1687
6660833	1688
8870996	1689
230334	1690
6661002	1691
3930580	1692
2760995	1693
6661007	1694
3230930	1695
3230283	1696
3230006	1697
3230928	1698
730836	1699
6660166	1700
3230580	1701
2760212	1702
5230006	1703
2750800	1704
3700297	1705
8870527	1706
2760338	1707
8600767	1708
5370993	1709
2760047	1710
4720424	1711
3950812	1712
2760809	1713
9350809	1714
3471007	1715
3950205	1716
911023	1717
2750006	1718
730283	1719
910212	1720
910880	1721
8870897	1722
7530205	1723
7790729	1724
730167	1725
730350	1726
9350000	1727
230812	1728
6660961	1729
8710930	1730
9350796	1731
2760897	1732
8600752	1733
9350160	1734
8190285	1735
250371	1736
3390930	1737
3390870	1738
7790833	1739
731023	1740
730504	1741
4990993	1742
4630930	1743
4300580	1744
730739	1745
2750996	1746
730544	1747
2750796	1748
7790948	1749
8340043	1750
730888	1751
5650880	1752
6760580	1753
5370602	1754
4990071	1755
8710964	1756
520519	1757
2750561	1758
230304	1759
230996	1760
8870880	1761
5230371	1762
5230996	1763
5980043	1764
2760991	1765
4040371	1766
5230888	1767
2760460	1768
730653	1769
9710304	1770
3470212	1771
3230144	1772
3230800	1773
2760820	1774
4630243	1775
4720422	1776
231023	1777
3930924	1778
4720414	1779
8710466	1780
3470504	1781
7791002	1782
3250880	1783
731002	1784
2750646	1785
8870266	1786
8870800	1787
8870518	1788
910729	1789
4720961	1790
730561	1791
910996	1792
9040350	1793
910006	1794
8551007	1795
730496	1796
730304	1797
730282	1798
9350304	1799
730700	1800
2751023	1801
730913	1802
8870872	1803
9350373	1804
4630894	1805
3930304	1806
230880	1807
4630960	1808
230666	1809
8330496	1810
9311023	1811
2760952	1812
3470772	1813
730800	1814
2760959	1815
9760071	1816
3230836	1817
230767	1818
230016	1819
2760782	1820
3470809	1821
250752	1822
2760920	1823
3950414	1824
3950880	1825
3470812	1826
4040741	1827
3230995	1828
3470995	1829
4040888	1830
8190350	1831
6660969	1832
8601002	1833
230414	1834
230167	1835
8600414	1836
8710422	1837
3470176	1838
230350	1839
230006	1840
731007	1841
3230166	1842
2760527	1843
9761007	1844
3230987	1845
730767	1846
3230923	1847
3230338	1848
730178	1849
9710896	1850
911002	1851
8711007	1852
520772	1853
910772	1854
3930772	1855
3230772	1856
520964	1857
730754	1858
5230422	1859
5980772	1860
910896	1861
2760833	1862
730738	1863
730652	1864
231002	1865
3950496	1866
9040462	1867
910920	1868
520743	1869
4040043	1870
7790952	1871
730743	1872
2080930	1873
4040752	1874
730896	1875
3231023	1876
3470458	1877
4720924	1878
8600350	1879
4040580	1880
730166	1881
3700496	1882
8870754	1883
3390770	1884
3700282	1885
3390994	1886
4630638	1887
3470880	1888
3250870	1889
250144	1890
250687	1891
4630857	1892
2080952	1893
4630770	1894
250896	1895
250993	1896
4720888	1897
9710297	1898
3390741	1899
9040864	1900
730000	1901
4990948	1902
3930969	1903
730995	1904
910864	1905
3930386	1906
3230544	1907
8870948	1908
910580	1909
3700833	1910
1030994	1911
7790872	1912
2280519	1913
9040833	1914
8190602	1915
3470833	1916
3701002	1917
3470920	1918
9710987	1919
9710964	1920
8710304	1921
4630160	1922
8190466	1923
3730176	1924
4720877	1925
2081007	1926
3930575	1927
3470527	1928
9350422	1929
6580212	1930
3700283	1931
2760739	1932
2760652	1933
3730952	1934
10140872	1935
8190212	1936
3230833	1937
8600964	1938
3730602	1939
3930000	1940
3930283	1941
8870561	1942
300767	1943
8600071	1944
8190561	1945
9710544	1946
9040229	1947
3950144	1948
2760729	1949
2760544	1950
6660519	1951
9710930	1952
7310920	1953
8790504	1954
2760969	1955
7790373	1956
730952	1957
9760872	1958
3470074	1959
7790441	1960
8710812	1961
8710527	1962
8600043	1963
520043	1964
8710414	1965
2080924	1966
9040836	1967
8600580	1968
5980414	1969
7790282	1970
5370422	1971
910364	1972
3470144	1973
3470801	1974
6660812	1975
7980160	1976
5370833	1977
6770160	1978
9350037	1979
9350833	1980
520913	1981
5230228	1982
8710924	1983
8190754	1984
4040772	1985
7790364	1986
2760561	1987
9350872	1988
9710870	1989
2760458	1990
3230561	1991
3700386	1992
3700364	1993
520560	1994
730772	1995
230888	1996
2760406	1997
2081002	1998
8710037	1999
230561	2000
230872	2001
910872	2002
9350144	2003
730453	2004
8870386	2005
2760666	2006
910386	2007
9710754	2008
4720772	2009
6660653	2010
730037	2011
730466	2012
230228	2013
230575	2014
2760373	2015
8710782	2016
230948	2017
230527	2018
3230856	2019
2760466	2020
3730782	2021
2760963	2022
730701	2023
6770638	2024
230995	2025
3730984	2026
230504	2027
730338	2028
230857	2029
230176	2030
730575	2031
3470373	2032
8710754	2033
6660767	2034
2750422	2035
1920812	2036
230047	2037
3730560	2038
230646	2039
3730259	2040
5981002	2041
3930987	2042
730765	2043
1920006	2044
4020872	2045
300414	2046
5230364	2047
8600924	2048
7790350	2049
2760359	2050
4630942	2051
4721002	2052
1030004	2053
1030160	2054
9710833	2055
910144	2056
3470462	2057
730373	2058
7090930	2059
2760738	2060
3930527	2061
7790496	2062
3250987	2063
6660924	2064
6660144	2065
6660761	2066
3730144	2067
230984	2068
2760045	2069
6660952	2070
3930888	2071
230987	2072
8600870	2073
230580	2074
3730964	2075
4021023	2076
4020000	2077
2760462	2078
910739	2079
230144	2080
4040964	2081
9040364	2082
2760596	2083
6771010	2084
5230414	2085
6761002	2086
8331023	2087
230466	2088
3730754	2089
5230920	2090
7790864	2091
9710466	2092
4630364	2093
5230924	2094
4630602	2095
4630870	2096
230928	2097
7790422	2098
2760272	2099
6901002	2100
3470952	2101
8870796	2102
5371002	2103
8600743	2104
9040785	2105
8190995	2106
910969	2107
1550037	2108
3230754	2109
3230466	2110
9350350	2111
6900767	2112
230991	2113
2760085	2114
3730460	2115
3730536	2116
3730767	2117
6770043	2118
230043	2119
9350205	2120
5371007	2121
9350666	2122
230960	2123
8810466	2124
3730373	2125
1920212	2126
6660197	2127
8710575	2128
300212	2129
3230920	2130
730923	2131
5370518	2132
2760408	2133
5370460	2134
730176	2135
8901023	2136
3700930	2137
5980930	2138
8600857	2139
10010857	2140
8600930	2141
9350920	2142
3730673	2143
10140043	2144
8600741	2145
8710952	2146
3730304	2147
230292	2148
6760504	2149
4990801	2150
6660920	2151
6660888	2152
6660743	2153
8330872	2154
5230987	2155
6660666	2156
10110920	2157
6660167	2158
8330560	2159
6660930	2160
5980519	2161
6660160	2162
230071	2163
2760416	2164
10110969	2165
3250350	2166
5230043	2167
3700598	2168
8600205	2169
5980920	2170
9350414	2171
8600496	2172
6900496	2173
5980504	2174
9710897	2175
8600872	2176
730987	2177
5980888	2178
8710653	2179
3930334	2180
3930297	2181
8870304	2182
5980646	2183
8710896	2184
5230743	2185
8710891	2186
5230782	2187
230964	2188
9831023	2189
6900996	2190
8710923	2191
8600504	2192
6760924	2193
5230176	2194
8710085	2195
3730164	2196
9350801	2197
5230071	2198
9310560	2199
8600782	2200
230259	2201
230743	2202
5980872	2203
8710833	2204
1550006	2205
730991	2206
8900767	2207
8810920	2208
5230960	2209
910987	2210
5650212	2211
300205	2212
3730527	2213
4020996	2214
230371	2215
3391002	2216
520205	2217
6660796	2218
9421023	2219
10140212	2220
7310996	2221
230653	2222
5370880	2223
3230701	2224
4990996	2225
4991023	2226
4990765	2227
2750930	2228
7310004	2229
4990930	2230
4990741	2231
6770282	2232
1920857	2233
4990752	2234
6270560	2235
6660496	2236
6770924	2237
10140930	2238
10140767	2239
7310460	2240
10140496	2241
4990880	2242
4990212	2243
6770371	2244
4990924	2245
6770928	2246
8710228	2247
9310504	2248
9710074	2249
4020930	2250
3930441	2251
1550212	2252
6900924	2253
730833	2254
6660501	2255
6660460	2256
730633	2257
9350754	2258
7790386	2259
9350761	2260
9350386	2261
730386	2262
5370386	2263
4990460	2264
5370870	2265
730481	2266
730285	2267
5370424	2268
6660466	2269
3470963	2270
8710963	2271
9350984	2272
10140993	2273
3730894	2274
3930833	2275
8710565	2276
6760880	2277
2750575	2278
4020212	2279
520833	2280
2750653	2281
2750043	2282
4020800	2283
9350408	2284
3930923	2285
8710796	2286
9310422	2287
8810037	2288
6900422	2289
4020504	2290
230673	2291
9760964	2292
8190441	2293
4630896	2294
300527	2295
1600973	2296
9710016	2297
8710437	2298
6900880	2299
5230504	2300
3730991	2301
5230212	2302
5370812	2303
9710565	2304
8710386	2305
6660071	2306
3230496	2307
3730960	2308
8900496	2309
3730268	2310
3230386	2311
1550466	2312
6770741	2313
8870864	2314
6660338	2315
9830496	2316
2750924	2317
8600466	2318
3730519	2319
9760987	2320
3730666	2321
8190923	2322
6660297	2323
9420560	2324
3930743	2325
230569	2326
6660894	2327
5650741	2328
520870	2329
4721023	2330
5370638	2331
6900995	2332
5230338	2333
3700623	2334
8870920	2335
9350166	2336
520729	2337
4040518	2338
3950422	2339
6770460	2340
250870	2341
4750870	2342
3730930	2343
730963	2344
8330466	2345
8330504	2346
5370408	2347
4990984	2348
7980930	2349
4990144	2350
3730820	2351
3730833	2352
4720687	2353
910961	2354
9040701	2355
3930561	2356
7790754	2357
4041007	2358
8190833	2359
8600880	2360
5650043	2361
6770560	2362
6900205	2363
8710516	2364
231010	2365
8190338	2366
6770993	2367
6991002	2368
250961	2369
4990228	2370
4040859	2371
6770984	2372
1030408	2373
7530729	2374
9350959	2375
1030632	2376
7311007	2377
5370364	2378
250729	2379
4630961	2380
250364	2381
4880857	2382
250776	2383
1480973	2384
1030913	2385
1030580	2386
8190564	2387
7980209	2388
7310466	2389
6990729	2390
6770948	2391
7310037	2392
6350870	2393
6760961	2394
8790974	2395
1030363	2396
1030765	2397
6770601	2398
6761023	2399
4330601	2400
9350102	2401
9350564	2402
9350802	2403
1030404	2404
1030877	2405
3730177	2406
7530564	2407
7530767	2408
8190483	2409
1030266	2410
7310177	2411
7310651	2412
3730974	2413
9400973	2414
7310207	2415
7310891	2416
6760481	2417
3730980	2418
6350646	2419
6760228	2420
5370835	2421
6760973	2422
3730716	2423
8190296	2424
9350129	2425
6350419	2426
9350415	2427
6350937	2428
7311021	2429
6350571	2430
6350916	2431
6350266	2432
7310693	2433
7310043	2434
3730296	2435
3680973	2436
7640857	2437
6351023	2438
6350481	2439
3730299	2440
7980601	2441
9350161	2442
6760102	2443
6760229	2444
7980404	2445
7310941	2446
6760891	2447
3730891	2448
7980765	2449
3730941	2450
8190891	2451
530004	2452
8190994	2453
6041002	2454
6661010	2455
6990481	2456
3730785	2457
8790891	2458
7770601	2459
6760994	2460
7980700	2461
3730864	2462
6760930	2463
4571023	2464
6350961	2465
6760519	2466
10111023	2467
7310533	2468
6350877	2469
7310227	2470
7310405	2471
9350296	2472
9790646	2473
3730596	2474
6760723	2475
4990404	2476
6760870	2477
6350129	2478
6990857	2479
5370201	2480
6350564	2481
9350483	2482
6760236	2483
9070857	2484
9671023	2485
5370564	2486
8790177	2487
4910857	2488
7980114	2489
7310185	2490
8790161	2491
9670857	2492
8190201	2493
10220942	2494
9790961	2495
9070829	2496
7310802	2497
9791002	2498
10080857	2499
9070961	2500
9070765	2501
5590765	2502
5110404	2503
10040857	2504
7310516	2505
9070114	2506
9070993	2507
7310596	2508
4990687	2509
1030937	2510
7310492	2511
1030948	2512
380004	2513
3950386	2514
7310386	2515
8190835	2516
6760207	2517
1030114	2518
4330404	2519
4330930	2520
1030571	2521
7310857	2522
730492	2523
7310504	2524
4990700	2525
9350364	2526
8190409	2527
7980974	2528
7310102	2529
6760960	2530
6760974	2531
4960973	2532
2370601	2533
3730959	2534
3730859	2535
3730814	2536
4630571	2537
10140371	2538
6760842	2539
6350560	2540
3730544	2541
6350964	2542
7980177	2543
6760200	2544
7310747	2545
3730236	2546
1030229	2547
7310519	2548
440973	2549
4990363	2550
3250200	2551
4990960	2552
9350201	2553
6760770	2554
8330930	2555
4990870	2556
7980857	2557
8190144	2558
4990969	2559
8330006	2560
5110669	2561
8810496	2562
9830872	2563
6660178	2564
8710687	2565
230373	2566
300364	2567
2080430	2568
9420872	2569
4570646	2570
1550984	2571
6900952	2572
9420809	2573
3930952	2574
5230285	2575
5980770	2576
6581023	2577
6350888	2578
5230891	2579
9350504	2580
5230000	2581
8870564	2582
6350496	2583
8330857	2584
4990304	2585
1850466	2586
3730462	2587
9710272	2588
2080894	2589
1551002	2590
3930623	2591
3730963	2592
6900969	2593
3730896	2594
6270471	2595
8430471	2596
10140920	2597
5110483	2598
5110564	2599
5110741	2600
5110877	2601
5110129	2602
5110395	2603
5110836	2604
5110282	2605
5110646	2606
1940635	2607
2080961	2608
3700075	2609
9310037	2610
3730466	2611
230739	2612
1920560	2613
2750304	2614
6660245	2615
1550872	2616
3931016	2617
910282	2618
3930364	2619
2760259	2620
9350178	2621
8190373	2622
3930984	2623
8190357	2624
1920880	2625
1920561	2626
8710622	2627
5230754	2628
2080285	2629
9710801	2630
2760638	2631
9830561	2632
6580466	2633
10140304	2634
250425	2635
9350241	2636
230923	2637
1920996	2638
230930	2639
2760074	2640
10110414	2641
230285	2642
730509	2643
8600371	2644
3730133	2645
230596	2646
6900930	2647
10141002	2648
2750812	2649
6580560	2650
300856	2651
9710622	2652
2750205	2653
9831002	2654
2750920	2655
2750000	2656
3730801	2657
9350243	2658
3730000	2659
2760602	2660
4990888	2661
10010414	2662
6770930	2663
7310767	2664
5111023	2665
380638	2666
1030835	2667
7310772	2668
6660896	2669
4990743	2670
7310296	2671
6760993	2672
3730516	2673
3730638	2674
4991010	2675
7310754	2676
9340973	2677
9420037	2678
6900043	2679
9420952	2680
300285	2681
230963	2682
520364	2683
8710014	2684
8750928	2685
8710765	2686
3230961	2687
1920796	2688
8190638	2689
3730996	2690
5230406	2691
10140422	2692
8330422	2693
10141010	2694
2911023	2695
1920000	2696
7980043	2697
10110930	2698
2370404	2699
230622	2700
6900809	2701
6660602	2702
8810924	2703
3730370	2704
230412	2705
230074	2706
9420496	2707
1550930	2708
9830930	2709
250241	2710
