2953
null	0
4630424	1
7310646	2
8870544	3
7790200	4
3730993	5
3730200	6
7980973	7
9350006	8
4040266	9
4630282	10
8190363	11
5370961	12
3730729	13
3730228	14
9350864	15
8870424	16
2080857	17
7770601	18
9350653	19
3250857	20
9350404	21
8190993	22
8190937	23
8870518	24
910200	25
3930580	26
730729	27
730404	28
7790841	29
9350833	30
5370841	31
520857	32
7240857	33
9350913	34
8791023	35
8870859	36
3950371	37
8190913	38
7790859	39
8871007	40
8600770	41
9711023	42
7310228	43
7310496	44
6760870	45
8190888	46
8190687	47
520043	48
3731002	49
3700964	50
9710504	51
8790835	52
9350228	53
8190596	54
5370266	55
5370241	56
5111010	57
7311002	58
5370200	59
7311007	60
9351002	61
4720841	62
4991002	63
730200	64
730646	65
7790419	66
4720518	67
730961	68
4610973	69
4990043	70
4990646	71
6661002	72
731007	73
911002	74
4880973	75
1030292	76
1030282	77
5370481	78
5370544	79
8790430	80
7790580	81
5370492	82
250292	83
4630937	84
1031002	85
1030200	86
1030043	87
1480973	88
1030729	89
1030646	90
8190646	91
4630969	92
1030984	93
1030632	94
1030700	95
1031007	96
250043	97
4630829	98
7791023	99
3950043	100
4990857	101
5370282	102
250969	103
1030363	104
381010	105
4630200	106
4631007	107
4630772	108
250424	109
10140601	110
9351023	111
250071	112
9350200	113
3731023	114
4630961	115
1760973	116
7310492	117
5370859	118
5370937	119
1031010	120
1030404	121
5371007	122
5490973	123
1940973	124
7310872	125
7310419	126
1030419	127
9350974	128
8190518	129
8190729	130
4630580	131
1450973	132
7940973	133
7310241	134
4991023	135
7310371	136
7310043	137
7310004	138
7310700	139
4990363	140
3730898	141
8190544	142
7310864	143
9350741	144
1030638	145
7310747	146
3730241	147
8191023	148
3250266	149
520571	150
3250363	151
1360481	152
4630930	153
1030160	154
7310466	155
7310941	156
9350646	157
3951023	158
730829	159
3730544	160
5370645	161
5370993	162
250772	163
3230969	164
2750872	165
3700205	166
3230205	167
731023	168
3230801	169
7531007	170
8790959	171
7241007	172
2281007	173
8190205	174
8190942	175
3930765	176
9710601	177
3700877	178
3250560	179
3700969	180
3930601	181
3930364	182
3700752	183
3700404	184
3700071	185
9710991	186
3470653	187
3470575	188
9710743	189
3700920	190
520741	191
3230812	192
3251007	193
3930516	194
3230809	195
3930166	196
3930836	197
910700	198
910928	199
9760752	200
8710404	201
2760952	202
3470200	203
5230504	204
3930371	205
3930829	206
3930942	207
3930767	208
910371	209
9710800	210
8790969	211
3700996	212
3470752	213
8710729	214
10110961	215
910205	216
910114	217
8790961	218
3700770	219
9710767	220
8710809	221
4910961	222
2080770	223
9711007	224
4720961	225
910841	226
4720969	227
4720544	228
4720580	229
8870632	230
8870580	231
8341007	232
9710571	233
3930752	234
9710729	235
9710752	236
8711007	237
4320857	238
5370877	239
2570772	240
4750772	241
9040772	242
2570043	243
8550043	244
9670969	245
3230560	246
9710770	247
8710770	248
1030857	249
4630386	250
7790043	251
7790729	252
520580	253
3700942	254
3700960	255
300006	256
300864	257
300386	258
300422	259
300923	260
9830767	261
6660888	262
3930519	263
8710767	264
1920872	265
8710987	266
8710371	267
8810952	268
9310767	269
2080729	270
6760952	271
6760877	272
3730571	273
6350571	274
7640857	275
6350114	276
10140741	277
6760266	278
7310571	279
7310964	280
7310765	281
9350765	282
6350942	283
10111023	284
6660601	285
10110364	286
2760580	287
2760987	288
2760888	289
2760841	290
3250371	291
4570364	292
6900386	293
910809	294
7790205	295
8790772	296
7790741	297
3250894	298
8790974	299
7310687	300
7310601	301
6760920	302
6770857	303
3730299	304
7310829	305
7310969	306
7310942	307
7310114	308
6350829	309
6760765	310
6760942	311
6760114	312
2760964	313
6350964	314
6760071	315
6350959	316
6760782	317
5370942	318
6760959	319
9350888	320
9710304	321
910796	322
3930212	323
520687	324
3700888	325
3700282	326
520071	327
9040812	328
250518	329
2760754	330
5230701	331
9350350	332
10140304	333
4020006	334
301016	335
5230923	336
10110857	337
6351023	338
6760404	339
6350924	340
6350496	341
5370964	342
4040519	343
5370924	344
7310533	345
3730601	346
7310634	347
7310560	348
4570857	349
7770177	350
6760973	351
9350205	352
6761007	353
7240580	354
8600646	355
8190481	356
5370984	357
5370228	358
8870228	359
6660687	360
6660364	361
2761007	362
3230519	363
8710364	364
2760364	365
230496	366
730960	367
2080752	368
3250364	369
9710580	370
9710796	371
9710071	372
730071	373
8790888	374
5230114	375
3250835	376
7310404	377
6350350	378
6350973	379
5370829	380
3930560	381
9350212	382
3700812	383
9710739	384
300560	385
300891	386
9710888	387
6990580	388
9760200	389
5230812	390
5230364	391
9710205	392
3930741	393
8710969	394
4910969	395
910560	396
8710560	397
7530812	398
8710923	399
1550006	400
9710864	401
8710205	402
3700743	403
3700006	404
8710995	405
2760767	406
2760770	407
8790519	408
8330350	409
9710920	410
3930864	411
8710350	412
5230646	413
9350560	414
3700857	415
8330646	416
3230770	417
9310560	418
8710765	419
3470386	420
3250350	421
8790741	422
9710453	423
5230959	424
3930796	425
5230304	426
5650304	427
3470519	428
4720071	429
4910519	430
5230519	431
3470969	432
910519	433
3950964	434
6900872	435
3930880	436
3930653	437
3930739	438
9710969	439
5230752	440
300872	441
9710687	442
3700739	443
8550519	444
3700266	445
8710880	446
2760700	447
8710996	448
9760888	449
2760920	450
2760752	451
8790043	452
7790888	453
9710809	454
4720741	455
3470729	456
8710741	457
8340043	458
3230653	459
5230961	460
3230350	461
9830006	462
8710961	463
9670646	464
8190859	465
8190765	466
8190364	467
2760877	468
9710085	469
1550496	470
3230924	471
5230386	472
9710964	473
3730414	474
8190961	475
5230969	476
910880	477
4911007	478
6991007	479
3230114	480
9710961	481
4720859	482
8710453	483
3250961	484
230458	485
7790896	486
3731007	487
6991002	488
7790687	489
9761007	490
8190770	491
6760888	492
7240519	493
8710782	494
2760969	495
300364	496
9710212	497
300496	498
9760071	499
2760960	500
3930937	501
3930870	502
7530560	503
3930422	504
7530880	505
520859	506
250961	507
910364	508
4040364	509
4040601	510
4320961	511
10110453	512
8710414	513
9710519	514
2760741	515
9760864	516
7530859	517
5230770	518
8710601	519
2080767	520
9760205	521
7240969	522
3930812	523
300350	524
9710371	525
3700504	526
300653	527
10110404	528
10110952	529
2760872	530
8710496	531
7790752	532
7530350	533
3700741	534
8790414	535
2760516	536
2760564	537
9760729	538
9710350	539
4040518	540
910414	541
910969	542
8870924	543
910937	544
3250129	545
3700564	546
2570877	547
910729	548
9760371	549
3930923	550
3700414	551
3700285	552
3470924	553
5230596	554
5650741	555
730371	556
730741	557
7790880	558
8870829	559
3250043	560
5230772	561
9710741	562
8710864	563
2080414	564
5650350	565
3230687	566
6900924	567
7790924	568
10101023	569
3470531	570
7790560	571
250729	572
2081023	573
4910857	574
4630765	575
6660414	576
3700580	577
4720516	578
6660772	579
6660924	580
9710928	581
2760687	582
8870948	583
7090973	584
5231007	585
5230872	586
3250414	587
3230167	588
2760205	589
6901023	590
6660952	591
6660373	592
6660836	593
10220942	594
8790857	595
9350371	596
3700864	597
3950560	598
6661007	599
6660800	600
6660047	601
5650872	602
6900037	603
8330996	604
730897	605
7530200	606
230645	607
230364	608
2760930	609
5650857	610
300701	611
300870	612
300920	613
5230739	614
10110741	615
6350961	616
3441023	617
6760564	618
8190285	619
6350741	620
730984	621
2750228	622
2750560	623
3230864	624
5650580	625
9350243	626
8710743	627
5981023	628
8710176	629
8710259	630
8710963	631
8600920	632
8600596	633
7530857	634
9710466	635
6760560	636
230292	637
6660653	638
6660000	639
2760796	640
3470422	641
2760896	642
7790114	643
9040796	644
2750166	645
2750221	646
730221	647
730580	648
8710897	649
7790964	650
9710462	651
9040996	652
3700896	653
300796	654
2370973	655
230739	656
2750580	657
6760645	658
9311023	659
8600782	660
8790729	661
10141010	662
6760857	663
8601023	664
5650519	665
3730531	666
3730114	667
3730896	668
3730496	669
8190820	670
6660767	671
10110043	672
2760114	673
9710896	674
5301023	675
8190560	676
4331010	677
8190420	678
5980888	679
5980646	680
8750928	681
6041007	682
8190829	683
6990200	684
7310161	685
7311010	686
5370741	687
5370043	688
9350891	689
9350645	690
9350266	691
6760928	692
9710802	693
7770942	694
3930221	695
3930961	696
3230282	697
2750836	698
3930089	699
3230920	700
3230796	701
3230857	702
8190741	703
3230453	704
3730371	705
3730350	706
5230205	707
9830812	708
2750961	709
6580984	710
730870	711
2760889	712
9350772	713
3950772	714
2750857	715
3230006	716
3390964	717
9710924	718
9710544	719
8870767	720
4630419	721
3730765	722
3950960	723
8190743	724
250964	725
3390888	726
6990228	727
6660095	728
10110872	729
6900809	730
9710857	731
9350924	732
7530371	733
7530835	734
10220646	735
10110006	736
3250891	737
250942	738
8710888	739
3470441	740
9710074	741
8710991	742
5230453	743
6900591	744
230741	745
5230591	746
5231023	747
6900350	748
3230752	749
8710942	750
6900504	751
9350872	752
9350835	753
9350292	754
9350364	755
910646	756
9350166	757
9760857	758
231007	759
230752	760
6660245	761
9310519	762
9710414	763
8790920	764
10110414	765
2280519	766
3230404	767
3250937	768
9350752	769
4020496	770
6660960	771
230923	772
6770404	773
6660942	774
2760923	775
6660371	776
3470285	777
3930809	778
300880	779
301023	780
3700809	781
3700952	782
9420646	783
300812	784
3470334	785
3730812	786
300924	787
6900560	788
5230888	789
9710006	790
2750809	791
6350371	792
1550386	793
3250920	794
3470857	795
9710963	796
3230923	797
8710752	798
5230743	799
9710782	800
1361023	801
7530043	802
3730981	803
4630877	804
8870419	805
3950205	806
10110812	807
7770765	808
10140560	809
3250496	810
6350519	811
7310880	812
4990700	813
8190739	814
9790973	815
6760872	816
2760894	817
2760743	818
3730888	819
6350006	820
3230894	821
3700422	822
2751023	823
730516	824
3930772	825
6660527	826
8870561	827
8710006	828
5370772	829
3730974	830
4630268	831
4630043	832
9040974	833
8600870	834
2760928	835
730089	836
2080896	837
8600519	838
3701016	839
3230739	840
3930537	841
9760580	842
3250580	843
8190516	844
8190652	845
4630371	846
6660212	847
9310812	848
4720404	849
3950364	850
9710373	851
7310984	852
10140205	853
9350812	854
230560	855
730801	856
6660880	857
7790897	858
5370896	859
5650812	860
9350176	861
2080894	862
2080043	863
8190519	864
5230414	865
8190177	866
8190969	867
8191007	868
4300857	869
8810646	870
7310770	871
8190952	872
3250767	873
7310596	874
3730877	875
9070646	876
9350959	877
3730687	878
3730829	879
8190466	880
8330812	881
3230995	882
7310888	883
10140952	884
7310071	885
3730519	886
3730404	887
3730960	888
9350177	889
3730363	890
7311021	891
6760177	892
8190960	893
8191010	894
6760841	895
5370752	896
3950930	897
6760993	898
6760930	899
7310741	900
4920973	901
7310920	902
3730422	903
3730752	904
3730504	905
3730004	906
7310205	907
6270212	908
7310006	909
230857	910
230517	911
9350743	912
3730296	913
3730864	914
7310227	915
6761023	916
7310483	917
6771010	918
7310877	919
10140496	920
7310995	921
6900812	922
9350516	923
7531023	924
6760226	925
10140177	926
6350920	927
10220857	928
9670857	929
3930598	930
300952	931
9710877	932
10110880	933
8870006	934
6350129	935
3680973	936
7310731	937
3730071	938
3730872	939
3730770	940
3731010	941
4630741	942
4630960	943
4990996	944
9310872	945
6760006	946
6350872	947
4020228	948
2750006	949
5230000	950
3230870	951
2760272	952
9350897	953
2750212	954
730894	955
7530920	956
9710666	957
3390752	958
3700364	959
520282	960
3930544	961
3230373	962
5650560	963
6350646	964
6900453	965
730591	966
5980741	967
3930960	968
9760043	969
2760653	970
9710575	971
9710653	972
3700995	973
9710772	974
5230995	975
6660754	976
6660422	977
6660205	978
9830422	979
2751016	980
9711016	981
6660453	982
2760942	983
3730942	984
8190772	985
8190877	986
5230857	987
3730782	988
6350765	989
6760371	990
230000	991
6660812	992
4990812	993
4990422	994
2750741	995
9350580	996
7310802	997
7310924	998
7310809	999
6350601	1000
6760752	1001
6900857	1002
6760516	1003
3730959	1004
6760700	1005
6760601	1006
7310986	1007
9070857	1008
7310422	1009
3730961	1010
3730646	1011
3730928	1012
2080872	1013
3230743	1014
910516	1015
3930924	1016
4990994	1017
7310282	1018
7310961	1019
7770857	1020
10110371	1021
7310745	1022
6660752	1023
4990993	1024
6270857	1025
9350896	1026
9350782	1027
8190419	1028
9350829	1029
4990580	1030
4610994	1031
7310519	1032
730937	1033
7310898	1034
5110205	1035
4990772	1036
4990829	1037
4990571	1038
6270872	1039
10140580	1040
3730580	1041
9350964	1042
2760200	1043
6760519	1044
5370888	1045
230820	1046
2760801	1047
1030928	1048
4990071	1049
1920996	1050
6660166	1051
6660964	1052
9350880	1053
9350043	1054
8190880	1055
2760765	1056
6660404	1057
4990930	1058
3230371	1059
4990924	1060
6760924	1061
4990942	1062
4990282	1063
3930228	1064
4990984	1065
2750984	1066
3230363	1067
6760835	1068
6350580	1069
6350770	1070
230870	1071
8710466	1072
230963	1073
230071	1074
5370371	1075
7310928	1076
6761002	1077
7310430	1078
7980700	1079
8190371	1080
5370424	1081
5370571	1082
6350937	1083
7310835	1084
7080973	1085
6270973	1086
10140812	1087
9791002	1088
7310896	1089
7310266	1090
7310373	1091
5110864	1092
8330924	1093
5330282	1094
3730282	1095
6760419	1096
4990770	1097
9350729	1098
3230928	1099
10221023	1100
9350571	1101
9350870	1102
7530177	1103
5370560	1104
3930200	1105
3930043	1106
3930833	1107
3930969	1108
4990752	1109
7310729	1110
7310812	1111
6350891	1112
6760481	1113
4630004	1114
250371	1115
8350519	1116
8190870	1117
8190176	1118
5370894	1119
6760829	1120
4990414	1121
9350836	1122
3700166	1123
7530864	1124
6760228	1125
6350564	1126
5370071	1127
5980930	1128
3230880	1129
10110809	1130
1550880	1131
10140880	1132
3700212	1133
2760006	1134
2760880	1135
230285	1136
10110770	1137
5230796	1138
8790809	1139
230952	1140
7790371	1141
4750371	1142
7790894	1143
8190894	1144
6040857	1145
7790877	1146
9710441	1147
10140504	1148
3230701	1149
4990800	1150
9350767	1151
8710285	1152
4910770	1153
8340414	1154
6660221	1155
6900212	1156
520964	1157
10110350	1158
4910481	1159
300741	1160
2750414	1161
3230386	1162
3230221	1163
730633	1164
9040282	1165
2760414	1166
9831023	1167
6660501	1168
8870833	1169
2760829	1170
230864	1171
6660996	1172
6660864	1173
6660350	1174
230872	1175
8190864	1176
10110560	1177
2760519	1178
8810414	1179
5230870	1180
2760996	1181
8600864	1182
3950422	1183
8710516	1184
3700961	1185
9350952	1186
3730564	1187
8190071	1188
9710897	1189
3700870	1190
3470144	1191
2080519	1192
230770	1193
6660633	1194
7790857	1195
8190043	1196
1920880	1197
10110422	1198
230880	1199
230167	1200
9350669	1201
4991007	1202
3230466	1203
9420466	1204
9310466	1205
3730987	1206
3730043	1207
6350743	1208
2760043	1209
230176	1210
2080772	1211
6900864	1212
5230371	1213
910741	1214
3251023	1215
6760296	1216
6760436	1217
10110071	1218
10220404	1219
5230575	1220
4330857	1221
9710073	1222
2080897	1223
9760980	1224
910496	1225
7310471	1226
8190653	1227
6660519	1228
910896	1229
9350687	1230
300770	1231
3930963	1232
3730841	1233
3950897	1234
8190896	1235
8600071	1236
4990969	1237
4990144	1238
6350916	1239
6760669	1240
8190752	1241
9710516	1242
3730743	1243
3250006	1244
8790700	1245
3930205	1246
6760964	1247
10140973	1248
8600796	1249
8751023	1250
6760363	1251
7770877	1252
6351007	1253
2760603	1254
7310841	1255
3270541	1256
8190923	1257
6350687	1258
8190920	1259
6760896	1260
730928	1261
7310752	1262
8330991	1263
8190767	1264
9350414	1265
6900767	1266
1551023	1267
6900414	1268
4990872	1269
3730268	1270
5110006	1271
5110196	1272
3270196	1273
5110167	1274
5110633	1275
5110045	1276
5110350	1277
5110561	1278
5110371	1279
5110800	1280
5110372	1281
5110560	1282
5110872	1283
5110731	1284
5110924	1285
5110747	1286
1940196	1287
5110653	1288
5110000	1289
5110004	1290
8060973	1291
1940371	1292
1940864	1293
5110634	1294
5110995	1295
5110996	1296
5110829	1297
5110075	1298
5110880	1299
7310196	1300
5110812	1301
6270196	1302
5110745	1303
9900973	1304
5110220	1305
5110993	1306
5110765	1307
5110404	1308
7310200	1309
5110370	1310
5110266	1311
5111011	1312
6270880	1313
5110549	1314
3680652	1315
3270652	1316
3730994	1317
7310585	1318
7310652	1319
6270652	1320
5330652	1321
7310960	1322
9070652	1323
7310938	1324
5590652	1325
8430652	1326
5110984	1327
6270635	1328
6110652	1329
5110430	1330
5590635	1331
7310635	1332
7310857	1333
7310937	1334
7310350	1335
4920652	1336
7310564	1337
8720652	1338
7310669	1339
7310214	1340
5110931	1341
7310889	1342
1940209	1343
5110113	1344
5110501	1345
9160652	1346
8060652	1347
5820652	1348
9790652	1349
7310049	1350
4610652	1351
9610652	1352
7310833	1353
7310930	1354
5400652	1355
3270635	1356
10140652	1357
7310653	1358
1940993	1359
6270812	1360
1940652	1361
7880652	1362
4990652	1363
5730652	1364
10140864	1365
7310129	1366
10140196	1367
5110395	1368
7310045	1369
1940205	1370
7310800	1371
8720857	1372
10140857	1373
7770652	1374
7310561	1375
7310931	1376
5110635	1377
6350652	1378
7310229	1379
7310395	1380
3730700	1381
7310916	1382
6760652	1383
3730471	1384
10140404	1385
9350471	1386
7310993	1387
9070984	1388
10140471	1389
9350859	1390
9350996	1391
9070471	1392
5590471	1393
6270471	1394
3730266	1395
3730205	1396
3730419	1397
7310405	1398
3730833	1399
7310693	1400
10140924	1401
2761010	1402
5230466	1403
2760638	1404
7790144	1405
2760375	1406
2760285	1407
2760772	1408
3470772	1409
2760646	1410
7790870	1411
7790913	1412
8870212	1413
9350000	1414
730796	1415
8870043	1416
8190812	1417
8710920	1418
250888	1419
730880	1420
4720373	1421
3230212	1422
3470527	1423
4720496	1424
520266	1425
520752	1426
7790743	1427
7090071	1428
7090857	1429
8190460	1430
3470043	1431
8550580	1432
8710646	1433
8710575	1434
9710812	1435
7530422	1436
8190872	1437
8710504	1438
3470782	1439
3470987	1440
4720043	1441
5980466	1442
8190006	1443
3230176	1444
3930561	1445
7790519	1446
2760178	1447
8190268	1448
3930414	1449
9711002	1450
9760924	1451
4040371	1452
910924	1453
5230809	1454
9710285	1455
7790414	1456
9710561	1457
5230960	1458
300414	1459
9710037	1460
3470923	1461
4040913	1462
6660460	1463
2760460	1464
8870304	1465
300996	1466
8870422	1467
8190527	1468
2760458	1469
8600043	1470
7790422	1471
8190897	1472
7790516	1473
730561	1474
2760714	1475
4720896	1476
4720964	1477
9040580	1478
9040575	1479
2760371	1480
2080864	1481
910285	1482
3700923	1483
520870	1484
910870	1485
3250952	1486
8870996	1487
7790601	1488
7530870	1489
910580	1490
3700575	1491
9710527	1492
3470580	1493
2280580	1494
8190948	1495
730948	1496
9350422	1497
7530729	1498
8790422	1499
3470205	1500
520205	1501
4300580	1502
3930304	1503
520414	1504
2760422	1505
9710701	1506
9710422	1507
2760228	1508
8710580	1509
8190996	1510
8190809	1511
9710880	1512
8710801	1513
7790071	1514
5230350	1515
5230492	1516
730006	1517
8790006	1518
3950870	1519
5230801	1520
6660948	1521
3230422	1522
730996	1523
3230304	1524
4720205	1525
3930285	1526
730212	1527
2760583	1528
6660228	1529
730896	1530
5230212	1531
3230996	1532
8870870	1533
9350460	1534
9350241	1535
6660197	1536
3700386	1537
730228	1538
3700297	1539
3230856	1540
3231023	1541
3231002	1542
3230984	1543
4720282	1544
9710930	1545
7790930	1546
230743	1547
2760504	1548
2760496	1549
230996	1550
8710856	1551
8710519	1552
6580872	1553
3950812	1554
300729	1555
3700924	1556
3230047	1557
910996	1558
9710334	1559
8870350	1560
2080580	1561
9710996	1562
9710297	1563
4720424	1564
7530205	1565
3470006	1566
4720560	1567
3230414	1568
910212	1569
3700283	1570
911007	1571
910350	1572
910422	1573
3930800	1574
300047	1575
3700304	1576
3700836	1577
3700800	1578
3470996	1579
2080560	1580
8340580	1581
3950414	1582
9040212	1583
9710047	1584
4300043	1585
3390580	1586
9040739	1587
3470414	1588
2080960	1589
9710176	1590
9040176	1591
4630894	1592
8710924	1593
730205	1594
730743	1595
9710952	1596
910043	1597
520519	1598
730492	1599
520969	1600
3700987	1601
8550205	1602
9040923	1603
3470176	1604
7790812	1605
5230996	1606
9040285	1607
3700880	1608
5230560	1609
5231002	1610
730560	1611
730504	1612
4630752	1613
8190645	1614
3470569	1615
8870880	1616
910995	1617
8340857	1618
9040462	1619
2080743	1620
3930857	1621
3730772	1622
6760160	1623
2760963	1624
3470930	1625
9710014	1626
8711023	1627
8190441	1628
3930930	1629
3730549	1630
4630638	1631
3730969	1632
4630357	1633
300212	1634
300504	1635
3700928	1636
3700144	1637
9710043	1638
3930350	1639
8870144	1640
9350800	1641
8340897	1642
4750144	1643
10170519	1644
8190282	1645
730812	1646
3230144	1647
3230800	1648
9710144	1649
4720422	1650
9040527	1651
3950144	1652
5370809	1653
2760961	1654
8190144	1655
9350144	1656
6760880	1657
3700519	1658
2760800	1659
7980519	1660
10140872	1661
730350	1662
6660995	1663
6660006	1664
6660872	1665
2760864	1666
5370144	1667
5370460	1668
5371010	1669
5370160	1670
3730364	1671
3730185	1672
10140350	1673
6900880	1674
6900995	1675
3230575	1676
3730006	1677
3730176	1678
730422	1679
4020466	1680
2910466	1681
6900466	1682
10010422	1683
3250422	1684
230920	1685
730178	1686
2750496	1687
3230960	1688
8870205	1689
8870373	1690
3931023	1691
8330496	1692
8191002	1693
9350948	1694
8190930	1695
8870571	1696
3930496	1697
5230800	1698
3700767	1699
730601	1700
2760373	1701
8870796	1702
730364	1703
730964	1704
730414	1705
2750800	1706
3930896	1707
3470870	1708
8190228	1709
5370743	1710
8870812	1711
730770	1712
2750504	1713
3701023	1714
9710364	1715
9350809	1716
730043	1717
3700496	1718
10190043	1719
3931002	1720
8870460	1721
730687	1722
9040987	1723
730144	1724
730872	1725
2760071	1726
2760924	1727
910006	1728
9040144	1729
3730809	1730
5230006	1731
4630071	1732
7980160	1733
6760772	1734
730408	1735
9710754	1736
9350930	1737
8870386	1738
730969	1739
5230037	1740
4300961	1741
3700796	1742
8870995	1743
2760948	1744
4720857	1745
4720371	1746
3700527	1747
2760000	1748
2760408	1749
2750205	1750
3700930	1751
6661023	1752
730809	1753
730739	1754
8870527	1755
4720770	1756
730304	1757
9350995	1758
3230283	1759
3230285	1760
301002	1761
8870836	1762
3230580	1763
2760870	1764
6660741	1765
2760212	1766
5230527	1767
2760561	1768
730363	1769
6580831	1770
2760809	1771
8600767	1772
10110924	1773
2760047	1774
3230646	1775
3470228	1776
730283	1777
9831002	1778
3930743	1779
910739	1780
8870037	1781
3230930	1782
730836	1783
3230872	1784
5370930	1785
5370960	1786
6660561	1787
8710857	1788
8710930	1789
9350796	1790
9760964	1791
8600752	1792
8190160	1793
10140212	1794
4630870	1795
3390930	1796
3390043	1797
5370580	1798
7530414	1799
730386	1800
1920948	1801
730460	1802
730519	1803
5980920	1804
5230580	1805
730752	1806
2750924	1807
730282	1808
6660043	1809
10110580	1810
2750996	1811
6660580	1812
2750796	1813
5650880	1814
6760580	1815
6350422	1816
5370243	1817
5370422	1818
9710987	1819
300371	1820
9350453	1821
8870414	1822
9710833	1823
8710964	1824
3930144	1825
3930623	1826
4020984	1827
3930527	1828
9710856	1829
9710836	1830
300800	1831
1550422	1832
2080880	1833
2761023	1834
3390772	1835
8710959	1836
5980519	1837
7790987	1838
5230928	1839
3700373	1840
3700350	1841
2760560	1842
3470373	1843
9710596	1844
2760304	1845
3470212	1846
4630114	1847
8710144	1848
9710386	1849
2760820	1850
910767	1851
4720414	1852
8711002	1853
2760441	1854
7790228	1855
8871002	1856
520371	1857
3230043	1858
730888	1859
7530580	1860
8870800	1861
6900952	1862
8190292	1863
7790948	1864
8870952	1865
730176	1866
3930996	1867
4720894	1868
9040350	1869
730166	1870
730544	1871
730913	1872
2750880	1873
3230200	1874
2750646	1875
3230544	1876
6660969	1877
730924	1878
3950993	1879
8190638	1880
8870987	1881
730373	1882
3230496	1883
3701002	1884
520560	1885
230666	1886
9710995	1887
8710441	1888
4630888	1889
5230422	1890
3700856	1891
730800	1892
9710960	1893
3230836	1894
3230833	1895
520924	1896
230767	1897
8900767	1898
2760782	1899
3470809	1900
910952	1901
3950880	1902
730952	1903
8710872	1904
520424	1905
3930701	1906
4040741	1907
4720880	1908
2760350	1909
3470074	1910
230414	1911
6900422	1912
230809	1913
2760338	1914
8600414	1915
8600969	1916
2080205	1917
4720987	1918
8710422	1919
2080422	1920
230350	1921
230924	1922
230006	1923
2760991	1924
3230598	1925
3230987	1926
8710043	1927
300739	1928
3230738	1929
6660304	1930
2081002	1931
3471007	1932
3470952	1933
730167	1934
4040752	1935
8870772	1936
3470462	1937
520894	1938
3230754	1939
9041002	1940
8550772	1941
9710923	1942
3390770	1943
3230964	1944
4040071	1945
730297	1946
3470872	1947
3230896	1948
3470496	1949
9760920	1950
910920	1951
2080952	1952
9040995	1953
520743	1954
4040043	1955
520646	1956
8870872	1957
520913	1958
730623	1959
5980580	1960
4300519	1961
3470458	1962
4720924	1963
3230767	1964
3700228	1965
520961	1966
3700623	1967
3931007	1968
3470995	1969
2760527	1970
8710772	1971
3930729	1972
3230948	1973
3470085	1974
4630743	1975
250743	1976
7790809	1977
3470880	1978
250894	1979
3471023	1980
910228	1981
4630857	1982
4750364	1983
3470364	1984
8550870	1985
4630770	1986
4630896	1987
7790496	1988
4631010	1989
8790872	1990
730000	1991
6040580	1992
4990948	1993
910363	1994
8710228	1995
3930872	1996
7790266	1997
1030994	1998
7790872	1999
7790350	2000
250896	2001
7790772	2002
10190519	2003
8190602	2004
8190458	2005
7090930	2006
8190430	2007
9351010	2008
3471002	2009
4720877	2010
3470980	2011
3930575	2012
910857	2013
3700176	2014
3470796	2015
3730920	2016
8190422	2017
6580212	2018
8710653	2019
3700833	2020
8710212	2021
2760739	2022
2760812	2023
2760666	2024
3700441	2025
6900529	2026
3700772	2027
5230529	2028
8190212	2029
8790176	2030
3730673	2031
8190987	2032
5230984	2033
3930000	2034
3230000	2035
3230441	2036
4020831	2037
4630243	2038
730496	2039
3250504	2040
9710200	2041
9040864	2042
8190504	2043
910812	2044
2761002	2045
8870930	2046
2760913	2047
730767	2048
8190373	2049
6660496	2050
730864	2051
8870864	2052
9760872	2053
10170580	2054
8710812	2055
8710527	2056
8600560	2057
7530841	2058
3230888	2059
9040836	2060
5980414	2061
2760544	2062
5370833	2063
730772	2064
730537	2065
9350037	2066
5230228	2067
6900646	2068
8350857	2069
8190350	2070
5230880	2071
8790880	2072
250993	2073
4630964	2074
3230561	2075
4630160	2076
910872	2077
7790364	2078
2080870	2079
2760937	2080
3470833	2081
7790652	2082
2570960	2083
7790373	2084
2760259	2085
730653	2086
3700701	2087
230422	2088
230888	2089
910864	2090
9710406	2091
2760406	2092
4040772	2093
520772	2094
4020182	2095
3230772	2096
910386	2097
8190496	2098
8190453	2099
6660796	2100
730575	2101
230653	2102
730995	2103
2760995	2104
5230930	2105
8710565	2106
231023	2107
230527	2108
230047	2109
2760833	2110
230812	2111
230948	2112
230995	2113
230646	2114
4720772	2115
230504	2116
6660770	2117
8330560	2118
8710085	2119
5650006	2120
9350304	2121
6660406	2122
231002	2123
5230406	2124
730754	2125
230205	2126
2760085	2127
730833	2128
2750047	2129
230304	2130
3470920	2131
300205	2132
1920812	2133
3730767	2134
3730560	2135
6660071	2136
8710870	2137
8190782	2138
1920796	2139
9830996	2140
5981002	2141
730991	2142
730987	2143
4720144	2144
3470560	2145
5230729	2146
8710304	2147
3730653	2148
2760453	2149
9710870	2150
730338	2151
5230754	2152
5230496	2153
8600924	2154
230796	2155
8870809	2156
3230228	2157
6660856	2158
9350373	2159
730765	2160
8600422	2161
230453	2162
2760596	2163
2760045	2164
1030913	2165
9350386	2166
6660809	2167
2760386	2168
2760738	2169
7790441	2170
3730924	2171
3230504	2172
9350527	2173
2760776	2174
5230920	2175
3250987	2176
2760144	2177
6660761	2178
3930888	2179
230987	2180
9350761	2181
8600743	2182
3730596	2183
2760462	2184
230228	2185
730527	2186
8870897	2187
4020000	2188
2760416	2189
2760897	2190
730037	2191
730963	2192
6660144	2193
8190754	2194
8190801	2195
5370602	2196
5370870	2197
8710833	2198
4990212	2199
8331023	2200
730930	2201
8710037	2202
6900182	2203
4720864	2204
5230952	2205
8550414	2206
3470812	2207
730334	2208
4040888	2209
4630602	2210
7530772	2211
3250772	2212
4911002	2213
8710666	2214
7530767	2215
4020996	2216
3930386	2217
910144	2218
1550529	2219
7790386	2220
8340961	2221
3250205	2222
910833	2223
1920560	2224
230371	2225
3930453	2226
10110969	2227
8710544	2228
8710114	2229
230991	2230
6760767	2231
3730536	2232
2760466	2233
6770043	2234
230043	2235
9311002	2236
9350987	2237
8710739	2238
730652	2239
9421023	2240
3230527	2241
2760729	2242
8870920	2243
6660504	2244
1920212	2245
3230297	2246
9830527	2247
730738	2248
5230767	2249
5371002	2250
9350638	2251
9350430	2252
730292	2253
5370638	2254
4720870	2255
8190673	2256
10011023	2257
5980205	2258
10010857	2259
5650920	2260
5980857	2261
8710200	2262
5980422	2263
9350920	2264
8600857	2265
8901023	2266
8600741	2267
8600964	2268
8601002	2269
2080531	2270
8600205	2271
6660920	2272
10110888	2273
6660408	2274
5230987	2275
1920006	2276
6660666	2277
6660894	2278
6660930	2279
6900043	2280
6660743	2281
230960	2282
10010414	2283
230673	2284
5650752	2285
5230924	2286
9710272	2287
8600285	2288
5650767	2289
8190462	2290
6900496	2291
8600880	2292
5980504	2293
730453	2294
5980872	2295
8190414	2296
8600872	2297
8710952	2298
3230071	2299
6900519	2300
9830984	2301
230212	2302
8330000	2303
3930297	2304
2760679	2305
9350504	2306
300297	2307
5230833	2308
9710894	2309
9310646	2310
2080924	2311
6760743	2312
5230176	2313
8710891	2314
8790205	2315
5230782	2316
9310037	2317
3730638	2318
3730964	2319
300969	2320
6900996	2321
5230964	2322
8600930	2323
3700089	2324
6660176	2325
10140920	2326
8600371	2327
5651023	2328
9310996	2329
5650422	2330
5230071	2331
2080285	2332
8600772	2333
9710603	2334
5980969	2335
5650414	2336
300304	2337
9830796	2338
5980770	2339
910772	2340
300519	2341
3700782	2342
8330872	2343
9040229	2344
9350561	2345
4020800	2346
10140996	2347
6660646	2348
2760652	2349
3231016	2350
730701	2351
6660160	2352
4990560	2353
6660729	2354
10140930	2355
9350602	2356
6660243	2357
4990741	2358
6770928	2359
6661010	2360
4990743	2361
6770160	2362
2750812	2363
10140767	2364
10141002	2365
4990880	2366
4990460	2367
10140043	2368
4090973	2369
4990114	2370
9350424	2371
6660167	2372
3700598	2373
9040809	2374
8330857	2375
9310504	2376
9310857	2377
4020930	2378
300809	2379
3730420	2380
1550212	2381
3930282	2382
3250200	2383
6660870	2384
6660283	2385
5370386	2386
4990870	2387
6660961	2388
3470963	2389
3930441	2390
9350458	2391
3730458	2392
10140422	2393
6830831	2394
2750422	2395
2750575	2396
910987	2397
4020212	2398
300856	2399
9830800	2400
8710282	2401
3930952	2402
3930283	2403
8190561	2404
9310422	2405
6660297	2406
6760770	2407
4020504	2408
6900304	2409
5650924	2410
3470652	2411
8600923	2412
9710565	2413
6900920	2414
8190991	2415
8600350	2416
6900831	2417
2081007	2418
1550646	2419
4020872	2420
300527	2421
8190357	2422
9710016	2423
3730357	2424
3730991	2425
10140561	2426
300575	2427
5650969	2428
6770924	2429
8810920	2430
1030004	2431
3230782	2432
9420952	2433
6900984	2434
3730870	2435
3730602	2436
6901002	2437
6581023	2438
3930504	2439
7790282	2440
8811023	2441
9350338	2442
9830228	2443
8600580	2444
3230338	2445
9710889	2446
8190796	2447
9710598	2448
4020304	2449
9830496	2450
1920924	2451
3930995	2452
3230961	2453
8600466	2454
3730741	2455
1030371	2456
250870	2457
3930987	2458
9310880	2459
4990519	2460
6660833	2461
2751007	2462
2911023	2463
9420422	2464
4721002	2465
7310460	2466
5370687	2467
5370812	2468
3391002	2469
911023	2470
4750652	2471
7791002	2472
9040652	2473
9350178	2474
9830466	2475
3700334	2476
3700653	2477
5370880	2478
5370518	2479
7790739	2480
3730460	2481
3930037	2482
5230338	2483
910961	2484
4021002	2485
230580	2486
9350754	2487
1920000	2488
6770282	2489
6770460	2490
6660466	2491
8330466	2492
5370801	2493
10140466	2494
4990350	2495
4040964	2496
1550466	2497
6660338	2498
6660896	2499
1920561	2500
2750043	2501
7310948	2502
8340987	2503
3950496	2504
3230991	2505
5370754	2506
6760504	2507
910527	2508
9710801	2509
8710602	2510
2750561	2511
4040870	2512
910504	2513
6900800	2514
3930782	2515
230561	2516
230259	2517
730466	2518
250741	2519
9040701	2520
4990964	2521
2760673	2522
521023	2523
9350801	2524
8600504	2525
5980043	2526
9760772	2527
9710531	2528
6900205	2529
3730984	2530
6900796	2531
9760987	2532
3730373	2533
8710596	2534
10140160	2535
9830831	2536
5230043	2537
231010	2538
1030408	2539
6770646	2540
5370974	2541
6770984	2542
8190229	2543
7310182	2544
6770292	2545
3950994	2546
5370419	2547
1030772	2548
1030969	2549
1030961	2550
7310602	2551
7310037	2552
1030841	2553
9350419	2554
9350102	2555
4990960	2556
250364	2557
250776	2558
6770930	2559
1030580	2560
1030266	2561
1030370	2562
8190409	2563
1030948	2564
4630994	2565
6990729	2566
9350201	2567
7771023	2568
6760961	2569
4040516	2570
6350404	2571
1030829	2572
7310891	2573
3730891	2574
6760646	2575
8790652	2576
3730980	2577
4330601	2578
9350802	2579
7980857	2580
7310959	2581
1030114	2582
7310651	2583
9710826	2584
4570646	2585
7980601	2586
7310177	2587
6770601	2588
7980765	2589
9350129	2590
1030571	2591
7310436	2592
3730386	2593
3730229	2594
9350161	2595
6350870	2596
6350419	2597
6350857	2598
3730137	2599
5370161	2600
6760430	2601
5370835	2602
5370201	2603
5370564	2604
6350266	2605
6760842	2606
4990601	2607
6760693	2608
6350877	2609
6350043	2610
7310580	2611
9350296	2612
6350700	2613
10140006	2614
3730693	2615
6760229	2616
9350415	2617
6350177	2618
6350560	2619
4040687	2620
6270006	2621
6580466	2622
7530483	2623
6990481	2624
8870564	2625
9350564	2626
8190835	2627
6760422	2628
6760102	2629
6760994	2630
4571023	2631
6350928	2632
8190296	2633
9790646	2634
6270560	2635
6760483	2636
6760069	2637
6990857	2638
8190564	2639
3730430	2640
4330765	2641
6760916	2642
8190201	2643
6760785	2644
8790177	2645
3250785	2646
8790891	2647
5370430	2648
7530226	2649
3250916	2650
9350483	2651
7530236	2652
8790161	2653
3250161	2654
9070282	2655
9790961	2656
9070829	2657
10080857	2658
9070961	2659
4990687	2660
7310859	2661
10140371	2662
10040857	2663
7310516	2664
9790993	2665
10220200	2666
6760200	2667
4990371	2668
8620857	2669
9670200	2670
6760414	2671
10110200	2672
10140519	2673
9790282	2674
5330993	2675
7310386	2676
5110877	2677
850973	2678
1030937	2679
1030518	2680
4630833	2681
5110166	2682
6760741	2683
1030601	2684
4330404	2685
1030877	2686
7310415	2687
8190483	2688
4990841	2689
8190916	2690
10110829	2691
7310102	2692
6760236	2693
3730405	2694
3730859	2695
6350430	2696
6350752	2697
10110767	2698
3730894	2699
6760891	2700
3730785	2701
7310207	2702
4630571	2703
9400973	2704
5110564	2705
380004	2706
5110282	2707
6760859	2708
7310952	2709
3730880	2710
3730937	2711
7980404	2712
7980177	2713
3730236	2714
3730716	2715
10110765	2716
6760969	2717
8790129	2718
4990888	2719
2280282	2720
7980994	2721
7770419	2722
4990466	2723
6351021	2724
8190693	2725
1030835	2726
3731001	2727
250144	2728
3230516	2729
7980974	2730
2750969	2731
7310870	2732
5110214	2733
7310243	2734
3250870	2735
8810496	2736
9670364	2737
6760043	2738
9830872	2739
2750350	2740
6660386	2741
5650212	2742
3250212	2743
5230373	2744
8710960	2745
8790504	2746
1550984	2747
8710796	2748
8710984	2749
8330006	2750
1550492	2751
300767	2752
7310743	2753
3730814	2754
10110601	2755
7310420	2756
230964	2757
6350888	2758
8710980	2759
3300973	2760
8900496	2761
2750920	2762
7310292	2763
8710297	2764
5110809	2765
8710437	2766
3730462	2767
8710896	2768
4021023	2769
3230334	2770
4990228	2771
9040833	2772
6900580	2773
3931016	2774
5650205	2775
1550037	2776
6350414	2777
3730441	2778
300836	2779
300285	2780
6760960	2781
7310996	2782
5110471	2783
3680471	2784
7310767	2785
9830930	2786
6270399	2787
1370652	2788
5110741	2789
5110230	2790
5110652	2791
5110483	2792
5110419	2793
5110212	2794
5110669	2795
5110129	2796
5110571	2797
5110700	2798
5111023	2799
5110836	2800
5110363	2801
5110646	2802
1940471	2803
8190243	2804
8190304	2805
6660801	2806
8600496	2807
3930075	2808
3700075	2809
6660738	2810
6660178	2811
5230891	2812
3730212	2813
1551002	2814
2760176	2815
2750000	2816
8190000	2817
3230460	2818
9760930	2819
3730182	2820
9040364	2821
910282	2822
2750527	2823
2080930	2824
2750304	2825
9710458	2826
2760074	2827
3230963	2828
2760243	2829
730923	2830
3730996	2831
4720364	2832
3930984	2833
3930334	2834
2760959	2835
9350466	2836
6351002	2837
730509	2838
2750519	2839
9830561	2840
1550872	2841
6770948	2842
730285	2843
8900466	2844
230375	2845
8710754	2846
5650466	2847
2750870	2848
8190995	2849
1600973	2850
5650496	2851
9420872	2852
2750653	2853
4990729	2854
2750930	2855
6580560	2856
10140653	2857
5230047	2858
3730963	2859
3600973	2860
8600212	2861
9710622	2862
9710602	2863
6900602	2864
5650646	2865
5650743	2866
4990304	2867
5650043	2868
6350930	2869
3730304	2870
5230441	2871
9350441	2872
10110920	2873
6660591	2874
250241	2875
380638	2876
4990765	2877
9070993	2878
1920857	2879
7310296	2880
7980114	2881
7980580	2882
5590857	2883
10110687	2884
4990516	2885
4990809	2886
9760481	2887
9340973	2888
10140414	2889
7980043	2890
5110601	2891
230596	2892
5650371	2893
5230200	2894
6900969	2895
230016	2896
8330422	2897
520364	2898
8710014	2899
8810466	2900
10140809	2901
6900930	2902
6770741	2903
2760602	2904
3730952	2905
3730527	2906
230930	2907
9421002	2908
3730466	2909
1760645	2910
9420560	2911
10140000	2912
230569	2913
5230602	2914
6580000	2915
8330504	2916
3930373	2917
6900870	2918
8810924	2919
6660602	2920
1920422	2921
5230285	2922
1550930	2923
6660638	2924
7981010	2925
9830920	2926
4991010	2927
8601007	2928
3730370	2929
2370601	2930
2750767	2931
8710687	2932
8330930	2933
9420496	2934
9310006	2935
9420809	2936
3700537	2937
2750466	2938
9420037	2939
7980930	2940
3730259	2941
3730516	2942
6760602	2943
2750739	2944
230622	2945
1850466	2946
230074	2947
2750386	2948
6580422	2949
6770638	2950
9310930	2951
250425	2952
