209
null
null
5370200 1031010 4880973 4880973 1030638 1030638 1030292 4880973 7980973 5370841 7980973 1030282 1030282 5370200 4880973 7980973 5370200 5370200 8190519 1030638 1030638 4880973 1031010 4880973 4880973 4880973 1030282 8870544 8871007 9350646 1030292 1030638 4880973 4880973 4880973 4880973 4880973 4880973 4880973 4880973 1030282 5370200 5370200 5370200 7310765 5370200 7310765 5370200 5370841 5370200 5370200 4880973 4880973 4880973 4880973 4880973 4880973 1030282 1030282 1030282 1030292 1030292 4880973 1030282 3731002 7980973 4880973 4880973 5370841 4630200 8190913 3730200 1030292 1031010 1760973 1030282 4880973 3731002 8871007 8190043 1760973 4630200 4880973 1030282 4880973 1030292 1030292 4880973 1030282
4880973 4880973 4880973 4880973 4880973 4880973 4880973 4880973 4880973 4880973 4880973 4880973 4880973 4880973 7310646 1030282 7980973 3731002 7980973 7310646 7980973 5370200 8190942 9350646 4630200 5370841 1760973 7310646 5370200 7980973 1760973 1760973 1031010 1031010 1030292 1030282 5370200 1031010 1030292 4880973 4880973 1030282 7980973 5370200 4880973 7980973 1030282 7310564 7310646 7980973 7980973 1760973 7310564 2370973 4880973 4880973 1030282 7980973 5370200 1760973 7980973 1030282 5370200 5370200 8870544 8190829 9350646 7980973 8190969 8190752 9350404 8190937 8190765 8190646 4880973 9350404 7310404 9350404 7310765 9350404 7310765 4880973 7980973 4720857 8870424 1030282 3731002 4880973 5370200 7980973 7310765 7980973 7980973 8190829 9350765 2370973 3470200 4630200 5370200 4880973 4880973 4880973 4880973 4880973 4880973 4880973 4880973 1030282 4880973 1030292 1030282 1760973 1760973 1760973 1760973 7310646 4880973 9350646 4630200
4630200 4630200 7980973 3950043 4880973 4880973 4880973 8870544 7790857 7310564 8190519 1760973 1030292 9350765 1030282 1031010 8870544 4630200 1031010 1760973 3950043 9350646 1760973 1030292 1031010 2370973
null
9710205 3700205 2760580 3250857 730928 3731002
2760752 8190765 8190770 5370841 2760741 7790200 3470519 3470043 3470043 9710969 3470752 3700770 3470752 9710770 9710969 9710969 9710770 9710770 9710205 9710770
8190743 8190937 6760404 3730404 4880973 4880973 8870043 1760973 1760973 6760601 7980973 3731002 4880973 4630200 8190937 9710864 8190519 9710414 6760404 8790857 4720857 4720857 7530857 9350741 730071
7790841 9710864 8190363 7310404 8190829 8790857 7980973 8190071 8190363 8870544 8870544 8870544 3950371 8190519 9350741 7980973 8790857 8190942 3730404 5231023 9350741 8190937 6990200 8190363 8190363 8190765 9350646 1030282 1760973 3731002 8870544 3250857 8190877 9350646 8190741 9350646 8190363 8190969 8190765 8190646 7980973 3731002 8190942
3470519 3700205 9710920 9710969 3700969 9710071 9710920 9710519 3950043 1760973 4630200 4630200 1031010 4630200 4630200 3731002 1031010 1030282 1030292 1031010 1031010 1031010 1030282 1031010 1031010 1031010 1760973 4630200 4630200 1760973 4630200 8871007 4720857
7530857 8190937 3950043 3731002 1760973 1760973 4630200 7980973 4630200 7790200 7980973
9711023 9710071 8190071 8190888 3950371 9710071
8190743 6990200 2760743 8190765 8190765 8790857 8190969 8190969 8190888 3250857 8190519 2760071 7790888
7790841 7790071 7090973 7090973 9710857 8190765 9710580 8790857 3470969 2760071 9710770 5370877 8190743
9710752 9710414 3250857 8790857 8190752 7090973 9710770 7790743 3950964 9710414 4630200 9710920 9710414 9710864 9710752
7530857 7530857 7310404 7980973 7310765 3731002 2370973 7530857 8190942 7980973 7980973 8190765 3950964 8870544 2760071 8190877 6990200 6990200 6990200 9350404 1031010 4630200 1030282 1030292 7980973 1030282 1030638 1030292 1030292 1030292 4880973 1030638 1760973 8190646 8190937 8190519 5231023 3950043 2760752 9710864 3730004
2760888 2760743 3470200 7790857 4880973 3950964 7790857 3950043 1030638 7790888 730741 7790371 2760888 7790743 2760743 2760071 7790071 5370043 3470043 3950964 7790200 730043 7980973 7310564 7790964 2760770 8190877 3730004 1760973 7980973 1760973 1760973 8190363 8190770 8190829 4630200 4630200 1760973 7980973 7980973 1760973 3731002 1760973 3731002 7980973 7980973 7980973 7310646 7310646 1760973 3731023 7980973 4880973 4880973 1030282 1030282 7980973 1030282 1030282 8870544 4630200 4630200 4630200 3731002 3731002
5370841 8190888 8190743 9710770 8871007 7790913 8190765 730519 730371 7790200 7790371 8870580 9040580 2760928 2760741 7790913 7790841 3950964 4630200 9710580
3700770 7790752 7790752 7790200 9350741 8870424 8871007 3730241 9710071 9710071 8871007 7790841 3950964 3470205
730969 1031010 1030292 7790913 2760043 7790841 9710920 3470580 1760973 8190877 5370841 7790580 8871007 3730004 8190969
5370043 9711023 9710857 2760580 2760888 3250857 9710857 3250857 9350404 9710920 8190363 3730404 8190363 9710770 8190363 8190741
8190770 1760973 1760973 4720857 8190519 8190743 2370973 3730404 4720857 6760404 6760857 9710071 3950964 730741 2760741 9710371
8190743 3470969 7790894 9710205 9710414 9710752 9710414 9710969 3700770 7090973 8190741 3700205
7310652 6270652 7310652 6270652 6270652 7310652 7310471 6270652 7310471 7310652 7310652 7310652 7310652 7310652 7310471 7310652 7310471 7310471 7310471 7310471 7310471 7310652 7310652 7310652 7310652 7310471 7310471 7310652 7310652 7310652 7310471 7310652 7310471 7310652 7310471 7310471 7310471 6270652 7310652 7310471 7310471 7310471 7310471 7310471 7310471 7310471 7310471 7310652 7310471 7310471 7310652 7310471 7310652 6270652 6270652 7310471 6270652 7310471 6270652 7310471 7310471 7310471 7310652 6270652 7310471 7310471 6270652 6270652 7310471 6270652 6270652 7310652 7310652 7310652
7310652 7310652
6270652 7310652 7310652 7310652 7310652 6270652 7310652 6270652 7310652 6270652 6270652 6270652 6270652 6270652 7310652 7310652 6270652 7310652 7310652 7310652 6270652 6270652 6270652 6270652 6270652 6270652 7310652 7310652 7310652 7310652 7310652 7310652 7310652 7310652 7310652 7310652 7310652 7310652 7310652 7310652 6270652 6270652 6270652 7310652 6270652 6270652 6270652 6270652 7310652 7310652 7310652 7310652 6270652 6270652 6270652 6270652 7310652 6270652 7310652 7310652 6270652 6270652 7310652 6270652 7310652 6270652 6270652 7310652 6270652 7310652 6270652 7310652 7310652 7310404 6270652 6270652 6270652 6270652 3730200 7310652 7310652 7310652 7310652 7310652 7310404 7310652 7310404 7310652 7310652 6270652 6270652 6270652 6270652 6270652 6270652 6270652 6270652 7310652 6270652 7310652 7310404 7310404 7310652 7310652 7310652 7310652 7310652 7310652 7310652 7310652 7310652 7310652 7310601 7310404 7310404 7310404 7310601 7310652 7310765 7310601 7310765 7310652 7310652 7310652 7310652 7310652 7310765 7310652 7310404 7310652 7310404 7310652 7310765 7310652 7310652 7310652 7310652 7310652 7310652 7310404
7310601 7310601 7310765 6760857 7310404 7310765 7310765 7310765 7310765 7310652 7310652 7310652 7310765 7310601 6270652 7310652 7310765 7310652 7310652 7310652 7310652 7310652 7310652 7310652 7310652 7310652 6270652 7310652 6270652 7310404 3730601 7310765 7310652 6270652 7310765 7310652 7310652 7310765 6270652 6270652 6270652 6270652 7310652 6270652 7310652 6270652 7310652 7310652 7310601 7310652 7310765 7310652 6270652 7310765 6270652 7310404 6270652 6270652 7310601 6270652 6270652 6270652 6270652 6270652 7310601 7310652 7310652 7310652 7310652 7310652 7310652 7310652 7310652 7310652 7310652 7310652 7310652 7310652 7310652 7310652 7310652 6270652 6270652 6270652 7310652 7310652 7310652 7310652 7310652 7310652 7310652 7310652 6270652 7310652 7310652 7310652 7310652 7310652
3700580 730560 8711023 3700969 3700519 8190752 2760752 8190071 3730004 9350580 730580 9710969 8190752 730743 2760964 7790964 8190071 7790888 9350646 9350741 8190741 9350646 2760043 730560 2760928 1760973 3730200 3730004 730519 9350741 2760928 2760770 9350741 730969 9710519 2760741 8870580 9350580 9350580 9350646 9350580 9350580 730743 2760888 730580 9350580 5231023 2760580 3700519 9350741 9350580 9350580 2760928 9350580 9350580 730580 2760964 9350580 7530857 9350580 9350580 730071 9710580 730770 9350741 9710864 2760924 3700580 5231023 9710920 3470969 3470200 3470752 730743 3470200 9710205 5231023 8190371 7530857 3470200 9350741 9710519 9710371 2760371 730071 9710519 3470200 3700519 2760770
7790743 8190741 3470200 7790964 8190741 8190752 8190371 8190371 7790371 8190741 8190371 3470580 7790743 730580 8870580 7790894 7790964 8870043 3470969 3470205 7790857 2760964 8190519 3470752 7790071 9710969 9710969 9710071 9710969 3470205 3700770 8870580 730646 730560 3470580 9040580 8870580 8870580 2760071 3470043 3470043 9710920 2760964 7790894 9040580 3700205 7790841 7790894 7790743 7790071 1760973 7790857
3470043 9710580 9710422 9710752 7790071 2760888 7790964 3470200 9710770 9710580 3700969 3470969 9710071 3700205 9350404 9710205 8190071 3950964 9710752 3470752 9710071 9710071 3470752 3470752 8711023 7090973 7090973 9710580 7090973 7090973 7090973 3700205 730580 3470580 3730646 9710857 9710205 9710969 3700969
730741 4720857 7790888 2760043 7790580 7790752 9710205 7790371 3950371 3470200 7980973 1760973 8190969 9710580 5370043 8870580 7790743 2760071 8870043 730519 7790200 2760888 7790371 730646 730646 8871007 730969 730969 730646 9350404 730969 8870544 730371 8870544 8870544 8870772 8870772 730519 730519 8870544 7790913 730969 730880 5370043 3470580 2760043 7790743 9710580 7790743 7790371 7790371 7790913 7790841 7790964 7790894 9040580 8871007 7790371 7790894 7790913 730560 9710580 7790894 7090973 7790888 7790741 3470969 3700969 730371 8871007 730580 3950964 9710580 9040580 9710422 3470043 7790964 7790743 3470857 9710006
7790371 8190371 2760964 2760752 3250857 2760770 8711023 9710414 8870424 7790752 7790580 8870580 8871007 8870424 3700580 730880 730519 730519 730928 730928 730560 8871007 9350646 730928 730646 730880 730743 730870 730928 730928 730071 730928 730969 730969 3700969 3470969 910928 3700969 3731002 7980973 8190741 7980973 7980973 5231023 730770 2760741 730560 8711023 9710422 730371 730560 730646 730519 730371 730371 8870424 2760580 7790200 2760741 9350580 8870580 730519 730580 730519 8190519 730560 7790200 730880 730969 730880 8190969 730560 7790200 7790888 9710864 5231023 8870544 730646 730743 9710770 9710414 9710752 8190770 8190942 8190942 8190752 8190765 8190770 730741 730371 9350580 730880 7790200 730646 8871007 8870424 730969 730646 9350646 8870580 7790200 2760741 8190969 2760741 8190741 9350741 3950371 8190969 730519 730560 7790200 730969 7790580 730969 730646 2760928 8870580 2760043 9710864 8190560 9711023 8871007 9710422 730560
7790580 7790913 3471023 2760888 7790913 7790913 7790913 2760071 2760071 7980973 2760043 7790200 7790519 7790519 7790841 7790913 7790200 7790743 7530857 8190743 7980973 9350404 730741 2760888 8190765 2760580 7310646 2760928 7980973 3730241 8190969 2760741 7790200 910928 9350580 7980973 7980973 2760580 7790752 9710920 3470752 3471023 2760888 730580 9350580 730071 2760371 9710422 730969 730560 730743 8190969 9350043 8870043 7790200 3470200 730371 2760770 2760888 3731002 730743 3731002 8190969 9350646 1760973 8190043 8190913 3950043 3731002 730969 3731002 3470969 3950371 730969 730969 730969 730580 730043 7980973 730969 910928
3950043 7790741 7790580 7790580 3700519 3700519 3700969 910928 910928 910928 7090973 7790857 7790913 9710864 9711023 3470414 3700205 9711023 8711023 3470200 9710864 2760888 2760743 3470519 5370043 7790894 7790857 7790894 7790913 3731002 2760964 7790964 7790894 9350043 2760752 2760770 2760770 2760043 7790071 2760928 2760964 2760071 2760743 7980973 2760071 3470200 730371 2760371 8190071 8190071 2760580 2760580 2760928 2760928 730560 2760888 2760043 2760964 2760371 2760043 2760043 2760043 2760043 7980973 2760743 2760580 2760888 2760580 2760043 2760924 2760964 3950371 9040580 7790894 3730241 8190071 3950043 7790964 8870043 8870043 8190043 3730241 3730241 2760752 2760770 8190752 9710864 7790741 9710864 7980973 9350043 3700770 8190770 9710752 2760752 2760580 2760770 2760752 2760752 3470200 3470200 3731002 7980973 8190770 8711023 9710920 8190770 2760888 2760964 2760752 8190770 7530857 9350741 8190969 8190969
730880 7790752 7790371 3470580 7790071 7790071 2760071 7790071 2760964 9710580 7790964 9710864 8870580 2760888 3950371 9710857 3470857 730880 2760043 7790580 7790741 7790580 2760043 9710580 730870 730870 730371 8870580 8870580 8870424 7790741 2760741 730770 730560 730043 2760924 9040580 7790071 9710422 3470580 9710580 3470857 3470857 7090973 3470857 8190752 2760580 3470580 7790580 3950043 9710580 2760043 7790743 9710006 8711023 3470200 8190765 9350741 9350741 9350741 9350580 8870544 8870043 7790857 8870043 5370841 7790857 8190913 8190829 7790857 8870043 7790857 7790371 8870424 7790913 7790841 7790741 3471023 7790371 8870544 7790743 3471023 7790913 7790913 3950964 7090973 7090973 1760973 7790519 2760371 730741 2760371 2760924 730741 7790371 7790857 7790857 8870544 9710864 2760043 7790371 7090973 2760371 2760371 9710371 2760371 2760371 2760371 2760371 4720857 7090973 3730004 8190752 8190043 7790857 730928 730043 730043 730580 730043 7790894 8870424 9350580 9350580 9350580 7790857 7790371 730580 8870580 8870580 910928
9350043 9350580 5231023 730770 9710857 5231023 9350580 8190071 2760371 9711023 3470043 730743 2760580 7790964 7790752 7790894 7790743 7790913 2760743 7790743 7790752 7790888 3730004 8190043 7090973 7090973 7090973 7090973 9710752 9710414 7980973 9710857 8190743 4720857 7790071 7790071 2760770 2760770 8711023 9710741 2760770 3730646 3731002 9710371 2760964 9710006 7980973 7980973 730770 8190770 9710580 9710864 7790071 9710371 9350043 9350043 9710864 3730004 1760973 2760752 2760964 8190888 7980973 7310646 3731002 7980973 2760964 3700205 9711023 9350580 8871007 9040580 7790371 9710371 3731002 3700205
9350043 7790580 5370043 9710857 3470857 2760741 7980973 1760973 1760973 7980973 7310646 2760924 2760752 2760770 2760071 2760071 8711023 3470043 7790071 730043 8870043 730043 730043 8870043 8870043 7790580 8870043 7790580 7790580 7790580 7790580 7790580 3950043 730043 8870043 8870580 7790580 7790580 7790580 730043 3470205 8870043 730969 8870580 8870043 3470969 3470043 7790371 7790580 8870043 7790580 3470043 9040580 730371 730043 730646 730043 730043 730043 730043 8870043 8870043 8870043 7790580 9040580 7790580 7790580 7790580 7790580 7790580 7790580 3950043 3950043 730043 730043 730560 730043 730043 8870043 730043 8870043 3950043 8870043 8870580 8870043 8870043 7790841 3950043 8870043 8870043 7790580 7790580 7790580 3700205 730043 730560 730560 730371 730560 730560 8870043 8870043 8870043 3950043 8870772 8870772 8870772 8870772 8870772 8870772 3470969
730580 4720857 4720857 8190646 8190071 8190770 8190888 9710770 3470752 9710770 8190888 8190888 730580 8870580 2760770 3470519 3470752 8190071 3470200 7090973 7090973 7090973 7090973 8190765 730646 9710741 9040580 9710071 9350580 8871007 3470857 8190770 3470857 3470857 8190043 7790857 730770 730519 2760043 7790743 3730004 8190371 7790580 2760043 7790857 8711023 9710770 7790894 8190969 9710864 7790857 730928 730519 730870 3470857 9710770 9710752 3950964 3950964 3950964 3730241 730880 730560 730928 730646
3700969 730560 7790857 8190743 3950964 9711023 8870580 3470200 8190071 8711023 9711023 2760888 3470580 2760743 2760964 8870580 8711023 9710414 9710920 3470519 8190071 3470519 8190770 8190770 9710414 9350580 730928 730743 730519 730519 730371 730519 8870043 2760371 7790857 8190560 8870580 8190942 3470200 8870772 9710969 7790857 7790857 7790580 9710414 7790580 7790857 7790580 8870043 7790913 7790071 3731002 8870424 3470043 3470043 3470414 3470969 730371 8870043 2760964 730646 730646 730646 730646 730646 730870 730043 8870043 730043 730969 7790913 3470519 7790964 3471023 2760888 7790888 7790913 910928 910928 3700969 3700969 8190770 8190752 8190741 7090973 7090973 730371 8190913 8190560 3700205 3470752 8190969 7790857 7790857 3470580 7790913
7090973 730928 730741 730741 2760924 730560 9710422 730560 9040580 9040580 7790519 7790964 7790580 9710741 2760741 730770 3730004 3730004 1760973 3730004 3730004 730870 730870 8870772 8870772 8870772 9711023 7790894 7790964
3700969 3700969 8871007 9710741 9710752 3700770 3700969 3700969 3730646 9710770 9710741 9710741 3950371 3470969 3700969 9710422 9710205 3470969 3950371 8190071 9710741 3470205 2760580 3470200 9040580 730043 730043 730043 9710920 2760924 2760371 8190646 7790071 8870580 7790752 3470752 9710770 730580 730580 730580 730580 8871007 3470580 3700580 730580 3700580 8871007 9040580 8190560 7090973 7090973 7090973 7090973 7090973 9710741 9710741 7790371 2760371 7790371 2760741 2760371 2760752 7790580 2760964 2760964 7790913 7790913 3470043 2760964 2760752 3470205 9040580 3950371 7790841 8870424 9710205 8871007 9710371
9710580 9710741 730880 2760043 2760580 2760924 3470752 7790752 8870043 2760043 2760043 9710519 730560 9710752 8870043 7790913 3470043 7790913 3700580 9710422 3700770 9710071 7790743 8870580 3470580 2760580 7790371 4720857 3950371 3470205 3950371 8190770 9710580 9710969 3700205 9710006 9710414 730519 730580 730043 730928 2760888 7790894 2760043 7790200 7790857 7790857 9710864 9710864 730770 7790894 730071 8870580 730969 8870544 730580 8870580 3470205 7790071 3470857 7790752 2760752 3470519 730743 7790894 9710422 9710580 3470580 9710580 7790580 7790857 9710414 9711023 8870580 730870
8870043 7790857 7790743 2760752 2760964 2760752 730741 2760371 3470205 9040580 7790371 7790741 3470043 7790752 8870043 7790857 7790894 2760071 9710580 9710422 8870580 730043 8870043 2760580 3700580 3470205 8870772 8870043 8870772 8870043 2760043 8870043 7790200 9710741 8190371 9710422 8870544 4720857 730371 730741 9710371 3470969 9710864 7790371 3470200 8870544 9040580 7790743 8870424 2760752 730646 8870544 3470200 8870424 8870580 8870580 8870580 8870580 8870424 8870424 9040580 9711023 9711023 9040580 7790913 3470519 8870580 7790741 7790371 3950371 3470200 3470519 3470519 3470200 9711023 7790888 7790857 7790913 3950371 7790743 7790519 7790200 7790964 7790857 730770 2760770 7980973 2760580 2760580 2760741 2760928 2760741 8190741 8190752 8190770 9710770 7790371 9710580 9710580 3700580 2760371 8870043 730770 9350580 730770 2760928 9350741 2760752 2760752 2760928 730743 730928 8711023 9350741 8711023 8190752 730770 2760741 2760741 730741 9350741 3470200 8190770 9350646 8190043 8190519 8190519 8190043 8190752 3470200 8190752 8190752 3470857 8190519 8871007
3731010 7090973 3470969 9710205 7790752 3470752 9040580 8190888 9710920 9710580 3470580 8870580 3731010 3731010 3731010 3700770 3470580 7790580 7790580 7790580 7790580 3470969 4630200 4630200 7090973 3470580 7790743 4630200 5370043 9350580 3470752 3470580 3470752 3700770 9710752 9710857 9710752 8711023 9710770 9710752 9710752 9710770 3470969 9710920 9710920 9710920
3731010 7790580 4720857 3950371 3730646 7790913 4630200 4630200 4630200 4720857 4720857 730969 3470200 3700580 910928 3731002 4880973 7980973 7980973 730580 730580 730043 730043 730043 8870043 8870043 3731002 3731002 8870043 8870580 8870580 730928 730580 8870580 730580 9350580 8870580 8870580 8870580 8870580 8870580 730646 730560 8870580 8870772 8871007 730770 730880 7790371 7790200 9350580 7310765 3700580 8870043 8870043 8870043 4630200 8870580 7790580 1760973 3730004 3730004 6760857 5370043 2760888 7790964 4880973 7980973 9710371 8190743 8190888 3950043 5370200 4630200 1030638 4880973 7980973 7980973 7980973 7980973 3731002 7090973 5370200 5370043 5370043 730969 1030638 4880973 7980973 1760973 7980973 7790857 7790857 8190913
7790894 7790857 7090973 4630200 1760973 4880973 7980973 1760973 9350741 9350043 7790580 7790857 3950043 7790857 7790857 7790741 730560 7980973 7980973 7980973 7980973 8190519 8870580 8870580 8870580 8871007 4720857 3730004 1030638 7980973 7980973 7980973 8190560 7790580 3700580 3470205 3470857 7090973 3731002 7790857 3470580 8870772 3731002 8190969 7790580 7790857 8870580 8190888 5231023 7790371 8870580 7790580 7790580 8190646 7980973 3470857 1760973 7980973
4720857 4720857 3950964 7790857 9350580 730743 8870580 8870580 3731002 3730646 7790964 7790888 7790894 4630200 4630200 8711023 730580 8870580 8870580 8870580 1760973 8190646 7790580 7790857 7790857 7790857 7790200 7790857 7790743 8190519 8190752 8190888 7790857 3470857 3470857 9710006 7790964 1760973 5370200 9350580 9040580 7790857 7790857 3730519 8190519 8190519 1760973 730580 2760580 8870580 7790580 3470200 5370043 730928 730880 9350580 9350580 2760043 2760043 2760580 2760580 2760580 730646 2760580 7790964 3730004 2760888 2760964 2760743 2760888 2760580 2760888 2760964 3470200 3470200 3950371 8871007 7790071 9710857 9710864 3470857 9710371 9710864 7790580 2760371 7790857 3730519 5370043 2760580 5370043 7790964 3950964 730580 4720857 4720857 4720857
730928 730928 8870424 8871007 8870772 8870544 8870544 730969 730928 730969 730969 8190969 730969 730969 730969 730969 730969 730928 730743 730071 7980973 7980973 9350741 9350765 730928 910928 730646 730969 7980973 9350580 730969 730928 9350580 730928 730880 3700580 8870424 730646 9350741 7980973 7980973 9350646 8870772 7980973 7980973 8190969 8870772 8190969 2760743 2760964 3731002 3731023 3731002 7980973 7980973 8190969 7980973 2760741 7790913 7790913 7790913 3471023 7790071 7790894 7790743 7790964 7790743 7790894 7790964 8870544 7790857 8870424 8190560
3470200 9711023 2760371 4720857 9040580 8870424 2760741 730870 3700519 8870580 8870580 730519 8871007 730646 7790200 730870 8871007 9710857 9350580 8870043 730928 730969 9350580 8870772 7790580 9350580 9350741 9350580 8190043 9350580 730969 730043 730969 730969 730969 8870580 9350043 7790200 8870580 9350043 5370043 730071 730371 7790371 9710414 9710414 730969 8870772 730371 730741 8870772 8870772 730741 730928 730741 730928 730646 730646 8870772 730928 7790580 8870580 7790580 8870772 3700969 730743 5370043 7790857 7790857 7790741 730371 730770 730371 730743 730741 730743 7790071 7790913 7790743 7790743 3470519 7790741 3700519 730071 9350741 730043 730969 9350580 730969 8870772 3950371 730519 730519 730519 730519 730519 730743 730071 9350580 730519 730519 730743 730743 730969 730969 7790752
3700969 9710857 3470752 3471023 8190969 8190942 3700969 8190560 8190969 8190969 3470857 3470857 8190646 3730004 3730004 4630200 3730004 8190371 7090973 7980973 9710857 8190752 8190752 3470857 8190371 3250857 3470200 7790857 9350741 9350741 8190071 8190888 8871007 9350043 8190888 8190071 730071 8190913 8190752 8190770 8190071 9711023 8711023 8190071 9350646 8870580 8190071 8711023 8190752 8190752 8190942 8190371 9350741 8190770 8190770 8190743 8190969 8190071 8190752 3730004 8190770 9710371 9711023 730741 3470857 4720857 7790857 2760924 7790371 7790580 8190371 730928 730928 730928 3700205 730519 730646 730519 730519 7790519 2760043 730043 730770 9040580 3700580 7790857 3470580 9040580 730770 730741 730519 730741 9710864 3700519 730741 2760580 2760580 2760371 2760371 7790894 3470519 3470519 9710371 9710864 3470519 2760743 2760071 2760770 730928 730371 4720857 9710770 7790071 9710519 8870043 730646
7090973 7090973 3470857 7790580 7790371 9710580 3470580 7790580 7090973 7090973 7090973 8870043 2760043 8190043 7790857 3950371 3950371 8190770 7790913 3470414 2760043 7790741 3470580 3700969 910928 8870043 7090973 7090973 7790857 910928 8190043 3730004 3950043 7790071 8870580 3700580 9710205 7790580 7790519 8870772 7790857 8190371 3470205 3700205 3700205 7790580 8870043 7090973 9710006 9710580 3700969 8870580 9040580 7790741 7790519 3470519 3470519 3470519 9710371 3700205 3700205 8870043 3700969 3470043 9710864 9710864 3471023 3950964 3700580 3700580 3470580 9040580 2760924 7090973 8190741 3470414 9040580 8190646 3470857 9710580 9710580 8870580 9710519 3700580 7090973 7090973 7090973 7090973 8190752
730371 8871007 3470200 2760770 7790200 3470580 7790371 7790888 2760741 2760752 3470519 3470414 3700519 730969 3700205 3470752 3470580 3950964 5231023 3470969 9710414 7790071 4880973 4880973 1030292 730741 7790741 730560 730743 8870580 7790071 7790964 7790743 7790894 7790743 7790580 7790200 7790200 7790200 7790200 7790857 7790200 7790580 2760580 2760580 2760580 2760043 7790580 7790580 2760580 7790519 7790580 7790580 7790894 2760770 3470519 1760973 1760973 1760973 3730004 2760770 2760888 9710519 9711023 9710969 2760043 2760770 3470043 9710414 7790894 3470200 2760964 2760924 5231023 2760924 2760071 7790743 2760928 3470043 9710371 3470205 2760888 730560 9710519 2760752 9710969 3470969 3470200 7790841 7790580 7790580 7790841 7790580 7790200 7790200 7790580 7790580 7790200 7790519 7790200 2760580 7790519 7790371 7790913 9710006 9710422 7790071 7790580 7790752 7790752 3470200 2760752 2760071 8190519 9711023 3470200 2760752 7790519 7790743 7790519 7790580
3470969 8190371 3470857 3731023 3730004 4630200 7090973 9710741 9710741 9710205 9710770 9710071 3730004 3730004 2760743 730371 9710770 9710371 9710006 9710422 9710205 3730004 8190741 9710857 9710205 9710205 3700969 1760973 3731023 1760973 9350043 2760964 2760743 8190752 3950043 3950043 9710969 9710422 9710414 3470414 3470414 7790071 2760043 2760580 7790371 7790964 3730004 3731023 2760741 3470200 2760741 3700969 3700969 8190969 4630200 2760580 7790888 7790752 9710752 3470043 3700969 8870772 3731010 8190752 2760580 2760888 8190888 8190519 3471023 8190743 2760928 3731010 9710071 9710422 9710371 9710969 9710371 9710371 9710422 3730004 7790071 9710414 9040580 3730519 8190560 8190071 3470857 8190519 2760752 7790071 2760888 2760752 2760770 3470752 3470414 3470205 3470752 9710205 9710741 3470752 3730004 3700580 3700580 3470580 9710770 3470752 3470519 1760973 8190888 8190071 7790857 3470969 9710371 2760888 9710857 8190071 9710770 8870043
730646 2760770 3470200 730743 8871007 8870043 730646 8870043 2760928 8190371 8190043 3950043 2760964 2760924 730043 9710371 7790071 9040580 8870580 9040580 8870580 9040580 8870580 9040580 2760371 8870043 8190371 7090973 7090973 7790913 3950043 2760752 2760752 8870544 730870 730870 730870 9350580 2760924 2760743 7790741 7790743 730371 730043 730371 9710864 2760924 2760741 2760371 8190743 8190969 7790741 8190942 8190741 8190043 730043 7790371 3470414 2760371 5231023 2760924 3950964 2760741 8711023 8190888 7790743 3471023 7790857 7790857 8190043 2760770 8190743 8190752 8190043 3730004 3730004 8190888 8190043 9710741 7790752 3730004 1760973 9350580 6760857 3730004 8190743 1760973 9350580 8870580 8870580 8870580 2760043 2760928 2760924 7790857 8870580 8870580 8870580 8870580 8870580 8870580 8870580 8870424 2760752 730870 9350580 9710864 9350741 8190770 9711023 9350043 730743 730560 2760580 9350741 8190752 2760741 8190560 2760964 2760928 8190743 8870580 2760071 7790752 2760071 8870544 8190765 730580 730580
9710006 730371 8190371 7090973 7090973 9710519 2760071 730371 8190741 8190752 8190888 9710371 3470752 8190646 3730004 3470519 8870772 9710422 7790752 3470043 8190043 7090973 7090973 3700205 3700205 3731023 8190741 3470205 730880 9710414 3470414 7790071 2760964 1760973 3730519 1030638 7980973 2760580 2760888 2760964 7090973 7090973 8190752 3470580 3470857 3700205 9710519 1760973 1030638 1760973 5370043 5370043 3470752 2760924 2760964 2760964 730071 2760043 2760043 7790519 2760964 2760743 7790071 9711023 9710422
9710752 7790580 3700969 7790964 3731023 2760888 2760964 3730004 7090973 1760973 3700969 9710205 8190752 5231023 9710857 1031010 1760973 730371 9710371 9710205 3470857 7980973 7980973 3730004 3730004 3730004 9710422 1031010 2760743 7790894 3470519 7790964 1760973 3730646 730770 9710371 7790371 7790743 1760973 8190371 8190371 3950964 730770 730741 8190888 3470200 3470205 7790371 9710857 2760888 2760741 7790741 7790741 7790371 2760964 7790071
3700519 9710205 730519 730880 2760741 8190560 9710414 3470205 9710371 9711023 7790888 2760743 4630200 7090973 8190560 3950371 2760964 2760964 7790743 730043 730770 3470043 8190560 7790752 730371 730043 9710969 9710006 3950371 9710770 8871007 9710519 3731002 3731023 9710864 7790743 7790071 7790071 7790071 730646 730741 8871007 8871007 3731010 3700969 3700519 4720857 8190560 2760580 9710422 9710519 7790913 5370043 7790519 7790519 7790580 3700580 8711023 8190913 7790857 7790857 730969 730969 8870043 8870424 730043 730928 730043 7980973 5370043 730870 7980973
730743 7980973 730969 9710969 730969 3470200 8190371 7530857 8190888 9710857 9350580 3250857 9710969 1030638 9350741 4720857 8870580 9350741 9350741 9350580 9350580 730743 7310646 2760071 730071 9710864 9710422 2760741 8190741 9710864 7530857 8190741 9710969 9711023 9710770 2760743 2760924 9350765 9350580 730969 730870 5231023 8790857 8711023 8190770 8711023 3470200 9710770 730519 730770 8711023 730770 2760071 730519
3470857 3470205 9710205 9710422 730560 3700205 9710071 9710006 8190888 8190743 9710920 9710519 9710864 8190371 8190043 2760580 2760741 2760371 8870043 9710752 3730004 3730004 4720857 9710969 7790741 8711023 7090973 9710969 3470043 730741 730741 2760964 2760752 8190743 2760770 7790894 730880 3250857 3730646 2760580 9710580 9710770 3470857 8190969 8190888 8190969 3700969 8190913 8870580 9710580 3470752 3470580 3950964 3700969 3700969 2370973 3950964 9710580 9040580 3730004 9710752 8870043 3730004 8190752 7090973 3700969 8190363 7530857 3730519 3730646 8190519 8190913 7090973 7090973 8190913
7790857 7790200 3470519 9710920 2760371 7790071 730560 730743 2760770 2760924 3730200 9710864 3730200 3730829 8190770 1760973 2760964 2760964 2760743 3470519 9710519 9710071 7790071 8870544 3950371 8870043 2760888 7980973 3730004 3730004 7090973 7530857 9710414 2760770 2760770 2760770 9710519 2760888 2760741 2760770 730071 9710071 9710414 8711023 3470752 7790743 7790913 7790888 3470043 8190942 9350580 9350580 3470580 8870580 9040580 9710752 9710969 9710371 3470969 8190560 8190519 8190888 7790371
7790200 9040580 2760043 9040580 5370841 5370043 7790913 8870772 730928 8870043 8870580 8870424 3470969 8870424 8870043 3700519 9350580 8190937 9350043 8870580 3470969 8870043 8870043 8870580 8190519 8870424 7790913 7790200 2760043 9350580 8870424 9350043 8870043 8870043 8870043 910928 3700519 730880 730880 9710969 730870 9350580 9710752 3700770 9710752 3470519 2760770 2760928 2760043 9710864 2760043 730870 2760741 2760752 2760770 9710752 2760752 3470752 2760580 2760770 9350741 9350741 9350741 2760741 2760741 9350741 9350741 2760924 2760371 730969 7980973 730870 9350580 2760043 8870580 7790580 730880 2760580 730880 730969 730371 9350043 2760741 2760741 2760371
7790964 3730004 3730004 7980973 9710864 9710422 7790913 2760371 9710071 9710920 7790964 3950371 2760924 2760743 8190071 9350043 730071 730071 730071 730519 730928 730071 8870580 8870544 730928 730071 8870580 730071 730371 730371 8870043 8870424 3700519 730519 3250857 9350580 2760928 730071 9350043 8870424 730519 8870043 730646 7790888 8870580 8870544 9350646 9350043 8871007 730928 8870424 730928 730519 730880 730071 2760928 730071 9350043 7980973 730043 2760580 730371 5370043 730969 9350580 730928 730646 730870 730519 730371 2760752 2760043 730519 730580 730870 730371 730741 730043 730043 730071 8870424 730743 730870 730770 730646 730741 730646 2760371 2760741 8190752 730519 9710770 2760741 9710422 8190741 8190741 8190371 8190371 2760071 7790741 9710580 7790964 9710920 9710920 9710071 8190071 8190969 730743 730646 730519 730741 730741 8711023 8190888 3470752 3470752
730741 730741 8190043 9710071 9710371 3950043 8870580 730580 9710864 8870772 9710414 730741 9350741 7790743 9710371 730770 730743 730743 2760743 7790580 9710071 8190770 9710920 9040580 8870580 8190741 8190743 8190743 3700969 3700969 8190071 7090973 8711023 2760964 2760924 7090973 7090973 7090973 7090973 7090973 3730004 3730004 8190071
7090973 3470414 3470752 3470969 9710969 8190043 9710857 3470857 9710741 9710414 9710414 9710752 3470752 9710071 8711023 8190071 9710770 8711023 3471023 3470969 9710071 9710071 8190770 8190770 3470857 9710770 8190741 9710071 9710920 9710920 3731002 3470043 7790741 7790894 9711023 2760964 9710770 9710519 9710006 9710422 3730004 3471023 9710770 3470857 3470857 9710006 9710006 9710071 9710920 9710770 3470969 3470414 3470414 9710770 9710770 8190071 3470752 9710857 3470752 3470580 9710920 5231023 9710006 9350741 8190071 8190071 3950371 8190913 9710422 8190741 3950043 8190770 8190741 9350580 3470580 3470580 8190969 9710770
7790857 8870043 3700580 9350580 8190043 8870043 7790857 7790857 7790857 5231023 9711023 9350043 730770 730770 8870580 8871007 730770 730371 730741 5231023 8870580 730371 730741 730770 730741 5231023 9710969 8711023 9350741 730743 8190371 730741 730928 730646 9350646 5231023 730743 2760928 9350741 730580 8190371 730741 3470969 2760071 9710857 9350043 730928 9710371 9350580 9711023 730880 3470857 9350741 8190071 8190969 8190913 9350741 730743 9710864 9350741 3250857 7790200 3730004 7980973 7310646 7980973 8190969 9350646 9350741 7980973 3730241 9350741 7310646 9350043 730371 8190371 3731002 730519 9350741 8190741 5231023 9350741 8190043 7790857 730741 730371 8190770 3730829 7980973 3731002 8190043 7980973 730770 9710422 730880 3731002 3731002 9350741 9350580
7790894 8190741 7790371 8870043 3730601 3730241 3731023 3731023 3730200 3731023 2760964 730969 7980973 3730200 9710857 3250857 8190765 7790743 7790857 7790857 3250857 8190877 8190888 3470580 8190942 9350043 8870043 2760043 7790841 8870043 7980973 730743 2760964 2760964 2760888 3731002 730770 730969 8870772 730371 730560 8870580 3700580 3730004 3470519 7980973 9710422 8870043 3730519 3470519 7790371 8711023 9710580 7790580 7790743 8190942 7980973 4880973 3730646 3730004 8190752 8870580 8870580 7790580 8870580 9040580 8870580 3700580 7790580 8190519 7310646 7790857 7790964 8190043 9710857 9710857 8711023 6760404 3470043 3470043 7790743 7790913 7790913 7790857 7790857 7790580 7790200
7980973 1760973 9710857 8190741 7980973 1031010 9710752 8190043 9710414 8190519 9350741 3470580 8190770 8190743 8190371 8190888 3700205 9710752 3700205 3950371 3950371 3950371 8190913 9710519 8190519 3730004 8190888 8190877 8190770 8190519 9710071 2760743 9710920 7790752 8190969 9710071 9710414 6760857 3731010 2760741 8190942 3950371 7790894 8190743 3731023 8190071 7090973 7090973 8190071 7790964 3470043 7790964 9350580 8190888 9710071 3950371 3470200 8190888 5231023 2760071 7790964 5231023 9710414 2760752 5231023 2760964 7790888 3730004 3730004 7790857 8190913 7790741 3730241 8190770 8190743 8190071 7790743 8190371 3730004 3731010 3730004 8190741 2760371 2760371 8190913 2760371 9350580 4720857 8190743 6760857 2760964 3731010 3730004 3730004 8190043 7790743 7790741 3950371 7790913
9710857 1760973 3730004 1760973 3470857 8190741 8190043 2760964 7980973 3730004 3731002 2760043 9350043 3730004 3730004 3730004 9710422 2760580 9710519 7790580 3730241 3730646 9710969 730741 7790200 730743 3470580 1760973 1760973 1760973 3730004 7090973 7090973 8190646 7790519 7790519 7790857 3950043 7790857 7790200 7790857 7790857 7790857 7790200 3950043 3730765 730519 3731002 730770 2760924 3730004 7790371 8190743 8190743 9350741 8190888 8190888 2760071 8870043 3470200 730741 7310646 3730241 5231023 1760973 3731002 8190519 8190743 730870 730870 3950043 7790857
3730004 3950043 7790857 7790857 7790857 8190071 7790857 3950043 8190043 3950043 3950043 3950043 3950043 7790857 7790841 7790857 7790857 7790857 7790913 7790841 3700770 8190770 3470200 3470200 7790857 9710071 8190752 9710071 9710071 3470200 3470857 1760973 3730519 1760973 7980973 8190519 7790580 7790857 8870580 8870580 9350580 7090973 8190519 8190519 9350404 730560 7790071 9710205 7530857 2760371 2760924 2760924 9040580 8190913 3950043 8190043 3731002 7790857 8190043 8190969 3950371 9040580 9350404
3731010 8190071 3730004 3730004 7090973 9350580 730770 9710580 7790580 3470580 9040580 7790913 7790913 7790741 7790200 7790580 7790580 7790200 7790200 7790200 7790200 2760580 7790200 2760043 5370043 5370043 7790580 7790200 7790580 7790580 7790580 7790741 7790580 7790580 7790841 3731002 7980973 7980973 7790200 8870424 8870424 3470969 3470969 9040580 3470969 3470969 9040580 3470969 2760741 3470969 3470969 3470969 3470969 3470969 3470969 3470969 3470969 3470969 3470969 3470969 3470969 3470969 3470969 3470969 3470969 3470969 3470969 3470580 9040580 9040580 3470969 9040580 9040580 9040580 3470969 3470969 8190741 8190888 3470752 8190741 3730646 9710741 3470043 3470414 3470414 3470414 3470414 3470414 3470414 3470969 3470580 3470580 3470580 3470414 3470580 3470969 3470969 9710969 3470969 3470969 3470969 3470969 9710969 3470969 9710969 3470969 3470969 3470969 3470969 9710969 3470969 3470969 9710969 9710969
3730004 3730004 3731010 3730004 3730004 3731010 3730004 2370973 5231023 3730004 9710864 9710857 9710920 3470414 2760924 2760770 2760741 2760741 9710864 5231023 9350646 3470414 3470414 9710741 8190371 7790857 5370043 5370043 5370043 2760741 7790857 5370043 7790200 7790371 7790857 8190770 8190741 8711023 2760752 2760888 3730004 3730241 3470969 2760888 3730004 1760973 1760973 3730004 8190071 3950964 2760964 730371 730560 730928 730071 8190371 8711023 9710071 3950964 8190829 9710519 730969 3730519 3730519 8190519 8190888 8190743 8190043 3471023 3950964 7790857 3250857 8190942 8190942 8190043 730646
2760043 3470857 9710920 3470580 2760071 3700770 3730004 8190560 8190888 8190560 7790857 8870772 8190646 8870043 3730004 9350741 730743 3470205 8190741 8190043 730741 8870580 730741 7790071 7790964 3731010 7790857 5231023 5231023 3730004 3731002 3730004 730071 2760888 8870772 7790071 7790741 8711023 730371 5231023 3470200 3730404 7790857 730969 8190371
2760580 730580 8870580 2760371 9350043 9350580 9350741 9350741 8190969 8190969 4720857 8871007 4720857 4630200 1760973 3730004 7980973 3730004 730743 9350580 4720857 8190071 730071 730969 8190765 9350580 8190969 8190969 8190071 8190770 8190519 8870580 730371 9710205 2760924 730741 9710752 9710864 3471023 8190770 8190770 3470200 8711023 9710752 9350741 3470200 8190741 8190969 8190969 8190969 9710864 8711023 3470200 8190071 3470200 9710770 3470969 3470969 2760580 2760371 9710752 730928 9710864 5370043 9710864 9710006 9710371 2760770 9710741 9710371 9350741
3471023 3730004 9710519 9710752 9710071 9710741 9710920 9710741 9710857 7790371 8190071 9710414 8190741 8190888 9711023 8711023 8190741 3730519 8190743 5231023 3700205 3470969 3470200 9710920 2760888 2760743 7310646 3950964 9350765 7790200 3470580 9710580 2760580 2760580 730580 9710741 9710371 3470752 3730646 1760973 1760973 7090973 9710414 9710741 8190741 9710741 8190741 3470857 8190752 9710920 2760580 2760741 2760743 3700770 9711023 9350741 9710770 9710857 9710371 9711023 8190743 9711023 8190770 8711023 8190071 3730004 8190888 9710770 9710920 8190743 9711023 3470519
9350741 9710864 9350741 9710414 3470200 8711023 730071 9710422 9710071 730519 2760752 2760888 2760741 9710422 9710752 5231023 8190743 8190371 5370043 3470200 1030638 8711023 9710752 8711023 3730004 3730004 3730004 8711023 9710580 7790888 7790888 8870424 730071 730770 730560 9710864 3700969 3700969 9710741 9710741 9710205 9711023 8190913 9040580 730770 2760752 5231023
9710414 3700580 3470200 9711023 3470200 9710864 9350741 8870424 2760743 5231023 8711023 8871007 8871007 9350741 7790841 8870424 7790071 7790888 730743 730928 3730404 3730519 3731002 9710414 2760770 9710414 3950371 8190888 7790200 2760928 9710422 3470200 7790913 7790200 730741 8870544 3950043 3950371 7790857 7790857 7790200 7790857 7790913 7790371 6760404 8190752 8190741 8190743 9350741 9710857 3470200 8190741 3470857 8190371 8190942 8190560
3700969 9710969 3700969 1760973 8190071 9710864 9710580 9710519 9710371 8190371 9710519 3470414 3730004 8190043 7090973 3950043 7790857 7790857 7790913 8190752 8190942 3731010 1760973 1760973 3730004 3730004 9710422 3700205 9710071 3470752 2760770 3730004 7090973 1760973 9710371 9710920 3470200 3700969 3730004 8190969 9710371 3470752 3700770 3470752 8190560 1760973 7090973 9710752 3470752 9710920 3950964 4720857 3470205 9710770 9710857 3470857 7090973 8190741 3470752 3700770 3470752 8190770 9710371 8190969 9710205 9710071 8190743 9710422 3470857 8190741 9710770 9710752 3700580 8190743 3730241 8190969 9710371 5231023 8190371 9710752 9710422 8190942 7790071 9710006 2760371
2760752 9710864 9710414 3700205 9710205 8190071 8190888 8190560 2760888 3730004 8190743 3730004 9350043 9350741 730580 3730004 8190765 3700519 730743 5231023 3730646 8190560 9710770 5231023 9710006 910928 8190560 8190071 9040580 9040580 9710414 2760371 730560 9710580 3470580 730371 9710580 8870772 2760924 9710580 9710006 9710371 3470969 3700969 8870580 8190752 8190071 5231023 2760043 9710864 9710864 2760043 730043 2760043 9710071 9710920 3470857 2760964 9710857 9710371 9710864 7790894 2760752
3471023 9710864 9710770 8711023 5231023 8711023 8870424 3950964 8190770 3470043 730519 730743 3470200 8190743 9710414 3470857 2760888 9710071 9710371 8190741 3471023 9711023 8190371 7790894 2760741 3470200 7790071 3470414 2760752 7090973 7090973 7090973 7090973 7090973 7790741 8870043 7790741 7790071 7790964 3470200 3470969 8870043 7790743 3470969 8870544 8190071 8870424 7790964 8870043 8870043 7790964 8870043 730741 730741 730043 730043 730043 8870043 9350043 730043 730741 730741 8870043 8870043 730043 8870043 8870043 8870043 8870043 8870043 8870043 8870043 8870043 8870043 7790519 7790913 7790913 7790580 7790071 7790913 7790913 7790741 7790071 7790913 8870544 7790200 7790894 7790894 7790741 7790519 7790894 7790894 7790743 7790913 7790913 7790752 7790913 7790913 3950371 7790741 7790913 7790741 7790371 7790752 7790913
7790894 7790743 7790964 9710920 9710006 3950371 8711023 5231023 9710969 3470205 730560 730071 3470752 9710770 9710071 9710920 7790752 7790741 9710770 9710071 3470580 9710752 8190770 730770 9350043 7980973 7980973 7980973 9350741 3730004 7090973 8190646 9710857 730043 9710371 8870544 730770 3730004 3730004 3730004 3730004 9710414 730580 7090973 8190371 2760743 2760743 8190071 8190071 7790743 2760770 2760743 730071 730770 3470200 9711023 3470043 7790894 9710205 3730004 8190043 730560 9710414 3950371 9710006 910928 8190969 7090973 3950043 7790913 9711023 3730004 7090973 7090973 8190043 3470857 7090973 8190741 8870043 7790580 7790071 1760973 7090973 7090973 3950043 3731002 3950964 7790964 3470519
7790888 3470414 3470200 8190829 730770 730770 730043 730043 730969 2760071 730043 730770 730371 730741 2760071 730043 730870 730043 730043 2760043 730043 730043 2760043 730043 730043 8870043 8871007 2760043 730880 730880 3700205 730770 730071 730560 2760043 2760071 8870043 3470043 2760043 2760043 2760770 2760928 2760928 2760071 2760741 730743 730928 730928 730519 2760928 730770 2760928 2760928 730880 2760071 2760752 8711023 2760043 9350043 2760770 730770 730743 730043 2760043 730743 730043 730071 9350043 8190043 9350043 730043 9350043 730043 730043 730043 730969 730043 730770 730770 730770 730043 730043 730071 9350043 9350043 9350043 9350043 9350741 2760741 2760043 730743 730770 2760928 2760928 2760071 2760928 2760043 2760043 2760888 730043 730043 730043 8870043 2760043 730743 730770 730043
8190519 9710752 9710006 9710864 7090973 7090973 7090973 8190646 7090973 7090973 3700969 9710969 9710580 9710205 3470519 9711023 8870580 9710414 7090973 9710371 9040580 8190043 7090973 8190560 3470414 730928 730371 730741 7790741 2760924 8190888
3700969 7790752 7790913 7790741 7790519 7790371 8870043 3471023 9710414 7790894 2760071 3700770 3700770 8190071 9710752 9710770 3470857 9710857 8190043 2760741 8190043 7790071 3470200 3470043 7790741 7790371 7790913 7790741 7790743 7790741 3950964 7790071 7790888 7790071 3470969 3470969 7790071 2760043 2760043 3700519 3470519 8870043 3470200 8870043 3700519 3470969 4630200 3730646 3730004 3730004 8190752 9710857 9710741 9710857 7310646 3730646 3730646 9710414 3700205 3470857
3470205 9710864 8711023 8190646 8190741 8190519 3470857 8190519 3470519 9710920 9710752 3470200 9710006 3950371 3950371 3950371 7790071 7790913 7790741 7790519 7790913 7790857 2760071 9710920 7790071 7790752 730560 2760371 2760924 2760964 2760964 9710205 3470414 2760964 730560 8190913 8790857 7790894 8190752 9710071 9710071 9710770 3470519 8711023 3700205 9710371 3470969 9710071 9710371 3950964 3950964 7790752 9710414 9710741 8190743 1760973 1760973 3730004 3730519 9710857 9350741 3470205 7790752
3730004 9350646 3470200 7790752 3950371 7790964 3470205 7790857 7790888 3700969 3470200 3470969 3470414 3470205 3950964 9710857 9710741 9710422 730741 1760973 7980973 3470580 5370043 730646 3730200 3731023 3730200 3730404 2760043 3470043 3470200 3470857 9710071 9710920 3470200 8711023 2760071 5231023 3470969 2760371 3470043 8870043 8870043 3470969 7790071 8870043 7790752 8190043 8190043 8870043 8870043 3470043 3470043 3470043 3470043 7790741 7790071 7790888 8190888 3470969 8190071 8870580 8870580 2760580 730580 2760752 3700770 2760580 2760580 7790519 7790519 7790857 7790857 7790519 8190888 2370973 3471023 3730004 8190043 3730004 1760973 7980973 3730004 7090973 8190071 8190071 2760043 7790200 2760888 7790894 2760741 2760888 1760973 3731023 3731002
3700580 2760752 9350741 2760928 9710422 9710422 9710422 3700519 9710422 3470200 9710422 9710422 9710422 9710422 9710422 3700770 2760924 3700519 3700770 3700519 3730004 9710414 730371 3730004 9710422 9710422 5231023 9711023 3700205 3470200 3700205 3700519 2760743 9710770 9710414 2370973 3730004 9710857 9710857 2760924 9710205 3700519 3470200 3470205 8190371 8190741 2760371 2760924 9350741 3471023 9710519 9710864 9710422 9710422 9710741 2760924 3700519 2760371
2760770 730071 730743 730741 2760741 8190888 5231023 9710857 2760741 4880973 8190646 8190888 8190888 2760924 3700519 3700519 2370973 3700969 9710371 8190519 9710371 9710770 730743 2760964 8711023 3470200 2760743 3730519 3730004 8870580 9040580 7790841 8870544 9040580 8870424 3700580 730880 8870544 9710741 7790741 9350741 8870544 730646 8870043 730371 730928 730928 8190519 2370973 2370973 2370973 2760964 5370043 9710580 2370973 3731023 2760043 2760770 2760752 5370043 8870772 9710519 9710519 3700519 8190519 8190752 2760752 2760752 3730004 2370973 2760043 1760973 8190043 2370973 1760973 730770 730743 730071 2760770 2370973 3730200 8190519 8190646 730580 9710580 7790964 3470752 2760770 1031010 1031010 2760071 2760741 2760770 7790888 7790743 9711023 9710071 3700519 2370973 3730241
8190371 9710414 8190741 8711023 9710920 9710580 3470752 8190969 9710741 3730004 9711023 7790857 8190071 8190741 3470969 3470969 7790200 8190743 8190071 2760741 8190071 9710006 3470580 8190071 3950964 9711023 2760043 7790752 9710920 7790580 2760743 2760924 3730004 7790857 8190043 7790741 2760964 7790857 2760743 3470519 2760743 2760743 8190071 3471023 9710371 9711023 9710920 9710920 9710071 9710752 3470752 9710006 3470752 9710770 9710071 9710857 9710071 9710071 3470752 3470752 9710920 3470752 9710920 3470752
7790894 2760743 2760741 2760580 9710006 8711023 2760928 9350580 2760928 9350646 8190071 2760371 2760580 9350580 3470200 9710519 2760371 2760964 2760752 2760071 3470752 9710519 730741 730928 2760741 7790888 7790913 7790752 3950964 2760371 5370200 2760741 9710414 2760071 2760752 3470205 3700519 9710519 9710205 3700770 9710969
730371 2760770 8870544 2760741 2760071 2760371 2760888 2760371 7790894 7790741 3470200 3470200 9710205 3470205 9710414 3471023 9710414 9710741 7790071 7790964 3470200 7790913 3470969 8190741 8190646 8190969 3470857 3470200 3470857 3470200 7790913 9710741 730928 9710580 8870424 9711023 9711023 8870580 3700580 8190743 8190071 9710741 3470200 8711023 8190743 8190071 8190743 3470200 9711023 8190071 3700770 2760770 3470200 3470580 730770 2760371 2760770 9710414 9710752 8711023 2760743 2760371 9710422 3470200 9710864 9710371 9710371 9710422 730371 9710371 3470200 8870580 9711023 3470414 7790857 9710920 8870043 2760928 2760371 7790371 8190913 9710422
3950043 7790371 7790741 7790371 7790913 7790913 7790741 3470200 7790743 3950371 3470752 3471023 7790752 7790752 3471023 7790741 7790071 7790913 3471023 7790741 7790371 7790913 7790519 7790913 7790741 3471023 7790519 7790200 2760924 2760043 2760924 7790741 7790741 7790741 7790913 7790741 7790841 7790741 7790841 7790741 7790071 7790913 7790964 7790371 7790741 7790741 3950371 7790913 2760964 2760741 3470519 7790741 3470519 3471023 7790371 3470200 7790371 3471023 7790894 3470519 7790888 2760741 7790894 7790964 7790741 7790519 7790741 7790371 7790741 7790741 7790371 3471023 7790913 7790200 7790519 2760371 7790743 7790200 7790743 7790741 7790741 2760741 7790371 7790913 7790741 7790371 7790200 7790741 7790371 3471023 7790913 2760071 3470200 9710414 9710205 3470200 9710422 3470043 2760741 9710519 3470200 2760741 2760928 3470414 9710519 2760371 7790741 2760924 8871007 7790200 2760043 8870043 2760924 730969 730519 730071 2760743 9350741 9710770 2760888 2760071 9711023 7790071 2760371 7790071 7790371 7790371 7790741 2760741 7790741 2760580 2760371 7790580 2760741 2760371 2760741 3470200 2760770 8190371 9710741 9710864 7790371 2760741 9711023 9710519 2760741 3471023 2760371 3470200 2760964 7790200 7790371 8870580 7790913 3950371 7790741 7790741 3950371 7790741 7790741 3470519 3470200 730519 730741 2760741 7790741 2760752 7790743 7790743 7790752 2760924 7790200 8190519 3470519 7790894 7790200 7790519 7790741 7790857 7790741 2760371 3700519 2760741 730519 5370043 2760741 7790857
2760888 7790371 9710519 3470519 7790071 7790913 2760371 3470205 9710371 8711023 2760371 2760752 2760752 2760770 7790752 7790964 9710752 9710414 2760752 7790888 3470200 7790741 3470200 7790888 2760770 2760964 730371 2760371 730870 2760580 5231023 9710857 2760580 3700205 9710205 2760371 2760770 2760741 2760741 2760743 2760743 9711023 3470205 9710519 3700519 2760071 3470857 3470857 730560 730743 3470969 9710205 3470752 2760770 7790741 7790580 9710205 3700205 9710741 7790741 9710864 7790200 7790888 7790200 7790200 7790519 7790519 2760043 2760888 7790371 7790964 2760888 2760888 9710371 3470200 3470205 730519 730519 2760743 3470200 8190371 7790888 3950964
3700519 3470519 3700519 9710422 3470200 9710422 9710920 2760071 9710071 9710071 9711023 9710422 9710205 9711023 9710519 2760071 3470519 8190071 3731010 3730004 3730004 3730004 730880 5231023 9710969 8711023 9710741 9710071 9710519 3700519 9710422 8711023 9711023 3470414 9710422 9710205 2760743 9710519 9710371 9710519 9711023 3470519 2760371 8190071 7980973 2760580 3700205 3730004 8190071 8190519 9710519 8190770 3470200 9711023 3470752 3470200 9711023 2760928 5231023 3700580 2760964 9710770 9710071 9710519 9710422 9710205 3700519 2760071 7790071 3470969 9710071 3470519 9710920 2760888 9710969 9710969 3700519 2760071 7790964 3470519 9711023 2760964 7790743
9710741 9710770 3470752 3700969 9710205 3470969 2760580 3470580 9710414 3470752 3470752 3470414 2760071 2760752 2760580 3470580 9710770 3470519 9710519 7790857 7790841 3470519 9710969 3470969 3470969 9710770 8870580 2760580 2760580 2760752 2760752 7790894 8190770 3470752 8190770 8790857 8190071 8790857 8190519 9710770 2760752 9710770 9710422 9710920 9711023 3470580 3470414 9710864 2760924 8190560 8190519 8190560 9710770 3470857 8190888 4720857 3950371 4720857 9040580 9710770 4630200 9710414 9710920 7090973 7790857 7790857 9710864 3470205 2760888 7790857 3471023 7790743 8190071 2760888 9710006 3470200 9710969 730880 9710770 3470580 3470414 2760770 7790743 8190888 8190888 9710969 9710071 3470857 9710071 9710071 2760964 5231023 9710422 3470205 3470200 7790743 2760371 2760888 2760752 9710371 8190646 2760371
9710920 9710519 3700205 3470205 2760770 2760888 2760741 7790964 9710752 2760371 9710371 3700770 3470414 2760371 2760371 9710770 9710071 9710071 3470752 730519 730928 3700519 9350043 730043 2760371 3470205 8711023 2760741 9710741 9710864 3470205 3700519 9710741 9710371 3700770 2760752 2760071 2760924 2760371 2760071 7790752 7790580 3950964 9710920 9710422 9710741 9711023 9710580 8190770 2760928 3470200 2760071 2760924 2760071 7790200 2760752 3700519 7790841 2760371 2760924 3470200 9710864 2760928 9710371 3470205 3470969 3470969 9710519 9710969 9710071 3470200 5231023 2760888 3470519 9710519 9711023 3470200 2760071 730071 9711023 9710920 9710920 9710920 8711023 2760743 9710920 3470200
7980973 3730004 1760973 7790857 7790857 7790857 2760964 8190942 3470857 7790857 7790913 7790857 2760743 2760964 3470857 730371 9710371 9350741 2760752 9710770 8190888 2760071 2760580 2760043 2760752 9710414 3470580 7790741 9710969 3700205 9710422 9710205 9710770 8871007 2760580 9711023 7790857 2760770 9710580 9710580 9710857 8190371 8190888 7790857 3470857 8870043 7790580 7790371 3470200 7790894 2760371 8190371 4720857 9710920 7790743 9710422 8190741 8711023 8190888 5370200 1760973 8190770 9710422 7790913 9710752 9710422 7790743 7790888 5370043 730560 9710006 3470580 730560 9710414 3470580 9040580 8190071 2760770 2760964 7790743 7790888 2760043 7790071 7790071 7790964 2760743 2760580 2760580 8711023 730770 9710580 8870580 8870580 9710752 9710071
7790752 7790200 8190519 8870544 2760741 9710752 9710857 7790071 2760071 1031010 8190043 5370043 730371 2760071 3731023 4630200 1760973 4630200 8190888 2760043 8190888 7790071 7790071 730880 9710864 3470752 3700969 2370973 2370973 2760928 2760888 3730004 9710414 2760752 2760770 2760741 7790752 730371 2760741 2370973 2370973 2370973 2370973 8190560 8190913 7790894 2760043 8190969 730071 9710205 3470200 8190371 3470969 9710741 3470043 3950964 8190937 3471023 7790743 7790071 8870580 3470580 2760928 9710752 3470969 3700969 3470580 3700770 8190071 730371 9710414
7790752 7790888 7790580 8870544 7790580 7790200 8870580 7790741 7790913 9040580 8190741 9710920 7790857 2760071 9711023 8190743 8190071 8190942 9710741 9710414 9710414 9710741 9710071 730770 5231023 3950371 9710864 730371 3470043 9710770 9710414 5231023 3470205 9710770 9710580 730969 730969 9710071 3470752 2370973 8190770 8870544 7790371 9710205 2760580 8870580 9710580 9710770 9710580 9710741 3470043 8190071 3730765 3731023 2370973 3730519 8190888 8190743 8190071 2760752 4720857 8190363 8190371 3470752 7790741 3470752 7790752 9710205 5231023 9710920 5231023 9710580 9710969 9710969 9710371
null
null
null
null
null
null
4630200 4630200
null
1030292 1031010 1030638 1030292 1030292 1030638 5370200
5370841 3950043 7790841
5370841 8190363 5370841 5370200 4630200 4630200 1760973 1030282 1760973 3731002 1030282 7310646 730928 8871007 8870544 5370200 1030282 1030282 1030292 4880973 4880973 1030282 7980973 7980973 7310646 7980973 5370200 7980973 5370200 5370200 4630200 4630200 4630200 1760973 1031010 1760973 4630200 4630200 1031010 1031010 4880973 1031010 4880973 1030638 1030292 1030638 1031010
null
null
8870544 5370200 7790841 8870424 1030282
8870544 1760973 3731002 7980973 1030292 1760973 1760973 1030638 3731002 4630200 1760973 7980973 3731002 1030282 7980973 1030292 1030282 7980973 1030282 1760973 1030638 4630200 1030282 5370200 3730241 7980973 1760973
null
1031010 1030292 1030292 1030292 1030292 1030292 1030282 1030292 1031010 1030292 4630200 7980973 1030292 1760973 3731023 5370200 1030282 1760973 1030282 1030282 1030282 7980973 1030282 1760973 1030282 1030282 1030282 1030638 7980973 1030282 1030292 1030282 5370200
7790200 4880973 1030282 8190942
null
null
null
null
1760973 1030638 1031010 1030638 1030292 1030292 1030282 1030282 1030282 1030282 1760973 1760973 4630200 4630200 1031010 1760973 5370841
null
null
null
null
null
4880973 1030282 730928 7790200
null
8870424 8190043
4630200 3730519 3730241 4630200 4630200 4630200 1031010 3950043
null
5370043 7790857 7790857
7790841 3950043
3731002 4630200 4630200
3950043
7790857
null
9350646 5370841 7790857 9350404 3731002 3950043
7790857 8870544
9350404 5370200 5370841
null
8190913
1030292 3950043 7790519
null
8190363 8870544 8870544 7790841 7790200 3950043
8870580
3950043 1030282 5370043 3950043
1030282 1031010 1031010 1760973 1031010 1031010 1760973 1030282 5370200 1760973 1760973 1760973 4630200 1760973 4630200 7090973 8870544 8870544 1760973 1031010 1031010 1030638 1760973 1030292 1031010 9350646 7790200 8870544 8190877 3250857 5370841 8190765 7790071 5370200 1030282 5370200 5370200 7980973 1030292 1031010 9350646 4880973 4880973 4880973 2370973 4880973 1030282 4880973 5370200 1030282 1030282 1031010 5370841 7980973 1030292 7980973 5370200 1760973 1760973 4880973 1760973 1031010 1030282 1030282 5370200 1030282 1030292 1030282 1030282 1030282 1030282 3730200 1030282 1030282 1030638 7980973 1030282 1030282 1030282 1030282 1030282 1031010 4880973 1030292 1030282 1030282 1030282 4880973 4880973 1030292 4880973 4880973 7980973 7310646 5370200 9350404 8190646 7980973 4880973 4880973 4880973 4880973 4880973 4880973 1030282 7310646 7980973 9350404 5370200 7310765 5370200 9350043 8190646 4880973 4880973 4880973 4880973 4880973 4880973 1030292 1760973
3731002 3950043 3950043 1030282 3950043 3950043
null
null
null
null
910928 7310646 8190969
3950043
null
8870424 7790200 8870544 1030282 7790841 5370841
null
null
3731002
null
7790857
null
null
5370841 3950043 7790519
8871007 8870544 9350646 8870544
4880973 8870544 7790200 730928 8870544 8870544 9350646 7790519
4630200 4630200 7790200 7790200 7790519 7790841
null
null
1030638 4880973 1030292 4880973 2370973 4880973 7980973 1030282 8190765
7310601 3730646 3730241 7980973 7980973 7980973 3250857 9350646 8190937 7980973 3731002 5370877 8190765 8190829 3731002 5370877 8190363 3730404 7980973 5370200 6760857 8190765 6760857 7980973 3730004 3730646 3730601 3730646 7980973 1760973 6760857 3730829 9350404 7310646 7980973 1760973 9350765 7980973 6760857 7310601 3730404 6760404 3730519 6760857 3730829 7310601 8190765 5370877 3730765 3730200 8190043 7980973 7980973 1030282 3730829 7310404 3731002 3731002 5370877 3730829 7980973 3730519 9350765 7310765 3730519 7310646 3730765 3730519 5370877 8190765 3730241 6760601 9350765 3730004 3730004 7310564 6760857 6760857 3730765 3730200 7980973 1760973 3730241 3730601 7310646 9350404 3730646 3730829 3730829 7980973 3731002 7310646 3730601 3731002 3730404 6760857 8190829 2370973 3730241 7310646 4630200 3730404 3730765 3730404 7530857 9710519 3950371 8190765 6760601 1760973 2370973 3730241 1030282 5370200 3730404 2370973 5370200 3731002 5370200 5370877 9350765 9350580 9350580 9350765 6760857 7980973 5370877 9350765 2370973 2370973 2370973 2370973 4880973
3250857 3250857 8190937 8190829 3730241 5370200 4880973 4880973 7980973 8190765 8190829 8190877 8190877 3730829 9350404 8190765 3470200 8190942 8790857 8790857 6760404 6760857 3730404 7310765 3730241 9350765 8190829 8190829 8190829 9350404 8190646 9350404 8190877 8190877 8190829 6760601 8190646 8190942 9350404 5370877 8190765
3730601 3730241 3730404 3730404 7980973 3730241 9350404 9350765 8190942 8790857 8190363 6990200 1030638 9350765 6760404 4880973 1030638 8190877 8190765 9350404 7310404 8190942 3730404 7310601 6990200 8190829 3250857 8190770 6990200 8190765 8190829 8190877 9350646 7980973 1030638 7310564 2370973 7310601 7980973 8190765 7310765 1030292 1030638 7310601 1030282 4880973 3730241 3730601 8190765 3730241 6990200 8190829 8190877 7310646 7980973 8190942 8190765 8190829 7310601 7310765 9350404 9350765 6760601 8190942 2370973 4880973 4880973 4880973 4880973 4880973 4880973 4880973 4880973 3730241 7980973 1760973 7980973 7310564 1030282 7980973 5370200 7310646 8190877 6760404 1030292 5370877 5370877 7980973 7310404 1760973 7980973 7980973 7980973 6760601
8190741 6990200 8190765 8190765 7980973 1030638 1030638 1030292 1030638 1031010 9350765 8190765 3730404 8790857 1030282 7980973 5370200 8790857 2370973 7310564 6760404 8190765 8190765 3730601 7980973 5370877 7980973 4880973 4880973 4880973 4880973 4880973 2370973 4880973 7310404 7310601 2370973 5370877 8190765 8190877 8190877 1030638 8190877 8790857 8190829 8190765 1760973 5370200 4630200 3730241 8190765 7530857 6990200 8190829 6990200
3730829 7790913 3730404 8190765 6760404 7310765 3730241 9350646 3730404 8190765 8190765 3730200 7310646 6990200 3730200 3730404 8190937 1030282 5370200 7310404 1760973 6760404 3250857 8190765 6760601 9350404 3730404 7310765 1030638 4880973 2370973 4880973 7310564 4880973 4880973 7310404 2370973 7310404 1030638 2370973 7310601 7310646 2370973 3730519 3730765 6760601 8190829 5370841 730928 8190765 3730404 3730241 4880973 4880973 4880973 4880973 4880973 4880973 7310601 1030282 6760404 9350646 7310564
8790857 8790857 3250857 9350580 7530857 3250857 7530857 9350765 9350404 6760404 6990200 7310765 5370841 9350765 8870580 3250857 7310471 9350646 8790857 3250857 8190877 7530857 6760404 8190877 8190829 6990200
8190765 8190877 3250857 8190829 8190877 8190765 5370877 7310646 7980973 3731002 7980973 3730601 8190877 6760404 8190765 6760404 3730241 7980973 3730241 5370877 3730004 4880973 3731002 6760404 7310765 7790200 6760601 3730200 1030282 8190942 8190646 7310601 6760857 7980973 3730241 3730241 9350404 7980973 4880973 4880973 4880973 4880973 4880973 7310564 4880973 4880973 4880973 2370973 1030638 7310564 7980973 9350580 6760601 9711023 1030282 8190519 5370200 1030638 1030282 1030282 5370841 6990200 7310646 3731002 9350404 9350646 6990200 8190765 6760404 6760404 6760404 8790857 1760973 9350404 8190765 8190519 2760888 8190519 8190765 8190519 9350404 2760928 8190519 3250857 8190765 9350404 8190519 8870580 8190519 3730241 7310765 8190765 6760404 6760404 6760404 2760371 8190519 9350646 6990200 8190519
9350765 8790857 3250857 8790857 8190937 3250857 7530857 7980973 9350404 8790857 3730404 3730404 8190765 7530857 8790857 3730765 8190765 8790857 6760404 730071 1760973 2370973 1030282 1030638 7310601 3731002 5370877 6760404 8190765 8190942 1030282 7980973 7310646 7310765 7310564 7310564 6760404 3730404
8190829 8190765 8190765 3730404 3730829 3731023 3731023 3730241 3730241 7310765 9350404 6760404 3730241 7310404 9350765 6760404 8190942 8790857 8190829 8190877 9350404 8190765 6760404 8190942 8790857 8190741 8190371 3730404 3730601 3730601 8790857 4880973 4880973 1030638 2370973 2370973 7310564 4880973 7310601 1030282 3730765 6760601 3730404 2370973 4880973 4880973 4880973 4880973 4880973 4880973 4880973 2370973 7310404 7310564 7310601 7310564 7310404 7310601 7310404 7310601 9350404 6760404 8190829 8790857 9350765 9350404 6760601 6760404 8190829 5370877 6990200 8190942 8190765 8190829 8190829 8190877 8190877 8790857 8790857 7310601 3731002 6990200 8190877 8190877 3730404 6760404 6760404 8190765 6760601 3730765 3730765 9350404 9350404 8190765 8190829 6760404 3730601 9350404 3250857 4720857
6990200 8190877 6990200 3250857 3470857 3250857 8190765 3250857 8790857 3250857 7530857 8190829 8190765 8190765 8790857 8190765 8790857 3250857 8190765 8190942 8190363 8190942 3730404 8790857
3250857 7530857 3250857 8190765 6990200 8190765 8790857 8190765 8190877 3730765 7530857 8190829 7530857 8790857 8190829 3470200 3730646 8190829 8790857 8790857 6990200 8190942 6990200 8190937 6990200 8190765 8190877 3250857 8190829 8190942 8190913 8790857 8190829 8190829 8190765 8190877 8190071 3250857 3250857 8190765 8190765 6760404 3730404 8790857 6990200 3250857 8190765 8790857 7310404 7310601 8790857 3250857 8190877
8190741 3730004 6270652 3730404 3730200 6760404 3250857 8790857 9350765 3731002 8190829 9350404 8790857 8790857 8790857 3731002 3730601 3731002 6760404 6760601 8190942 7530857 6990200 8190765 7530857 8190829 8190877 9350404 7980973 9350404 5370877 9350404 9350765 6760601 8790857 7980973 9350765 5370877 5370877 3731002 1760973
7530857 8190765 7530857 6990200 8190877 8190765 8190829 8190877 8790857 6760601 7310601 8190942 6760857 6760857 8190877 8190937 4720857 6990200 8190765 8190877 6990200 3730004 3731023 8790857 8190646 7980973 6760404 9350741 7310564 8190741 8190942 9710857 8190942 7530857 6990200 8190942 8190765 3730404 3730765 3730200 3730829 3730829 8790857 6990200 3730765 6760857 8790857 8190829 8190942 3730404 8190765 3730829 7310601 3730404 6760404 3730601 6760404 4880973 4880973 4880973 4880973 4880973 4880973 2370973 7310564 7310601 9350404 3730601 5370877 8190765 3730601 7310646 8190519 3250857 8790857 6990200 3250857 7310564 1030282 7980973 7310404 8190877 6760404 8790857 6990200 8870544 6990200 6990200 8190765 6990200
8790857 4880973 7980973 8190519 8790857 3730519 1030638 8190519 8190363 3730519 8190829 6760857 3730519 3730519 8190770 8190371 3250857 7530857 8190752 9710857 8190765 4880973 7530857 3250857 8190942 7530857 7790857 8190363 3730519 3700519 8190829 6760857 3250857 3730519 8190071 8790857 3470200 6760404 8190765 1030638 8190743 3730519 3730519 3250857 7530857 8190937 6760857 3730241 3700519 1030282 3730241 7980973 7310564 7980973 1760973 1760973 4880973 4880973 7310564 1760973 8190913 8190829 3731002 8190752 8190942 8790857 8190877 1760973 7980973 3730241 3730601 5370200 1030282 3730200 7980973 7980973 7310601 6760857 8190371 8190829 8190913 8190646 7310646 1030282 1030282 3730241 3950371 8790857 8190829 8190765 8190942 3700519 6990200 8190829 9350404 3730829 3730241 8190765
3730404 3730404 6760857 8790857 6760404 8190363 8190646 3731002 3731002 3730200 3730404 8190765 8190942 3730404 3730829 8190765 8190829 8190877 3730404 6760404 8190829 6760404 8190877 3730241 9350404 3730765 6760404 5370877 3730404 8190829 8190765 8190363 8190877 8190363 8190363 8190371 3730601 8190765 3731002 8190877 8190829 8190829 3731002 8190765 7310564 8190371 8790857 3250857 8190765 3730404 8190765 6760404 8190765 8190765 9350765 8190877 8190765 3730829 3730765 6760601 8190741 8190363 6760404 8190877 3730829 3731002 8190829 8190829 8190877 3730765 7310646 7980973 1030282 2370973 7980973 3730601 8190765 5370877 8190765 8190829 6990200 9350646 3250857 9350765 8190765 9350404 9350404 7310601 7980973 7980973 7310404 7310564 7310564 1030282 1030282 7310564 5370877 9350765 8190765 9350404 8190765 7530857 6760857 9350404 8190942 8190829 8190363 3730765 8190942 8190877 7310646 7310646 2370973 6760404 8190765 8190877 8190942 7310601 7980973 7310646 3730765 8190937 8190942 4880973 1030638 4880973 9350404 9350404 6760404 1030282 3730601 6760404 1030292 8790857 8190829 8190829 6760857 9350404 3730765 4880973 4880973 4880973 4880973 4880973 1030638 7980973 4880973 4880973 1030282 9350404 8190877 8190741 7530857 8190765 8190765 7530857 8190765 8190942 3250857 8190937 6760404 1030638 7310404 7310601 1030638 7310765 7980973 3250857 8190829 3730004 6760857 9350765 8190942 8190877 8190765 8190877 8190765 8190877 8190765
3730829 7530857 8190829 8190363 8190829 8190371 6760857 3730404 8190877 8190363 8190942 8190765 9350404 7530857 6760404 8190765 8190646 8190942 9350765 7530857 3250857 8190765 8190371 3731002 8190363 8790857 8190942 8190942 8790857 3730404 8190937 3730829 8190829 7530857 6990200 8190942 7530857 8190765 8190752 9350765 8190829 8190765 9350646 8190363 8190937 8190942 8190363 8190765 8190829 8190363 3250857 8190765 8190942 3730646 7530857 8790857 8190937 6760404 3730601 6760404 6760601 8190363 8190942 8190942 8190765 8190877 8190829 8190942 8190877 8190765 8190363 3730765 8190765 8190765 8790857 8190371 9350404 7530857 8190765 8190877 3730404 9350765 8190937 3730765 9350404 3250857 8190765 8190646 8190829 8190765 9350404 8190765 3730404 8190877 8190741 9350404 8790857 3250857 6760601 8190942 8190765 8190942 8190765 8190937 3730765 3250857 8190363 7530857 8190765 6760404 8190829 8190646 6760404 8190829 3250857 8190829 9350404 8190829 8190937 3730404 8190765 8190829 8190937 9350765 8190765 8190765 3730601 8190829 8190829 8190765 8190942 8190942 9350646 8190741 8190942 8790857 8190942 8190877 9350646 8190765 8190829 8190363 8190877 8190942 8190765 8190942 3730646 8790857 8190765 8190829 7530857 8190937 8190942 3730765 8190942 8790857 8190765 8190877 8190829 8190942 8190829 8190371 8190942 8190765 8190829 8190765 3250857 8190765 8790857 8190765 8190765 6760857 3730765 3730765 3730601 3731002 8190765 3730829 5370841 8190942 3730241 6760857 3730601 9350765 3730241 3730829 3730519 3730829 3730404 8190877 3731002 3730829 3730765 3730404 3730404 3730765 3730765 6760857 6760601 3730404 8190770 3730601 3731002 8190829 4630200 6760404 3730601 3731002 3730241 3730601 3730829 3730829 3730200 1031010 3730765 6760601 3730646
8190765 8190765 8190363 8190765 8190829 8190741 8790857 8190942 8190765 7310646 8190829 5370877 5370841 8190829 9350404 8190765 8190942 8790857 3250857 7310646 9350404 6760404 3730241 3730241 6990200 8190765 8190877 7530857 8190877 8190942 8190765 7310646 8790857 6760404 8190765 8190829 8190877 6990200 8790857 8190913 7530857 7530857 7530857 9350765 9350404 6760601 8190969 8190765 8190363 9350404 8190371 7530857 8190363 3250857 8190765 8190765 8190363 8190969 6990200 6760601 8190363 3730404 8190765 9350404 3250857 3730601 1760973 3730765 9350404 8190877 8190942 3250857 8190942 8190877 8190829 3730241 8190765 8190765 8190942 8190942 3250857 8190765 8190765 3250857 3250857 8790857 3730404 8190765 3730404 8190877 8190829 9350765 5370877 9350765 8190877 8190519 8790857 5370877 3730765 3730241 3730241 3730601 3730404 3731002 3730404 8190829 3730519 8190765 9350765 3730404 6760601 8190829 8190877 8790857 8190829 3730519 8190942 6760404 8190363 8190765 8790857 6760404 8790857 8790857 8190913 8790857 3250857 8190942 8190765 9350765 6760857 7530857 8190363 9350765 8190969 3250857 9350765 3250857 8190765 8790857 8190942 8190765 8190765 8790857 8190942 8190765 9350765 8190829 8190765 8190829 6990200 3250857 8190363 8190942 3250857 9350404 8190877 6990200 8190765 8190942 6760857 8790857 8190877 3250857 3250857 9710857 6760601 8190942 3250857 8790857 8190942 8790857 6760404 8190829
1030292 8190765 8190829 3731002 8790857 8190829 8190741 8190937 8190071 8190765 8790857 6990200 8190942 8190363 3730241 8190741 6760857 5370841 8190765 3250857 3250857 8190765 5370841 7530857 8190765 8190942 8190877 8190829 8190942 8190937 8790857 8190765 8190765 7310646 7310646 7310646 7310765 1030282 7310765 7310601 6760404 8190877 8790857 3250857 6990200 7530857 8190765 7310765 9350765 7310564 7310765 8190829 8190765 6990200 8190877 8790857 9350765 8190765 9350404 5370841 3731002 1030282 7980973 5370200 1030282 7980973 3730646 8190942 8190937
8190942 3730601 5370200 7310765 1030292 1030292 1030292 7980973 4880973 1030638 4880973 4880973 4880973 7980973 1030292 4880973 1030292 1030292 4880973 1030282 4880973 1760973 1030282 7310646 7980973 7310646 5370200 3700969 8190363 5370841 5370200 8190829 1030638 1030282 1031010 3950043 5370200 1030282 7980973 5370200 1760973 4880973 4880973 4880973 7980973 1030282 1030292 1030292 1030282 1031010 4880973 4880973 4880973 4880973 1030292 4880973 4880973 4880973 8870544 1760973 1030638 1031010 4880973 4630200 5370200 1030282 5370200 1030292 5370200 1030292 1030282 4880973 7980973 1030292
7530857 9710205 1030638 3730241 8190913
8190363 1031010 4630200 1031010 1031010 1030292 1030292 1030292 1030292 1030638 1030292 5370043 4880973 4880973 1030638 4880973 4630200 8190913 7980973 1030282 1030292 4880973 4880973 4880973 7980973 4880973 1030282 1030282 4630200 1760973 3950043 5370200 4880973 6990200 6990200 1760973 1031010 1030282 7980973 1030292 1030638 4880973 4880973 4880973 1030292 4880973 4880973 4880973 4880973 4880973 4880973 4880973 1030638 3730241 5370200 1030282 7980973 5370200 1030282 5370200 1030282 4880973 7980973 1030282 1030282 1030282 1030282 7980973 7980973 7980973 7980973 7980973 7310646 8190969 910928 8871007
4630200 4630200 4630200 1031010 4630200 1030292 1030292 1030292 1030292 1760973 1030292 4630200 1031010 8870424 4720857 5370200 5370200 5370200 7980973 5370200 7980973 1030638 5370841 1760973
4630200 1760973 1760973 1030282 4880973 1030292 1030292 1030292 4880973 1030292 1030292 7980973 1030292 7980973 6760857 1760973 1030292 1030292 1030282 1760973 7980973 7980973 1030292 1030282 1760973 1760973 1760973 1760973 1030638 7980973 1030282 7980973 2370973 4880973 4880973 4880973 7980973 3730519 9350646 8190765 6760404 8190765 8190765 7980973 1030282 1030282 8190937
9350741 8190363 730880 5370200 9350580 9350404 8790857 7980973 9350043 8190765 8190363 8190043 3250857 8790857 8790857 7530857
1760973 1760973 5370841 7090973 1760973 4630200 3731023 5370841 1760973 4630200 3730004 3730004 3730646 4630200 3730646 4630200 9350646 1760973 1760973 1760973 1031010 4630200 1760973 1760973 4630200 1760973 3730646 8190519 3731002 1760973 8190363 8790857 1760973 4630200 3731002 4630200 3731023 8190363 3731023 3730004 5370841 3731023 3730646 1760973 8190765 7980973 3730004 8190646 3731002 3730241 5370841 8190937 3730241 1760973 4630200 1760973 3250857 1760973 6760857 1760973 3730004 3730004 1760973 7310404 3730004 1760973 8190363 8190363 3731002 8190646 4630200 3730241 4630200 1760973 7530857 1760973 3730646 5370841 4630200 4630200 1760973 1760973 3730646 8190765 6760857 1760973 3730004 4630200 3730004 3731002 3730646 4630200 3730004 8190937 1760973 4630200 7530857 8190371 1760973 1760973 1031010 5370841 7980973 3730241 1760973 8190937 8190363 8190363 8190519 8190519 1760973 7310564 7310646 7980973 1760973 7980973 8190765 8190363 3731023 1760973 1760973 1760973 8190363 1760973 4630200 8190646 8190363 1760973 3731002 7980973 4630200 4630200
4720857 7790857 8190363 7310601 8870544 8870424 3470969 7310564 8190877 7310564 8190519 8190363
7790752 4630200 8190519 8190519 8190519 8190942 8870544 3470519
null
730646 7790857 3950043
8190942 4720857 9350580 8190829 8190942 8190888 7310646 7790857 7790913 7310404 8190942 6990200 7090973 4630200 4720857 3730241
4630200 2370973 7310564 4720857 4720857 4880973
8790857 7310601 7790580 9350646
9350580 8190942 4880973 2760888 3950964 7980973 3730004 8190969 4630200
4720857 8190743 7790743 3950964 3731023 3250857 7790841 4630200
null
9350765 4880973 4880973 4880973 1030282 1030292 1030282 1030282 1760973 4630200 1760973 3731023 4630200 3731002 4630200 1760973 4630200 1031010 1030292 1030292 4880973 4880973 4880973 4880973 4880973 4880973 4880973 4880973 1030292 1030292 1760973 1030282 1760973 9350765 5370841 1030282 4630200 8190646 7310646 7980973 3730200 1030292 4630200 5370200 5370877 3731002 7310646 4630200 9350646 1030292 1030282 7980973 5370200 5370200 1760973 1031010 7980973 1030282 1030282 5370200 4630200 3730519 7310646 1030282 1760973 1030282 1030638 1030282 1031010 1030292 1030638 1031010 1030292 1030282 4630200 9350404
8870544 9350646 7980973 1760973
