211
null
4630200 1030292 7980973 4880973 4880973 4880973 4880973 4880973 4880973 4880973 4880973 4880973 4880973 1030292 7980973 1030292 7980973 1030282 4630200 5371023 5371023 8190857 4630200 1030282 1030282 5370200 5371023 3731002 4880973 1030282 5371023 5371023 9350930 250200 6660857 7790857 4630200 7310646 250200 4630200 7980973 5371023 4880973 7980973 1030857 5370200 3731023 1030292 250200 1030292 9350930 5370200 7980973 7790200 4630200 5371023 5371023 5371023 250200 1030857 3731023 4630200 5371023
null
4040200 3730404 5370404 7790200
4630200 4630200 5371023 250200 250200 5371023 7790200 250200 5371023 5370404 5370200 5371023 5370200 5371023 250200 5370200 5371023 250200 8190519 4630200 250200 5371023 5371023 5370829 1030282 1030857 4880973 1760973 250200 250200 7980973 1030857 1030857 1030857 250200 250200 4880973 4880973 1030282 5370200 1030292 4630200 1760973 4630200 4630200 4630200 1030857 4880973 4880973 4880973 1030292 1030282 3731023 7980973 8190646 4880973 7980973 250200 1760973 4630200 8190857 250200 4880973 4880973 4880973 4880973 4880973 4880973 9350519 9350519 1030292 4630200 4630200
1030292 4880973 1760973 4880973 1030282 5370200 5370404 250200 1030292 1030292 1030292 1030292 4880973 4880973 1030292 1030292 4630200 3730765 1760973 3731023 1760973 4630200 4630200 4630200 3731023 3730765 6760601 250200 5371023 8870969 8190646 3730765 4630200 1030857 1030292 1030857 5370200 5371023 5371023 5371023 7790937 4630200 8190700 4630200 4880973 4630200 1030282 1760973 4630200 5371023 4630200 4630200 4630200 4880973 1760973 4630200 4630200 4630200 4880973 4880973 1030292 7980973 4880973 1030292 250200 4630200 1760973 5370200 1760973 1760973 1760973 5370200 9040857 3731002 7090973 1760973 1760973 1760973 5371023 1030292 5371023 5371023 250200 4630200 1760973 1030857 1030292 1030292 1030282 1030282 1760973 1760973 5371023 5371023 5371023
730371 730741 730741 7310564 5371023 5371023 5370200 1030282 3731002 4880973 4880973 4880973 1030292 1030292 1030857 1030282 5371023 250200 5370404 1030292 1030282 7980973 7980973 3731023 7980973 1760973 1030292 1030292 1030282 1030282 1030282 1030282 4630200 5371023 1030282 4880973 4880973 4630200 3731023 4630200 1760973 4630200 4880973 4880973 4880973 4880973 4880973 4880973 4880973 4880973 7980973 1030282 5370200 1760973 1030857 5370200 4630200 7980973 1030282 7980973 7980973 1030292 4880973 1030292 1030292 4880973 1030282 1030292 1030282 1030292 1030292 1030282 1030292 1030292 1030282 1030282 1030282 5371023 1760973 5371023 5371023 1030292 1030292 1030292 1030292 1030292 1030282 1760973 4630200 5371023 7310601 3731023 1760973 5371023 4630200 4630200 4630200 1030857 4880973 4880973 4880973 1030292 1030857 5370200 1760973 4630200 250200 5371023 1030292 1030282 1030292 4630200 1030292 1030282 1760973 730646 5371023 4630200 4630200 250200 5371023 250200 3731023
4880973 9350601 6990200 5371023 250200 4630200 1030292 1030857 1030857 4630200 9040857 5371023 5371023 5371023 4880973 1030282 1030292 250200 4630200 4630200 5371023 250200 5371023 250200 5371023 5371023 4630200 5371023
9350772 2760043
8870969 8190700 8190942
8190857 1030292 1030282 1030282 1030282 1030292 3731002 1030282 7310646 7310601 1030282 1030282 5370200 4880973 4880973 4880973 4880973 1030282 8190646 7980973 1030292 3731023 1760973 7310646 1030282 7980973 3731002 7980973 7980973 5370200 7310765 3731002 1760973 5370200 7980973 4630200 8190700 3730241 1030282 5370829 7980973 9350601 8190942 8190969 1030292 3730241 7980973 7980973 8190857 5370200 5370200 3731002 5370404 7310646 4630200 8190700 7310646 3730601 8190404 3730200 3731002 7980973 1030292 8190700 3730519 7310646 7310646 7310646 1760973 7980973 5370200 5370200 7980973 8190646 4880973 4630200 8190646 5370200 1030282 7980973 5370200 8190700 5370200 1030282 3731002 1030282 1030282 7310646 1030282 1760973 5370829 4630200 4880973 3730200 3730519 8190857 1030282 7980973 3730241 4630200
8190913 7790896 8190969 8870743 3731002 9350519 9350519 7980973 8190519 8190964 8190857 8190519 8190519 8190857 8190700 5370404 8190857 9350519 730646 7790200 7790752 7790964 7790200 8870772
8190964 7790200 8870888
6990200
3700969 6990200 2760964
2760371 7790770 7790937 6990200 2760752 3730829 7310404 7310601 9710920 3950888 4630200 5371023 7790200
2760752 9710920 8870888 3700969 9350601
9040857 3250857
730857 2760580 7090973 9710071 9710864 8190969 9350519 9710857 8190942 8190071 6990200 5370404 3730993 3250857 4040200 5370404
8190404 8190404 5370404 250200 3730241 5370404 4630200 250200 3731023 7980973 8870969 8190700 1760973 3731002 3730765 7090973 3730241 8190857 8190700 5370877 8190857 7310601 8190700
2760743 8190741 8190877 5370404 9710519 7310646 3731002 7980973 3731002 8190877 8870969 6990200 8870770 9710519 2760928 5370404 8190857 8190519 3731002 3731002 3730519 8190857 7790937 730928 8190404 8190969
6990481 9710371
8190942 8190942 8190741
2760580 2760071 2760888
9710371 3470857
7310652 3730829 7310652 7310652 7310652 7310652 7310652 7310652 7310564 7310652 7310471 7310652 7310471 7310471 7310471 7310652 7310652 7310471 7310652 7310471 7310471 7310471 7310471 7310471 7310471 7310471 7310471 7310471 6270652 7310471 7310471 7310471 7310471 6760601 7310471 7310471 7310471 7310652 7310652 7310652 3730829 7310765 7310652 3730404 7310471 7310471 7310471 7310471 7310471 7310471 7310471 7310471 7310652 7310652 7310635 7310471 7310652 7310652 7310471 7310471 7310471 7310601 7310646 7310652 7310652 3730993 7310601 7310652 7310652 7310652 7310404 7310765 7310646 7310404 7310471 7310652 7310471 7310652 7310652 7310652 7310471 7310471 7310471 7310471 6270652 7310471 7310471 7310471 7310652 7310471 7310652 7310652 7310652 7310471 7310652 7310652 7310471 7310652 7310652 7310471 7310652 7310652 7310652 7310652 6270652 6270652 7310652 7310471 7310652 7310765 7310652 7310471 7310404 6760857 3730404 7310564 7310652 7310471 7310652 7310652 7310652 7310652 7310471 7310471 7310652 7310652 7310471 7310652 7310471 7310471 7310471 7310652 7310652 7310652 7310652 7310471 7310635 7310471 7310471 7310471 7310471 7310471 7310471 7310471 7310471 7310471 7310471 7310471 7310471 7310471 7310471 7310471 7310471 7310471 7310471 7310471 7310471 7310471 7310471 7310471 7310471 7310471 7310471 7310471 7310471 7310471 7310471 7310471 7310471 7310471 7310471 7310471 7310652 6270652 7310471 7310471 7310471 8190857 7310404 7310471 7310471 7310646 7310471 7310471 7310471 7310471 7310471 7310471 7310471 7310471 7310471 7310765 7310471 7310471 7310471
6270652 6270652 7310471 6270652 6270652 6270652 6270652 7310471 6270652 7310471 6270652 6270652 6270652 7310765 6270652 6270652 6270652 6270652 6270652 6270652 6270652 7310471 7310471 7310471 7310471 7310471 7310471 7310471 7310471 6270652 7310471 7310404 7310471 7310471 7310471 7310652 7310652 7310652 7310652 7310471 7310652 7310652 7310471 7310471 7310471 7310652 7310652 7310652 7310471 7310471 7310471 6270652 6270652 6270652 7310652 7310652 7310635 7310635 7310471 6270652 6270652 6270652 6270652 7310404 6270652 7310471 7310471 7310471 7310471 6270652 7310471 7310471 7310471 7310471 7310471 7310471 7310471 7310471 7310471 7310471 7310471 7310471 7310471 7310471 7310471 7310471 7310471 7310471 7310471 7310471 7310471 7310471 7310471 6270652 6270652 7310652 7310471 7310652 7310652 7310652 7310652 7310471 7310652 7310652 7310652 7310471 7310471 7310652 7310652 7310652 7310471 7310471 7310471 7310471 6270652 7310471 7310471 7310471 7310652 7310471 7310471 7310471 7310471 7310652 7310652 7310471 7310652 6270652 6270652 6270652 7310471 7310765 7310404 7310471 7310564 6270652 7310652 7310471 6270652 6270652 7310652 6270652 7310601 7310652 7310652 7310652 7310471 7310471 7310635 7310635 7310652 7310652 7310652 7310471 7310471 7310652 7310652 7310471 5110471 7310471 7310471 7310652 7310652 7310652 7310652 6270652 6270652 6270652 7310652 7310471 7310471 6270652 6270652 6270652 7310652 6270652 7310471 6270652 6270652 6270652 7310471 7310471 7310471 7310652 7310471 7310471 7310471 7310652 7310471 7310471 7310471 6270652 7310471 7310471 7310471 7310652 7310471 7310471 6270652 7310404 6270652 6270652 7310471 7310652 6270652 7310471 6270652 6270652 6270652 7310471
5110652 7310635 7310652 7310652 6270652 7310471 7310652 7310471 7310652 7310652 6270652 5110471 7310635 7310471 5110471 7310471 7310652 7310652 7310652 7310652 7310652 7310652 7310404 7310601 7310652 7310652 7310652 7310652 7310652 7310652 7310652 7310652 7310471 7310652 7310652 7310652 7310652 7310652 7310652 7310652 7310652 7310652 6270652 7310471 7310652 7310652 7310652 7310652 7310471 7310652 7310652 7310652 7310404 7310652 7310652 7310652 7310652 7310635 7310652 7310652 7310652 7310652 7310652 7310652 7310652 7310652 1940652 7310652 7310652 7310652 7310652 6270652 6270652 6270652 7310652 7310652 7310635 7310471 7310652 7310471 7310471 7310652 7310652 7310652 6270652 7310652 6270652 7310652 7310471 6270652 7310652 7310652 7310471 1940652 7310652 7310652 7310635 7310471 7310652 7310471 7310652 7310652 7310652 7310652 7310652 7310652 7310652 7310652 7310652 7310652 7310652 7310652 7310652 7310652 7310652 7310652 7310652 6270652 7310652 7310652 7310652 7310652 7310652 7310652 7310652 7310652 7310652 7310652 7310471 7310471 7310471 7310471 7310471 7310471 7310652 7310652 7310635 7310652 7310652 7310652 7310471 7310652 7310471 7310652 6270652 7310652 7310652 7310652 7310652 7310652 7310652 7310652 7310652 7310652 7310652 7310652 6270652 7310652 6270652 7310471 7310652 6270652 7310652 6270652 7310652 7310652 7310471 6270652 6270652 7310652 7310471 7310471 6270652 6270652 7310652 7310652 5110471 6270652 7310652 7310652 7310471 7310652 7310652 7310652 7310652 7310471 7310652 7310652 7310652 7310471 7310471 7310471 7310652 7310652 7310652 7310471 7310652 7310652 7310652 7310652 7310765 6270652 7310652 7310471 6270652 7310471 7310652 7310652 1940652 7310652 7310471 6270652 7310652 6270652 7310652 7310652 6270652 6270652 6270652 7310652 7310652 7310652 7310765 7310765 6270652 7310652 6270652 6270652 7310652 6270652 6270652 6270652 6270652 6270652 7310652 6270652 6270652 7310652 6270652 6270652 7310471 7310471 7310471 6270652 6270652 5110471 6270652 6270652 6270652 6270652 7310652 7310652 6270652 7310601 7310471 7310652 7310652 7310652 6270652 7310652 7310652 7310652 7310652 7310652 7310652 6270652 1940652 6270652 7310471 7310652 7310471 7310471 1940652 1940652 5110652 7310652 5110652 5110652 5110471 5110652 1940652 5110652 5110652 1940652 7310652 7310635 7310652 1940652 7310652 7310652 7310652 7310652 6270652 7310471 5110652 7310471 7310652 7310765 6270652 6270652 6270652
7310652 7310652 7310652 7310652 7310652 7310652 7310652 7310652 7310652 7310652 7310652 7310471 7310652 7310652 7310652 7310652 7310652 7310652 7310652 7310652 7310652 7310652 7310652 7310652 7310652 7310652 7310652 7310652 7310652 7310652 7310652 7310652 7310652 7310652 7310652 7310652 7310652 7310652 7310652 7310652 7310652 7310471 7310652 7310471 7310652 7310652 7310471 7310471 7310652 7310652 7310652 7310404 7310652 7310652 7310652 7310652 7310652 7310652 7310652 7310652 7310652 7310652 7310652 7310652 7310652 7310765 7310652 7310652 7310652 7310652 7310652 7310652 7310652 7310652 7310652 6270652 6270652 7310652 7310652 7310652 7310765 7310652 7310652 7310652 7310652 7310635 7310652 7310652 7310471 7310635 7310652 7310652 7310652 7310652 7310635 7310652 7310652 7310471 7310652 7310652 7310652 7310652 7310471 7310652 7310652 7310652 7310471 7310652 7310652 7310652 7310652 7310635 7310652 7310652 7310471 7310652 7310652 7310471 7310652 7310652 7310652 7310652 7310652 7310652 7310652 7310652 7310652 7310652 7310652 6270652 7310652 7310652 7310652 7310652 7310471 7310635 7310652 7310652 7310652 7310652 7310652 7310652 7310652 7310652 6270652 7310652 7310652 7310652 7310652 7310652 7310652 7310652 7310652 7310652 7310652 7310652 7310652 7310652 6270652 6270652 7310652 7310652 6270652 7310652 7310652 7310404 6270652 7310652 7310404 7310652 6270652 7310652 6270652 7310652 6270652 7310652 7310652 7310652 1940652 7310652 7310765 7310652 7310652 7310652 7310652 7310652 7310652 7310652 7310652 7310652 7310652 7310652 7310652 7310652 7310652 7310652 7310652 7310652 7310652 7310652 7310652 7310652 7310652 7310652 7310652 7310652 7310652 7310652 7310652 7310652 7310652 7310652 7310652 7310404 7310404 7310404 7310652 7310652 3730829 7310652 7310652 3730200 6270652 7310652 7310652 7310652 7310652 7310601 7310765 7310652 7310652 7310404 7310652 7310652 1940652 7310652 7310652 7310652 7310652 7310652 7310652 7310652 7310471 7310652 7310652 7310652 7310652 7310652 7310652 7310601 7310404 7310601 7310471 7310652 7310652 7310652 7310652 7310635 7310652 7310652 7310635 7310652 7310652 7310652 7310652 7310471 7310652 7310471 7310652 7310652 7310652 7310652 7310652 7310652 7310471 6270652 6270652 6270652 6270652 6270652 7310471 7310652 7310652 7310652 7310652 7310471 7310652 7310652 7310652 7310471 7310652 7310471
5110471 7310471 5110471 5110471 5110471 5110471 5110471 5110471 6270652 6270652 5110471 1940652 6270652 5110652 1940652 1940652
7790371 7090973 7090973 7090973 7090973 7090973 7090973 7090973 7090973 7090973 9040857 7090973 7090973 7090973 7090973 7090973 7090973 7090973 7090973 7090973 7090973 7090973 7090973 7090973 730646 8870043 8870772 7790937 7790371 7790200 7790937
7790857 9040857 9040857 9040857 7790857 7790857 8190857 8190772 8190772 3470857 9040857 7790752 7790964 7790857 7790857 7790857 7790857 7790857 9040857 9040857 9040857 9040580 9040857 7790857 8190580 8190857 8190857 3730004 3730004 3730004 8190857 3730004 8190930 3730004 3730004 8190857 8190942 8190942 8190770 8870770 2760752 8870770 2760928 7790937 7790937 7790857 7790937 9040857 7790857 7790857 7790857 9040857 7090973 3730004 3731010 3730004 1760973 8190969 7790857 7790937 7790857 7790857 7790857 3470772 3470857 7790741 8190770 3250857 9710857 8190857 8190857 3730646 3730646 2760741 8190969 8190857 8190857 730857 730580 730857 8870888 8190857 3730646 8190580 9710422 4720857 3470857 8190969 3700857 8190857 8190969 8190969 9040857 7790857 3731010 3470857 8870770 9040857 8190071 8190071 3470857 4720857 3730004 4630200 8190857 8190857 3731010 3730646 3730646 3731010 1760973 3731023 9040857 9040857 9040857 2760580 7790857 7790857 3470580 8190857 8190857 3470857 7790857 3470857 8190770 7790741 9040857 7790857 3470857 7790741 8190071 9710857 8190857 8190964 8190857 3730993 8190772 5231023 7790741 7790894 8870043 8870043 2760043 8870043 8870043 8870043 7790857
8190770 7790770 730857 9350772 9710422 3700857 8190942 730857 3731002 3731002 7980973 7790857 8190772 7790857 3731023 2370973 1760973 7790857 8870743 8870043 1760973 2370973 8190930 7790200 6990200 8870580 7790896 2760752 3730004 3471023 8190857 8190580 730857 3470772 7790937 8870043 9710857 3470857 9040857 3470857 8190770 8190857 8190857 9040857 3470857 7790857 7790857 8190404 8190942 3470857 3470857 7790752 8870043 7790857 7790770 8870043 9040857 9040857 7790857 8190857 8190772 8870043
9040857 7790857 9040857 7790857 9040857 3731002 8190772 8190930 3731002 8190857 3730993 8190913 8190700 8190942 8190857 3950888 8870743 4720857 8190580 8190857 8190071 8190071 8190071 7980973 3731002 7980973 2760043 2760888 2760043 2760770 8190772 8190580 2760772 3470772 7790857 8190772 3730646 8190857 8190770 2760043 3730519 3731002 8190857 3730004 8190857 8190857 8190829 3950888 9040857 730857 6660857 5231023 7980973 9040857 9040857 8190646 8190646 8190646 9040857 4720857 2760580 3731002 3731002 8190857 8190519 8870043 730857 3250857 730857 4720857 3700857 8190741 9040857 9040857 8190646 3731002 3731002 8190857 7790857 730857 730580 8190404 8190519 730857 3730004 3731010 7090973 7090973 8190857 8190857 8190772 2760772 7790752 7790519 8190700 9040857 8190646 8190700 9040857 9040857 4720857 3470857 8870888 8190857 8190857 8190857 9040857 8190857 8190857 8190857 8190857 2760043 7790770 7790371 7790857 8190857 3730004 3730004 3730004 7090973 3730004 8190857 3730004 3470772 2760964 9710741 2760772 7790964 730857 730857 9710741
9710071 3470772 8870770 2760770 9710519 3470857 8190071 2760580 9710071 3471023 3731010 3731010 7090973 8190857 9710857 3470772 9710414 9710422 3471023 8190857 2760043 7790371 7790770 7790770 8190741 3700969 8190519 8190857 8190857 8190857 9710414 8190741 9710920 1760973 8190741 9710422 2760752 7090973 9710371 3730004 2760741 9710741 8190772 2760371 8190580 2760964 3730004 8190857 8190857 7790770 7790752 7790937 3470772 3700857 7790964 8870772 3470772 8190857 2760964 7790741 2760770 9040580 7790964 730969 730969 9710422 8190071 3731010 1760973 3730241 8190964 9710371 9710864 3471023 8190857 8190857 3470857 9710920 9040857 8190646 8190646 9040857 7790964 8190857 8190857 9350772 8190580 3471023 8870424 8870888 8870743 8190913 8190969 8190770 3470857 9350519 3731002 8190857 3950888
9350772 2760772 8870772 8870772 8870772 8190772 3731002 8190772 8190770 7790752 7790857 3470772 2760741 7790857 7790894 2760770 7790894 7790894 8870772 3470772 7790752 7790896 7790937 8870770 2760770 2760770 8870043 2760071 3470772 7790969 7790969 9710071 9710071 8190772 7790937 7790752 7790857 7790857 8870772 2760924 5231023 4630200 9350772 9710920 9710920 7790969 9710864 3700857 9710857 9710857 3470857 8190371 9040857 9710371 2760371 9710371 9710857 3470857 3250857 3470580 8190772 8190772 3730646 8190857 8190857 8190969 9710857 9710857 9040857 3700857 9710422 9710422 9710422 8190964 2760071 2760924 3470580 3700969 2370973 730857 7790752 7790200 7790371 7790770 7790752 7790752 7790857 8190580 2760964 7790770 8190964 2760043 2760043 8190964 7790770 7790770 7790894 730857 2760770 7790857 9710857
3730646 3731023 8190371 8190857 3700857 9040857 8190913 3470857 9040857 8190913 8190646 8190913 8190913 3470857 8190770 8190913 3950888 3950888 8190913 7980973 730857 4720857 8190770 7790857 8190913 9040857 7790857 9040857 9040857 9040857 8190071 9710071 9710071 9710920 9710920 2760888 2760752 3470772 2760964 2760924 2760371 2760071 2760888 9710920 3470857 8190646 8190930 8190857 8190857 3730646 8190857 3730004 8190857 8190770 8190071 9710414 3470857 9710071 8190857 2760770 9710920 8870580 7790857 7790857 7790857 9710371 8190857 8190857 7790857 3731023 3730004 8190071 8190371 7090973 8190964 8190772 2760741 7790896 2760043 3731002 9710864 9710864 3731002 2760580 3470772 9710414 8190770 7790857 7790857 9710371 9710422 2760888 2760888 5231023 2760924 7790964 2760964 9040580 7790371 9710864 9710920 7790371 8190857 9710920 3471023 3470857
8190913 7790857 8190646 8190770 8190741 730857 9350772 8190772 7790857 8190071 8190857 8190857 8190371 3730993 8190930 8190857 3730519 8190857 1760973 3730993 8190857 8190857 8190930 8190857 7980973 8190930 9350930 8190969 8190857 8190770 7790888 7790857 7790857 7790857 9040857 7790857 8190857 8190857 8190942 9040857 8190580 8190857 3471023 8190772 8190770 8190519 8190071 8190913 7790857 8190964 7790857 8190913 8190772 8190741 7790857 8190741 7790857 8190646 7790857 8190519 8190913 8190857 8190913 8190913 8190913 7790857 7790857 8190519 8190913 3950888 7790857 8190519 8190913 8190857 8190913 8190580 8190913 8190646 8190913 3731002 8190857 8190857 8190646 8190519 8190913 7790857 7090973 7090973 8190857 8190857 8190519 8190646 8190772 7790857 8190371 7790969 9040857 9040857 8190646 7790857 9040857 8190404 9040857 3470857 8190857 7090973 9040857 7790857 8190857
7790857 7790857 7790857
8190857 9040857 7790857 9040857 4720857 3730993 8190857 3730646 8190071 8190857 8190857 9710857 9710371 3700857 8711023 8711023 7790857 730560 7790894 7790857 8870743 7790770 8190371 4720857 7790857 7790857 3470857 8190913 8190857 4720857 7790937 8190770 8190913 3250857 7790857
3730993 8190857 8190857 8190857 3730004 3731002 8190913 8190646 8190646 9040857 9710857 8190857 9710857 8190770 8190964 8190964 8190371 8190913 8190857 8190371 8190857 3731002 8190930 3731002 1760973 7980973 3730519 3731002 3731002 3731002 3730004 8190857 3731002 8190857 1760973 8190857 3730004 7090973 8190857 8190857 3730004 8190857 8190857 8190930 8190857 8190857 5231023 5231023 8190857 8190857 8190857 8190519 8190857 8190857 8190857 8190857 7980973 8190930 3730993 3731002 8190857 8190371 7310646 3730519 8190930 8190857 8190857 8190930 3730646 8190857 8190857 8190857 8190857 8190857 8190857 8190741 8190071 8190857 1760973 3730004 8190857 3731023 3730200 4630200 8190857 3730646 8190857 8190930 8190930 8190371 8190371 9040857 8190371 8190371 3250857 9040857 3470857 8190857 8190857 8190857 8190857 8190857 8190646 3700857 3700857 8190741 9040857 8190371 9040857 3700857 3470857 9040857 9040857 9040857 8870743 9710864 9710741 3700857 8190857 3700857 9710857 8190371 9040857 9040857 9040857 9040857 9040857 8190913 9040857 3700857 3700857 3700857 9040857 7790857 9040857 8190857 3730004 8190857 8190913 3700857 3700857 3700857 3700857 9040857 9040857 9040857 9040857 7790937 8190371 8190371 8190913 8190371 3700857 9040857 8870743 7790857 9040857 9040857 3470857 9040857 9040857 3250857 9040857 7790937 8190913 3700857 9040857 9040857 9040857 9040857 8190646 8190646 9040857 9040857 8190646 9040857 8190913 9040857 8190580 9040580 9040857 7980973 9350930 730928 730969 3470772
3470580 9040857 7790857 7790857 7790857 7790200 7790857 7790200 7790857 7790857 9710857 9710414 3470857 9710857 8190857 2760752 8190770 3730004 2760371 2760888 8190857 2760888 2760888 3700857 8190964 7790371 9710857 730857 3730004 3731010 3730993 9040857 9040857 730857 3731010 3730004 3730646 8190857 8190857 3470857 3470580 9710422 8190071 730928 730857 7790969 7790857 7790937 7790200 7790937 7790937 730741 8190371 8190371 9040857 2760772 2760964 2760743 7790894 9710371 9710741 9040857 2760071 7790857 9710864 2760888 1760973 8190857 8190857 2760043 9710920 8190580 2760770 3730004 3730004 9040857 9040857 3470857 7090973 3730004 3700969 9710414 9710741 2760043 3730004 3730646 8190857 8190857 9040857 9040857 9040857
3470857 3470857 8190071 8190371 3470857 3730004 3730004 2760580 730646 2760888 2760743 2760743 2760743 7790371 8190580 8190964 7790857 3470857 2760770 7790964 8190371 3731002 8190964 8190930 8190519 3950888 8190857 9040857 9040857 9040857 8190964 2760964 7790371 7790894 7790896 8190964 8190741 2760743 2760888 8190770 7790888 9040857 730857 5231023 8190371 3470857 9710414 3470857 3470857 8190741 8190964 3730004 7790857 9710414 8190741 8190770 7790770 8190741 8190964 8190964 8190964 2760043 7790770 7790741 8190857 8190930 8190741 3731002 8190770 9710857 730857 8190964 8190741 3470857 8190741 2760770 4880973 2760964 7790857 7790888 9710857 2760770 8190857 8190371 8190964 8190964 8190964 8190580 8190646 7790857 3730200 3730519 3730004 3730004 3730004 8190857 8190857 8190770 8190857 8190741 7790937 9040857 2760743 5231023 9040857 9040857 8870888 9350519 8190969 3730004 7980973 8190770 8870770 3730519 8190071 2760580
8190857 3730004 3730004 3730004 3731002 2760772 730560 4880973 8190519 2760964 2760964 2760043 7790894 7790896 8870770 3950888 3950888 1760973 3731023 1030282 3730519 2370973 9710071 3730241 8870580 2760741 2760888 2760924 1030292 4880973 2370973 2370973 3730519 8870743 7790896 7790964 7790519 2760888 730857 9710422 730371 8190857 3731002 3730646 8190580 8190857 8190580 8190646 7790857 3730646 4630200 8190646 1760973 3730004 1760973 7090973 8190857 7090973 7790857 7790857 7790857 1760973 1760973 8190930 8190930 8870772 7790857 7790770 7790770 7790888 3950888 9710741 2760928 3700519 9040857 7790519 7790857 7790857 7790857 9710371 7790371 3700857 9040857 3470857 5231023 3700857 8870969 8870969 8870969 8870969 8190913 730857 9710920 9710920 7790752 7790770
7790371 7790200 3471023 8870424 730928 730857 730857 2760928 730928 730928 8870580 8870424 730646 2760928 2760371 8870580 730646 8870424 8870580 8870580 8870580 8870580 8870580 8870580 7790752 8190580 730371 8870580 2760043 3470580 3470580 8870580 730928 2760071 2760043 2760743 2760743 2760071 2760888 7790519 7790519 250200 2760071 1760973 8190770 9710864 7790894 730969 8190519 7790857 7790894 7790894 730646 7790937 730560 2760071 3730004 2760772 730646 8870580 730646 730969 8870043 7310646 3731002 8870424 730560 8870580 7790200 9350930 2760371 2760043 730580 730580 730646 730371 2760928 8190741 8190857 3730993 8190857 2760741
8870969 730857 8870969 7790857 7790969 7790200 5371023 3731023 3730646 9040857 9040857 8190519 9710422 8190857 8190519 7790857 9710371 9710071 9710857 8190857 8190371 9710857 3470857 8190646 8190071 7790894 3250857 3731010 3730004 8190857 8190741 8190371 3700857 9040857 7790857 3950888 8190071 3731010 8190700 9040857 3470857 8190770 4720857 9040857 8870580 8190519 9040857 3700857 730857 730857 8870772 8870888 7790371 7790937 7090973 7090973 3730004 9710857 9710414 9040857 8870043 9040580 9710857 8190913 730580 8870969 9710371 7980973 9710371 3470580 9710071
8870888 9710519 3730004 3730004 3731010 3731010 3730646 3731010 3730646 3731010 3730646 3730004 8190969 8190829 2760743 7790888 7790964 8190964 3730004 8190857 2760741 730969 730741 8190857 8190770 2760743 2760752 2760071 2760741 8870770 7790741 9350519 730969 250200 2760741 730857 8190519 9710422 3700969 2760580 2760580 8190829 8190930 8190519 6660857 5231023 730741 8190857 730580 8870969 8190857 730857 730857 6660857 2760752 2760752 3730519 3730241 8190519 9350930 730580 730741 730741 730741 730857 730560 6660857 9350519 7980973 7980973 8190857 730928 730928 730928 8870969 730646 8870580 9710864 730371 8870969 8711023 730857 3731010 3730004 4630200 8190857 8190741 8190071 7790964 7790937 730857 730857 730857 8870424 730646 2760371 730928 730560 730560 730646 730857 6660857 730857 9710422 2760752 8870770
730928 730928 9350930 730857 730646 7980973 730857 730928 730928 730928 730857 730857 730741 730969 730857 730646 730741 730969 2760580 8870043 730857 730857 2760371 730560 730969 2760371 730371 730646 2760928 7790200 730857 8870580 7790752 730857 8870043 7790371 8870743 8870424 2760928 2760928 8870043 7790857 8870888 7790857 9040580 8870580 730969 8870580 8190519 2760924 7790888 7790937 7790371 7790371 5370404 7790937 8870770 8870888 7790371 8870969 8870743 7790200 3950888 730969 2760741 2760928 8870772 2760741 2760580 8190857 3730004 1760973 8190857 8870772 9710414 2760752 2760772 2760770 2760770 2760770 7790200 730741 9350519 730969 730969 9710857 8190969 8190857 8190857 8190913 9710864 730741 2760371 7790770 8190371 7790857 7790937 7790200 7790969 8870772 730646 730857 730857 730857 730580 730928 2760928 730857 730857 730857 730928 2760580 7790200 730371 7790371 730560 8870772 7790937 7790937 7790770 7790752 8870580 8870772 7790770 730580 7790741 7790741 7790770 7790741 7790770 9040580 8711023 2760371 2760043 2760741
7790741 5231023 7790857 2760741 2760741 3730519 3730519 8190371 3700857 8190770 8190857 8190857 8190857 8190857 8190857 7090973 8190857 730857 7090973 9040857 7790857 3731023 3730646 2760888 6660857 2760928 2760964 7790857 6660857 730928 7980973 3250857 730580 3730004 3730004 730580 2760580 2760924 2760371 8190741 8711023 8190371 3730004 3730004 3730519 3730200 3731023 8190857 3730241 8190857 8190580 8870424 8870580 730928 8870580 730928 2760580 8870580 730580 8870580 730580 730646 730741 2760770 730741 730928 8870743 730857 2760928 2760741 7790519 2760928 730560 7790937 8870969 8870043 3950888 7790857 7790857 8870770 8190857 8190930 2760928 730580 8190857 2760772 2760772 2760772 8190772 730969 8870772 7790937 7790857 7790937 3731010 3730004 7090973 1760973 1030857 3731023 1760973 1760973 8190930 7090973 8190580 2760770 2760580 2760043 2760580 730580 730928 730928 730580 730928
8190969 7090973 730741 7790519 2760580 2760580 7790857 3700969 8190519 730560 7790937 4630200 7790857 7790937 7790200 7790741 8870424 2760741 730969 730371 730857 730580 6660857 6660857 730857 730857 730741 730857 6660857 2760928 5231023 6660857 9350772 8870743 2760888 5231023 730371 730371 730580 8870888 6660857 2760743 730928 730646 7790937 2760924 2760752 2760770 2760770 2760071 2760741 2760043 730646 2760371 7790741 8870580 730580 730580 730371 6660857 2760043 6660857 730580 730857 9350519 8870580 8870743 8870580 730646 730646 7790969 2760743 8711023 2760752 2760888 2760371 2760924 2760043 2760924 2760928 8190942 7090973 2760043 2760741 2760928 2760928 2760928 2760928 8870043 730580
9710414 2760741 3470857 730371 8870770 8190519 7790200 9350519 7790857 8190519 7790770 8190519 7790857 7790937 7790857 7790937 8870770 9710920
730646 8870424 730928 9350772 730928 730928 8870043 730928 8870043 8870043 8870043 8870424 730928 8870043 8870580 8870580 730580 8870580 7790937 7790200 8870580 8870580 8870043 8870043 8870043 2760580 2760043 2760043 2760888 7790857 8711023 3700969 9710414 2760924 2760071 2760888 2760752 9710519 9710071 8870969 6660857 730580 730928 730928 730857 730371 730928 7980973 7980973 6660857 730857 730857 2760964 730857 730857 8870043 8870580 730928 9350772 730857 730857 730857 730741 730928 7980973 7980973 3730004 7980973 6660857 8190930 9350519 730857 6660857 730857 730371 9350519 6660857 7980973 7980973 6660857 9350930 7980973 730857 6660857 730857 730857 730857 730857 730857 6660857 8190857 7980973 7980973 7980973 7980973 8190964 8190857 8190519 7790857 7790857 7790857 7790857 7790857 7790857 7790857 7790371 7790371 7790371 7790770
7790857 8190857 7980973 1760973 8190519 8190519 8190772 8190519 1760973 2370973 1760973 1760973 2760964 8190646 1760973 4630200 8190404 8190930 730857 9350930 1760973 1760973 3730004 8190930 6660857 8190829 8190964 8190770 8190741 8190857 7790857 8190519 8190519 3731002 1760973 1760973 4630200 3730646 3731002 4630200 1760973 3730004 8190371 250200 8190580 3731002 3730519 3730646 8190857 8190857 3730646 3730004 1760973 3730004 3731002 2760741 2760924 8190404 8190519 8190741 8190519 7790857 8870424 9350519 2760924 2760924 7790964 2760741 8190519 2760888 7790200 8870770 8190519 730857 7980973 8870969 3731002 3731002 8190857 8190857 3730004 8190519 5231023 8190772 3731023 3731023 3730519 8190857 8190857 3730241 3731023 3731023 8190857 4630200 8190930 8190519 8190519 2760371 8190772 4630200 3730004 3730004 2760752 2760580 8870424 3730004 8190913 8190580 8870424 9350519 8190580 8190964 7790857 7980973 7790857 6660857 730857 3250857 8190857 3730200 3731023 1760973 3730646 3730646 3730646 7790857 8190519 8190404 8190913 8190519 2760964 2760964 2760964 2760888 8190857 3731002 1030282 2760741 5371023 2760772 1760973 3730004 1760973 1760973 8190772 8190857 8190519 8190857
2760071 2760770 7790741 2760772 8190772 8190857 8190071 7790964 8190580 7790857 8190519 8190857 2760043 9710920 3470857 7090973 7090973 7090973 8190857 9710071 3470772 3470772 8190857 8190913 7790200 2760043 7790857 7790200 7790857 8870580 8711023 3730519 8190770 2760371 7790857 7790964 2760743 7790770 8190646 8190964 2760752 2760752 2760043 7790371 2760743 8190969 8711023 9710414 3700969 9710857 8190857 2760043 7790200 9710920 3470772 7790770 8870888 7790896 2760924 2760924 9710414 3700969 6760857 8190404 9040857
730857 730857 730857 2760043 2760743 8711023 2760964 7790741 3471023 7790896 2760741 9710741 3950888 9710422 7790371 8190519 8870580 7790969 730857 6660857 730857 730857 6660857 6660857 730857 730857 730857 6660857 730857 730857 9350519 730857 6660857 730580 9350519 730857 730857 730857 2760580 8870580 8870888 2760741 730857 8870580 2760928 9040580 5231023 5231023 7790200 730857 8190969 8870969 8870580 8870580 7790371 730857 9040580 8190741 7790937 7790752 8190646 8870969 8870969 730646 7790969 7790969 8870580 730646 730646 2760580 730928 730857 730857 730857 9350772 6660857 730857 730857 9350930 730857 730857 9350930 730928 730857 2760580 730928 8870424 8870043 8870969 730741 2760371 8870743 8870888 8190580 7790200 730371 730371 730857 8870888 8870743 2760580 2760371 730646 730741 2760580 730560 730560 730928 6660857 730857 2760928 730560 2760770 730928 2760770 2760043 2760752 8870580 5231023 2760741 3470857
8870580 2760580 2760928 2760752 730857 730857 2760580 730580 730371 3700519 730560 730560 7790964 7790741 7790519 2760928 730928 8190857 7090973 7090973 7090973 7790896 730928 2760888 8870743 730560 730969 730646 8870580 3700969 8870770 2760928 2760043 2760928 730857 730560 730646 9040580 3470580 7090973 3950888 8870580 8870580 9040580 8870580 2760371 2760741 7790519 2760741 2760924 8870580 7980973 3730004 1760973 1760973 1760973 7090973 7090973 8190519 730646 730646 7790969 730371 2760741 730371 730580 730741 9710864 730560 2760924 2760371 8870770 8190930 8190857 8190913 3950888 7790894 7790894 7790964 730741 2760964 3470772 7790937
8190857 3730004 8870580 8870580 8870424 8870580 8870969 7790937 4040200 8870043 7790857 2760071 7790519 8870772 3470857 730857 730857 2760071 730857 8190857 4720857 2760770 8190930 2760888 730857 2760580 730857 730857 9350519 9350519 9350519 2760964 2760964 2760770 2760770 2760580 2760580 2760752 8870424 7790200 8870772 3730004 3730004 3730004 3731010 3730004 8190857 8190857 8190964 9710071 8711023 3730004 8190580 8190857 2760071 730741 730857 8190930 8190857 8870969 8190580 7980973 730857 8870743 3731023 3730200 3730646 3731023 4630200 8190857 2760580 9710422 730857 3731002 3731002 8870580 8870969 8870969 1030282 3731023 3730646 1030857 3730241 3730241 3731023 1760973 3730241 8870969 8870580 8870770 9040580 7790200 730646 2760043 8870772 7790752 730857 8870580 8870043 8870770 730560 3730004 3731002 3731002 3731002 730857 730857 2760043 6760857 3730241 3730241 3730519 3730241 9350930 730741 7790969 8870888 730371 8870424 5370200 8190580 8711023 2760752 730857 730969 730857 2760752 8870969 730857 2760888 7790200 8190772 8870043 7980973 6660857 8870770
9350930 5231023 8190770 8190913 7790857 7790741 2760752 2760924 7790857 3731002 3470857 3470857 6660857 9710371 7790894 7790741 7790741 8190580 730857 3730004 7980973 7310646 730560 730857 3731002 1760973 3730004 7980973 8190969 8190930 8190857 6760857 8190857 3730004 8190857 3470857 9710857 8190857 8870424 6660857 2760752 3730241 8190969 3730004 3730004 8190857 9710857 730857 5231023 730560 1760973 3730519 3731002 8190371 3730241 3730993 3730993 730857 2760580 3730241 1760973 1760973 1760973 3731002 5231023 8711023 3730241 8190857 8190371 8190969 2760770 7790937 3730519 9710857 9710741 5231023 9710371 7980973 3731002 8190371 9710864 3250857 8190519 3731023 1760973 8190371 3700857 730560 2760741 9040580 8870772 8870424 7980973 8190913 8870772 9350519 8870969 7790200 8190857 3731002 8190930 730371 730857 730857 9350930 730741 8190964 5370404 730928 8870770 8870969 7980973 7980973 9350519 9350519 9350519 2760580 730741 9710857 3731002 1760973 3731002 3730646 8190857 8190371 8190580 3700519 3470772 7790857 8870743 8190580 8190071 8190071
3700969 8190930 9040857 9710864 9710741 5231023 9350930 3731010 3730004 8190857 2760043 8190404 2760928 8190913 7790200 8190770 8190741 8190371 8190969 9040580 8190772 3470857 3471023 7790894 7790741 7790770 7790896 7790896 7790937 7790857 2760752 9710857
8190071 8190741 3470857 7090973 7090973 7090973 7090973 7090973 8190071 2760964 7790857 7790741 3470857 3471023 7790770 730969 9710864 730371 8711023 730646 730560 8870580 8870580 8870580 8870580 6660857 6660857 2760752 2760752 8870772 8870770 8870888 2760928 730857 8190371 7980973 9350519 7790200 730646 9350772 8870888 8870424 8870743
7090973 7090973 9710071 7790519 2760770 7790896 2760772 7790752 7790894 7790200 2760741 7790894 2760772 7790770 7790770 2760043 2760043 9710920 8190071 3950888 7790752 9350519 9710414 2760071 7090973 8190519 2760964 2760770 2760580 2760580 2760770 2760770 2760964 2760580 2760071 2760071 2760580 7790937 2760580 2760752 2760043 2760043 7790371 2760043 2760371 7790741 2760924 2760743 2760580 2760580 3730004 3730004 3730004 7090973 7090973 7090973 7090973 7090973 7090973 7090973 7090973 7090973 7090973 7090973 7090973 7090973 7090973 7090973 7090973 7090973
9350772 730857 9350772 9350930 9040857 7790937 8190741 730646 730857 3950888 7790937 9350772 7790200 8870772 8870772 8870888 7790857 6660857 9350772 9350772 9350772 9350772 730857 9350930 8870043 2760924 3731010 3731023 3731023 7090973 7090973 9710371 7790741 9710741 730857 5231023 2760772 2760770 7790969 730969 730969 7790371 8190741 8190741 730857 7790969 1030282
730371 8190969 9710371 2760741 3731002 2760752 2760928 730857 730580 730741 9710422 2760580 8190071 8190930 3730004 7980973 9350930 9350772 7790969 8190969 8190913 2760752 2760752 9350519 3731002 9710857 9710371 4720857 8870770 3731002 8190969 7790857 7790857 7790969 8870969 8870969 8870580 7790969 7790969 8870772 8870580 7790969 7790969 8870772 8870969 8870580 8870969 730928 8870580 8870580 730969 9040580 7790937 7790969 7790969 8870580 7980973 8190930 8190772 8190371 3731023 3731023 7980973 3730241 7980973 730741 8870969 2370973 2370973 3731023 1760973 8190857 3730993 5231023 9040580 8870580 3700969 8870969 8870580 3700519 5370200 9350519 3250857 730857 8870888 7980973 7980973 5371023 8190071 8711023 8190913 4630200 3731023 4630200 250200 1760973 8190857 8190770 3731023 1760973 8190857 8190857 8190646 4630200 8190857 1760973 1760973 8190071 9040857 3950888 8190071 4720857 9710920 3950888 7790741
7090973 4720857 8870743 8870772 730857 730371 2760580 2760752 2760770 9350519 2760770 2760770 2760071 2760580 8190930 7790857 4720857 8190580 3730004 3730004 2760964 2760043 2760743 2760743 2760743 3730200 3731023 8190857 730928 730857 8870424 8190857 8190857 8190857 2760741 2760071 7790888 730857 730857 730580 2760580 8870424 8870888 3250857 8190930 3730004 8190857 3700857 8190857 3700519 2760770 7790752 8190857 3730004 8190770 8190857 9040857 8870969 5231023 8870770 8190770 2760371 8190371 7790964 7790894 7790741 7790896 9710519 2760964 8190580 8870580 2760928 2760752 3700519 7790770 2760770 2760752 2760752 2760752 8190770 3730004 2760770 2760770 2760888 7090973 8190913 8870770 730928 730969 730857 730857 730969 730928 9710422 7790937 5231023 3470772 730857 8190969 8190969 8870969 8190969 8190857 8190969 8190969 9710371 8870888 8870580 8870424 730928 9710422 8870743 8870424
730857 8870743 8190071 8870969 8870969 8870424 730969 8190857 3730004 2760928 2760043 730857 730857 730857 8190770 6660857 730857 730857 9350772 730857 730928 730857 730646 730741 7790752 8190829 3731023 8190857 8190930 2760071 9350930 3730004 8190857 7980973 3730646 3730004 3731023 8190857 8190857 8190580 8190930 3700969 8870580 8870580 8190857 8190857 7090973 8190857 8870424 8870969 8870580 730969 730580 8870969 8190071 1760973 3731010 3730241 3730241 2760043 2760743 2760043 730371 6660857 730857 8190580 7790741 8190580 8711023 8190969 8190700 3731010 1760973 3731010 3730004 8190857 8190857 8190857 8190857 8190857 8190646 2760043 2760043 8870743 3730004 3730004 8190404 3731002 9040580 2760772 730928 730857 2760580 3250857 2760964 8190857 8190857 3730646 8190857 3730646 8190857 8190857 8190857 2760964 1760973 1760973 3730004 8190857 8870043 9350930 8190580 7980973 9350772 3731002 8190969 1760973 1760973 730857 730857 730857 730857 730857 730857 730969 730857 8190930 8190930 8190969 8870743 7790200 9350519 9350519 8870580 7980973 7980973 7980973 3731002 5370200 3730004 730857 730857 730857
8870772 3730004 3731010 3731010 3730646 8190964 3470580 2760071 8190969 9710920 8870772 7790894 2760888 8870580 8711023 730371 7790371 8870580 9040580 8870043 7790937 6660857 3730646 8190857 2760772 730371 7790937 8870580 730857 5231023 9710422 2760924 7790770 2760743 9710414 8711023 2760743 2760964 7790888 7790770 7790770 7790752 2760888 7790896 2760743 7790741 7790857 3470772 7790752 7790371 8870770 8870888 7790371 7790371 7790770 7790937 9710371 8870580 3471023 2760743 2760743 2760743 8190964 3950888 4720857
730928 730580 2760580 7790896 730580 8870580 730580 730741 9710864 7790371 8190857 7790894 9710519 8190857 730646 730741 2760772 7790937 7790894 2760741 2760741 9710519 9710414 7790519 9710371 3700969 8190857 2760772 2760924 3950888 8190857 8190519 730928 8870043 2760741 2760741 2760770 4040200 7790969 4040200 730741 2760371 7790200 7790200 7790937 7790937 3730004 3730004 730371 8190741 2760071 2760071 9710519 2760770 2760770 730928 8190857 8190857 8190857 9040857 3470580 7790770 8190580 8190770 8190770 9710864 9710741 2760772 2760371 2760371 3730004 3730200 3731002 7790857 2760924 2760371 8870770 7790969 7790894
730857 3730646 7790857 7790896 8190772 2760580 3731023 3730519 8190857 7090973 8190857 3730241 4720857 8190857 8190580 2760580 8190770 7790752 2760888 7790857 7790519 7790857 7790857 2760043 7790937 730857 8190519 3470772 3470772 8190580 8190646 8190371 2370973 3731023 3730646 1760973 3731002 8190772 8190772 8190772 2760071 5231023 3730004 8190580 8190580 8190964 7980973 3731002 3730200 8190857 8190930 8190772 8190857 8190371 7790894 7790857 3730004 8711023 7980973 5231023 3250857 3730200 3731023 4630200 8190519 8190519 8190930 2760888 2760964 4630200 9710371 9710422 7790857 3470857 7790857 7790857 8190857 3731023 3700857 3700857 3731002 3730200 8190857 9710857 8870580 9710519 4880973 7980973 3700519 2760924 8190930 2760043 7790888 3731010 8190646 9040857 4720857 4720857 3700857 3700857 730857 730857 8190930 8190930 8711023 7790894 7790770 9350519 7790857 7790857 7790857 7790519 1760973 7790519 7790519 730969 7790519 7790519 7790519 7790937 7790519 7790519 9350930 8870770 8870772 8870772 8870772 8870772 7790969 9350772 7790200 2760772
8870580 7790894 730857 3470772 7790894 9710071 7790964 9710071 2760964 2760371 7790894 730580 8870580 8870580 2760772 7790937 7790964 7790888 3950888 730741 7790964 7790896 7790888 7790937 7790896 2760043 2760888 9710741 9710371 7790741 730741 9710422 9710422 7790937 3731002 8870772 1030857 3731023 1030857 2760770 2760964 8870888 7790896 2760772 2760772 7790894 7790894 3470580 2760043 8870580 9040580 7790371 7790964 8190969 3730200 6660857 7090973 7980973 3730004 4630200 3731023 3731023 4630200 4630200 3731023 3731023 4630200 3731002 9040857 7790770 8870043 7790894 3470580 7790896 730560 8870772 7790770 7790964 3470580 2760741 8190930 3730241
7090973 7790888 8870969 7790964 730560 2760924 2760743 2760888 2760743 7790964 7790888 8190580 2760580 2760580 2760924 3470580 9040580 2760043 7790200 7790200 8870969 2760071 9710519 2760580 730857 730928 730928 730928 8870424 2760071 2760743 730741 7790770 7790969 7790964 730857 2760752 2760741 9710371 730580 5231023 730580 2760371 730928
8870580 730928 8190646 7090973 7090973 7090973 7090973 7090973 8190071 7790371 8190580 9710864 7790741 9710422 7790752 7790896 730928 7790857 7790894 7790857 7790937 9040580 3470580 3470580 3470580 8190646 3470580 9710519 2760888 9710414 7790964 7790937 2760043 7790770 7790937 7790200 2760772 2760772 7790200 7790519 7790200 2760371 9710371 9710371 2760371 3730004 3731010 3730004 8190857 8190857 7790937 7790857 8870888 7790752 7790857 2760743 7790937 7790964 2760071 8190071 8190857 8190857 8190857 8190646 7790857 7790857 3700519 7790371 8870772 7790371 2760043 8870743 3470580 3470580 7790894 7790894 7790894 7790896 7790964 8870772 7790969 7790937 7790770 7790964 7790937 250200 3700519 3730646 3730004 8190857 7090973 8190857 8870043 8870580 7790937 7790857 2760924 7790937 3700969 8870969 7790969 8870043 7790857 7790937 7790937 7790969 7790888 7790937 7790896 7790894 7790937 8870772 3470772 8870043 730371 7790857 7790894 7790857 7790857 8870043 2760928 2760964 8190071 7790888 3731002 3730519 8190857 7790857 7790371 8870969 3730004 3730004 3730646 8190071 8190857 3731023 8190857 9350772 3730004 8190857 1760973 7090973 8190857 8190857 8190913 8190772 7790857 8870969
2760924 2760770 2760752 2760071 3250857 2760770 8190580 3730004 9350519 9350930 2760743 8190071 730857 5231023 730560 730857 6660857 6660857 6660857 8190857 9040857 3950888 3730004 9350519 8870772 2760371 730741 7980973 3731002 3731002 3731002 8190857 8190857 8190646 8190857 7790857 7790969 7790937 9350930 9350930 3731002 1760973 9350601 730969 730928 8870969 8190857 8190857 3700519 8870888 7790770 8190857 3730646 3730004 8190646 730857 8190969 9350519 730969 7790969 8870969 7980973 7980973 1760973 3730200 2760071 9710071 8190646 7090973 7090973 7090973 8190371 8190964 3471023 9040857 7790964 7790969 730969 2760770 730969 2760770 730741 3731002 3730519 3730004 3731002 9350930 8190519 8870424 2760772 9350519 2760071 3730004 3730004 9350772 7980973 7980973 2760928 2760371 2760741 2760772 2760772 3730004 9350930 8870888 7790964 730560 2760371 2760371 9350930 730857 8190772 8190857 8190857 8190772 730857 2760964 8190930 8190930 3730993 2760741 8190519 8190913 3730004 3730646 3731023 3730004 9350519 8190770 2760928 2760752 8190404 7790770 8870772 2760071 9350772 8190964 7980973 3730004 8190519 2760743 2760071 2760071 2760071 8190519 2760580 2760964
7980973 7310646 9350930 6660857 6660857 2760743 8870580 7980973 7980973 9350930 6660857 730857 7790857 8870580 8870772 2760580 730857 7980973 730857 730857 9350930 7310765 6660857 7980973 3731002 7980973 9350601 7980973 730857 9350519 730857 9350930 730857 9350519 6760601 9350519 8190772 2760770 7310601 3730519 3730993 6660857 9350930 9350930 8190969 7310765 6660857 6660857 9350930 9350519 730580 7790371
7790937 8870580 7090973 2760964 7790752 7790964 7790894 7790200 730646 8870772 730371 3730993 8190857 8190857 8190857 2760043 7790888 2760071 9710920 7790964 9710741 730969 8870770 8190519 7790857 7790200 7790857 730969 2760043 2760770 7790888 8190519 730969 8870969 7790969 730928 8870888 2760043 3730004 8190770 3730004 7790857 7790752 8190969 7790770 3470772 7790896 9710414 9710422 7790770 2760752 2760071 2760071 2760772 1760973 7790857 730969 5231023 3470772 8190770 8190857 7090973 9710071 7790770 9040580 8870969
730560 8870580 2760580 7790937 7790519 7790937 7790519 7790752 7790770 7790857 8190646 1760973 1760973 2760043 2760043 2760043 7790896 2760043 7790964 7790964 7790937 9710071 9710920 7790857 7790857 7790741 7790752 9710519 2760071 2760888 7790937 8190772 8190772 2760043 2760743 8870043 8190519 8190964 8190964 7790857 3950888 8190969 8190857 4720857 4040200 730646 730857 730580 730580 730857 8190964 7790857 7090973 7090973 8190969 3700857 3730519 8190964 1760973 730857 730741 9710422 9710422 2760752 7790770 8870772 8870043 8870580 730928 730928 730646 7790969 8870043 7790741 8190913 730560 2760964 2760772 2760964 3470580 7790964 7790752
7790969 7790741 7790770 3950888 7790770 2760888 2760928 2760770 2760770 7790888 2760928 9040580 9040857 9040857 7790937 8870969 7790964 2760924 2760928 7790200 7790894 7790964 7790519 7790937 7790752 8870580 7790937 730646 730646 730928 7790371 3470580 2760371 2760928 730928 8870888 7790371 2760924 5231023 2760741 2760924 2760371 3730004 2760888 8190969 7790894 8190772 730928 8870969 7090973 7090973 7090973 7090973 730371 730560 2760772 2760071 7790371 8870043 8870580 7790371 2760580 7790752 2760928 9710422 2760043 7790741 3470580 7790857 7790200 7790200 7790964 7790964 7790937 7790937 2760743 2760043 2760043 2760043 8870888 2760043 4040200 3470772 7790896 730580 730580 9350519 8190580
8870969 2760743 8870580 7790896 7790896 7790937 9040857 7790857 7790857 7790857 7790857 7790857 4880973 7980973 4880973 4880973 4880973 4880973 7980973 4880973 7980973 9350930 5370200 5370200 7980973 730857 8190772 7790857 7790857 7790857 7790857 7790857 7790857 7790857 8190857 7790857 7790857 730560 8870969 730969 2760752 2760772 2760043 3700969 3470772 8870043 8870043 8870969 8870969 7790894 8870969 8190969 2760043 730580 730928 2760928 2760580 8870772 8870772 7790894 8870969 8870888 7790964 8190857 7090973 7090973 8190857 7090973 2760964 7790519 7790896 7790894 7790896 7090973 2760580 2760580 2760580 2760580 730560 8870580 7790894 7790896 8870580 730580 730580 730580 2760580 7790896 2760772 7790964 2760371 9040580 8190519 7790752 2760043 2760043 8870580 3700969 2760772 7790519 7790519 7790894 8870043 7980973 4880973
7790888 7790770 2760043 7790894 8870770 7790937 3470580 7790200 7790969 730646 7790371 7790741 7790519 2760741 7790519 2760741 730580 9350930 8870580 8870772 7790200 9350930 8190519 7790857 730857 730857 2760741 9710519 7790752 3471023 7790371 7790937 7790937 8870043 7790894 7790857 7790857 730857 8870043 7790888 2760888 2760752 7790888 7790964 3470772 3470772 7790857 2760741 7790937 2760371 730969 9350519 2760371 2760741 2760752 2760043 730741 7790888 8711023
7790857 7790857 7790857 7090973 8190519 8190857 8190913 8870772 4720857 3731002 8190772 9350930 3730004 8190857 8190857 8190580 8190580 8190857 7090973 8190857 8190857 8190857 8190857 8190857 4630200 8190857 7790857 7790857 7790969 8190071 8190772 8190770 9710857 8711023 2760071 9350930 9350930 3731002 3730004 9350930 9350930 8190857 7790857 7790857 7790857 8190913 8190519 8190519 7790969 730741 2760770 8190700 7790857 8190772 9350519 8190857 3730004 8190580 3731002 730857 730857 730857 730371 7790964 3731010 8190857 3730004 730580 730580 730580 730857 730580 730580 730857 7790200 2760928 7980973 7310646 8190964 8190969 8190772 8870424 9350930 8190071 2760888 9350519 8190519 8190857 8190857 3730004 3730004 3730004 8190857 8190857 8190857 8190857 8190857 8190857 8190741 7790857 7790857 7790770 7790857 9350519 730857 730857 730857 8190371 8190741 8190964 8711023 7790857 8190857 8190772 8711023 3730004 7980973 7980973 3730004 7980973 3730993 8190580 730857 730857 730371 8190772 8870969 7790857 7790857 8190969
2760371 3250857 8190969 9710371 9710371 9710422 3700857 3730004 8190857 8190857 8190857 8190857 8190857 8190857 3700519 9710864 730928 730857 730371 730857 8190772 8190857 8190930 9710414 7790857 3700969 9710414 8190969 9040857 3731010 3470857 9710519 9710371 9710371 9710864 2760371 9710371 8190770 3730004 7090973 7090973 8190857 8190770 3730004 2760043 9710422 3731010 3731010 3730004 3730004 8190857 9040857 3730004 8190857 8190857 8190857 8190857 8190857 7090973 2760924 7790371 730371 7790857 7790857 7790857 7790857 7790857 7090973 7090973 8870580 8870770 9710414 3470772 9710071 8190857 7790937 7790937 8190772 2760741 9710864 2760924 7790741 2760924 7790857 7790741 7790857 7790937 7790857 8190857
7090973 7090973 7090973 7090973 2760772 2760741 9710414 9710422 8190741 3730004 8190857 3700857 2760741 2760928 8190071 7790857 730646 8870580 8190741 8190857 8190857 3470857 7790857 7790857 7790857 7790857 7790857 7790937 7790937 2760888 730928 8190857 8711023 3730004 3730004 8190770 2760770 8190857 9710414 2760772 7790964 9040580 7790857 2760043 7790770 7790741 3470857 9040857 2760924 2760924 7790371 3471023 8190772 8190857 2760772 2760741 2760752 2760928 3470772 9710371 2760741 9710864 730580 8190580 9710422 9710741 7790371 3731010 7090973 7090973 7090973 7090973 7090973 3700969 3700969 3731010 8190857 7090973 8190857 3700519 9040580 9040580 2760964 2760741 2760741 7790888 2760743 2760371 3730004 8190857 8190772
2760743 9710864 8190519 8190519 8190857 7090973 7090973 730371 3730004 9350519 9350519 7090973 8190857 2760371 730969 9040857 7090973 8190857 7090973 8190071 3730004 3730004 3730004 8870580 7790857 7790857 7790857 7790857 7790857 7790200 7790857 7790857 7790937 8190371 8190071 3700857 3731010 3731010 3730004 3730004 8190857 3730004 3731010 7090973 3470857 730928 7790752 9710422 9710519 2760772 7090973 7090973 8190772 7790371 730560 2760964 3731010 3730004 7090973 3730004 8190371 730560 2760964 8190857 7090973 3731010 8190857 9710857 8190371 9710422 8190857 3730004 7790371 9710414 8190071 9710519 9710864 7790857 7790857 7790857 7790200 7790937
3470857 9040857 3470857 3730993 3731023 3730646 3730646 1760973 8190857 3730004 1760973 1760973 8190857 8190857 5231023 3700519 9710857 8190857 2760043 8870580 8870770 8190519 2760888 7790896 2760071 7790937 2760741 7790741 7790770 8190770 7790964 3471023 8190770 1760973 1760973 3730004 8190519 8190519 9710864 9710422 9710741 9710857 3700857 3700857 9710414 9710071 9710857 9710422 8190741 8190857 8190857 9710857 9710371 3470857 8190770 8190519 7790857 8190857 8190770 8190772 9710414 730857 2760964 3471023 7790770 8870580 7790770 2760772 7790964 3950888 8870770 8870743 3471023 3730646 8190964 8190371 730857 730857 8870770 9040857 3470772 9710414 7790200 8870580 3470580 7790752 3470580 7790894 7790896 7790937 7790857 7790200 7790857 7790896 2760752 2760741 2760964 2760888 7790894 7790857 8190580 3731023 8190580 2760964 7790770 4720857 2760741 3730519 3730646 3470857 5231023 2760752 3470857 8190770 7790896 7790752 3950888 9710920 1760973 2760752
9350930 9350930 3731002 9710857 3731023 3730004 8190770 9710857 8190071 8190741 2760371 7790200 8190772 8870969 8190969 8870969 8870969 4040200 4040200 8190741 7790857 730857 7980973 8190857 8190772 7790200 7790200 7790969 7790741 730646 8870743 7790896 7790857 7790969 8190071 8190519 3730004 8190071 8190857 9710371 730857 730857 9350772 2760772 7790200 7790937 7790894 7790937 7790969 730857 2760888 7790969 8870043 8870043 8870580 8870580 8870580 7980973 8190857 8190857 3470857 3731010 8190772 2760924 8190772 7790857 8190770 7790200 7790770 2760964 8711023 2760888 3471023 8190071 2760043 7790964 8190964 8190770 8190772 3730241 3730241 8190930 8190741
7790857 9350930 7980973 730857 730857 3470580 2760924 8190404 8190857 3730646 8190857 3730646 7090973 7090973 7090973 3730004 3471023 730857 730857 730857 8870043 8870580 8870580 730857 8190519 2760580 9710857 7980973 3730004 1760973 2370973 9710741 730928 8190371 2760741 3730004 3730004 3730646 3730004 3470580 2760752 7790964 9710920 8190519 3730004 8190857 2760924 9040857 7790894 2760741 7790894 7790896 2760071 2760888 7790888 8711023 7790770 7790964 3950888 3471023 7790857 7790857 7790857 3470580 8870772 7790857 7790937 8870743
8190770 9350519 2760888 2760741 2760043 8190741 2760741 2760580 2760741 2760741 2760071 2760924 3470857 3471023 3470857 3470772 3470772 3470772 7790894 3470772 2760770 2760770 9710857 3470857 3470857 3470857 3470857 8190071 5231023 9710857 3700857 8190741 3700857 9710371 9710857 8711023 8711023 8190770 8190519 8190857 8190857 8190519 7790741 8190964 3470857 3700857 7980973 8190770 8190646 8190770 8190857 8190770 8190519 8190580 8190857 8190770 8190913 7790857 2760770 8190772 8711023 3470857 7790857 8190964 8190969 8190772 8190857 8190772 8190857 8190646 9040857 8190857 8190857 8190741 8190741 3470857 9040857 3470857 9040857 9040857 3470857 3470857 8190857 8190857 3471023 3470857 8190071 8711023 7790371 3950888 3470857 8190519 8190857 8190857 3470857 9040857 8190646 8190913 8190404 9710857 9710857 8190913 7790857 9040857 7790857 3730646 8190772 8190519 8190857 9040857 9710519 8190519 3470857 3470857 8190646 8190519 9350772 3471023 8190519 8190580 9040857 3471023 8190964 3470857 8190964 3470857 9040857 3470857 9040857 9040857 3470857 8190646 8190857 7790857 730857 4880973 7980973
3700969 4720857 8190580 8190857 8190404 730560 9040580 2760043 3700969 2760743 8190964 3730004 3730004 8190857 3730646 9710422 3731010 4720857 9040580 8190964 2760752 2760924 8711023 9710920 8711023 7790770 8870772 2760888 2760043 3731010 3730004 8190580 8190371 9040857 2760888 7090973 2760752 3730004 730857 8870580 8190857 1760973 8190580 3730646 3730646 8190857 8190857 8190580 730580 730857 9710422 3731002 1760973 1760973 4630200 7790857 7790857 3731002 8190857 8190857 8190857 8190857 9710857 3470857 9350930 3730519 3730519 8190857 3470580 730857 3471023 9040580 9710422 2760741 7790371 3470580 8190857 3730004 8190857 8870743 8190857 9710422 8870969 3700519 9710519 7790888 9040580 9040580
9040857 9040857 8190857 7090973 3470580 3730004 3731010 3730004 8190741 9040857 3731010 3730646 3470857 3470772 9710519 3471023 9710071 7790770 8190772 7790857 8870772 7790857 3470772 2760924 3470772 3730004 3700857 8711023 8190857 3700969 8190857 3470857 3470857 7090973 8190857 3730004 3730004 3950888 7090973 9710071 730371 730371 2760580 8190580 8190857 8190580 8190857 3470857 3470857 7790857 8190857 8190580 3731010 8190071 9710422 9040857 7790200 7790857 730646 7090973 7090973 9040857 9710071 9710920 9710920 9710920 7790888 7790770 8870580 5231023 2760924 3470580 9040580 9040580 8190913 7790857 7790857 7790857 8190857 730857 3470580 3730004 8190857 7090973 730928 8870580 3730004 8190857 730371 2760752 3471023 2760743 7790964 9040580 7090973 7090973 8190580 3730004 8190857 3470857 3470857 3700969 3730993 8190071 7790741 730928 2760924 2760071 3730004 3730004 3730004 8190942 3250857 8190857 8190857 8190857 8190857 7090973 2760741 2760888 2760741
3471023 2760888 9710920 9710920 9710857 2760743 8870743 9710371 3700969 8870969 3950888 7790857 7790896 7790896 9710422 2760928 7790964 8190857 8190857 9710857 9040857 9040857 9710920 8870580 8870580 3470580 3470580 9710920 7790770 9710920 9710920 7790741 8870043 8870580 9040580 3470580 9710741 9710864 9710864 2760371 8870772 7790888 6660857 9710864 9710371 730928 8870580 2760928 2760580 3730004 8190964 8190371 9710422 730928 3700857 3700857 9710414 5231023 5231023 8711023 9710920 9710741 9710422 8870772 9710371 8190071 8190580 3470857
2760580 7790741 3470580 2760043 2760071 9040580 8870580 8870772 730741 8870772 8870424 8870969 8870969 8870580 2760772 7790894 2760580 2760043 730857 8870772 730646 7790969 8870772 730580 8870580 7790888 7790964 2760043 7790964 7790964 730646 8870580 8870424 7790857 8870969 8870969 8870969 8870772 8870772 7790371 7790857 3471023 3950888 7790519 7090973 8870580 4720857 4720857 8870580 3470857 2760964 2760928 8870743 7790752 8190772 8190772 3950888 730646 730580 730580 8870580 730646 730646 8190857 9710422 7090973 8190857 8870770 8870043 7790857 9710920 2760071 3471023 8190071 7790857 7790770 7790770 8870772 7790857 8190772 2760888 7790888 9710071 7790519 7790964 730928 730928 7790519 7790896 7790894 8190857 8190857 8870580 7790371 8190857 9040857 7790937 7790896 2760928 8870580 7790770 8870580 8190580 2760770 2760043 8870580 8870424 2760888 8190071 8190071 7790857 2760071 2760043 3471023 8870888 8870580 9040580 3470857
2760770 8870888 2760071 7090973 7090973 9040857 7790896 2760071 7790964 3470580 8870743 7790896 9710864 9710864 9710414 7790741 7790770 730969 7790969 3950888 7790857 7790969 7790937 9350772 7790200 9040580 8870043 7790371 8870424 7790896 7790200 2760043 7790857 7790937 8870043 2760743 2760964 8190646 2760043 7790937 8870580 8870043 8870043 7790200 7790371 3471023 7790200 2760741 8190646 9350519 8190964 8190371 3470772 6660857 9350930 8870043 7090973 8870743 9040857 8870580 3470580 3470857 7090973 7790888 7790770
730857 7790937 730580 2760770 730560 730857 730857 9040580 7790857 7790857 7790741 7790519 7790896 7790894 7790964 730741 730741 2760580 7790888 7790964 7790894 730580 2760580 2760772 2760924 7790371 7790770 2760043 730969 8870969 9710920 8190969 2760580 7790896 730741 2760741 730580 2760580 2760580 2760580 7790741 730580 9040580 7790888 730580 7790519 2760743 7790519 7790770 7790519 7790888 2760580 7790200 8870772 730857 730857 8870580 8870743 730580 7790964 7790519 2760580 2760371 2760580 2760371 2760772 2760772 730646 2760772 2760772 730371 730560
8190857 8190519 6760857 2760928 9710519 2760964 3731023 3731023 3731023 8870580 8190857 8190857 8190857 2760580 1760973 7790752 8870580 8190580 2760743 730857 3950888 9040580 8190646 3700969 7790964 2760964 7790371 3730004 730580 8190071 9710071 1760973 8190646 9710071 9710920 730580 2760371 730560 730560 9710422 3731002 730560 9710422 8190646 8190857 7790894 7790770 2760071 3730004 8190857 8190857 3470857 9710857 9710920 3470580 3731010 3730004 3730004 3730004 7090973 1760973 1760973 8190857 9710857 8190969 8190857 3470857 8190371 9040857 8190857 8190930 8190942 2760043 2760888 2760071 7790752 3700857 8870888 2760743 730646 9710414
7790888 3470580 2760580 730560 7790741 7790371 2760741 7790200 7790741 7790888 3470580 2760580 7790519 8190580 730857 730741 730857 730857 730560 9040580 3470580 3471023 3470772 8870770 9710920 8870743 730741 730969 7790969 7790857 7790888 9710071 7790519 7790969 7790969 7790741 8711023 3470772 7090973 7090973 2760964 2760772 7790857 7790964 7790894 8870770 9040580 7790894 7790964 3470772 9710422 7790964 8870743 8870888 7790969 7090973 8870580 2760752 730371
8870043 7790894 2760371 2760924 7790371 7790371 2760924 8190857 3731010 3730004 8190857 8190519 8190857 8870969 8190857 3731010 3730004 730857 8190857 3470857 3731010 1760973 3730004 8190519 7790857 3731010 7090973 7790741 8870969 7790888 9350519 8870743 9710741 3700519 7790857 730969 730560 730371 730371 730857 2760741 8190580 3731010 7090973 4720857 2760580 730857 3730004 3730004 3730646 3470580 2760580 7790857 8190857 8190969 9350519 9710864 8190857 8190646 3950888 7090973 7090973 7790964 7090973 8870770 7790371 2760580 3470580 2760741 3471023 9710422 8190857 7090973 7090973 7090973 7090973 7090973 7090973 8190646 9710741 2760741 2760580 2760888 730857 7090973 8190071 7090973 730560 2760752 2760924 2760580 2760924 730857 3470580 8870888 5231023 8870969 7790896 730580 2760770 2760580 2760371 2760580 730969 8190741 8870743 9710920 9710422 9040857 9040857
9710920 3700969 7790896 8870969 8870969 3700969 3700969 3731010 8190857 8190580 2760371 7790964 9040857 9040857 7790371 3471023 9040857 3470772 9710864 7790857 9040580 8870888 9710071 8190071 8190071 8870580 7790857 8870580 7790964 7790857 3470580 7790857 7790857 8190580 7790770 7790752 7790857 3730646 5231023 730857 730857 3731002 8190580 730969 9710741 9040857 8190071 8190519 8190857 7790857 9710071 7790888 8190857 8190580 8190580 730928 8870580 730928 730580 730580 8190580 2760772 2760772 8870772 7790937 2760770 2760770 2760752 2760770 8870580 8190857 8190770 3470772
9710864 3700969 3700969 8870580 730580 9040580 7090973 3731010 7090973 7090973 7090973 8190857 9040857 3950888 730580 9350772 2760772 7790857 7790857 7790937 7790857 7790857 7790857 7790200 7790857 7790937 7790888 3470580 9710414 9710414 4040200 9040857 3950888 7790964 3730004 7090973 7090973 8190857 7090973 7790857 7790770 7790857 2760888 8190770 7090973 7090973 7090973 7090973 8870580 8870043 3470580 7090973 7090973 7090973 3470857 9710071 9710071 8190857 7090973 7090973 7090973 7090973 9040857 9040857 9040857 3700969 730580 3470580 3470772 2760928 3730004 7090973 8190857 7090973 7090973 8190770 8870969 2760772 2760752 3730993 7790937 7090973 7090973 7090973 7090973 8190964 7090973 3730004 7090973 8190857 7090973 8190857 8190857 8190857 8190857 730928 3730200 8190071 9710857 3730004 3730004 8190857 7090973 5231023 9710422 9710920 7790741 2760071 2760888 2760752
8190071 9710864 9710414 3470580 2760580 7790888 7790752 3470580 8190580 2760924 9710414 9710864 2760580 8870580 7790888 3470857 7790770 2760371 7790752 9040580 9710422 9710422 730560 9710422 7790896 9710371 7790770 7790770 8711023 9710071 9710371 2760770 2760888 7790894 9040580 4720857 4720857 4720857 7790937 9710864 2760043 2760371 730857 730857 730371 2760770 3731002 8870424 730857 2760071 2760964 2760964 9040580 3470580 8190942 730741 7790741 730857 2760371 2760580 6660857 730580 730857 8190857
7790752 9040580 7790200 7790200 7790752 8190857 8190772 7790857 8870580 8870580 9040580 9710071 9710371 3470772 9710071 730580 8870743 8870888 9350772 730928 730857 2760071 730580 730741 2760580 2760371 2760371 7790857 7090973 3470857 8190857 3731010 3730004 730857 8190580 730580 8870772 9350772 730741 3700969 730371 730857 730371 730741 9710422 2760743 7790770 8190857 2760770 3470580 9710920 730646 8870580 7790857 2760741 5231023 9710422 9710422 3471023 730857 9710741 2760924 2760371 9710741 3700969 8190969 8190969 9710414 2760770 2760770 7790752 7790770 2760752 9040857 9710920 9710920
8190857 730580 8870580 8870580 8870580 8870580 8190580 730857 9710071 3470580 3470580 730560 8870580 8870580 2760964 8190930 8190580 9710864 9710414 9710414 3470772 3470580 9040580 9040580 7790741 9040580 9040580 9710422 9040580 9040580 9040580 9710422 3470772 9710422 3700519 9710071 8190857 8190857 8190857 9710071 8870743 8190071 8190857 8190071 2760071 7790371 2760924 7790857 2760371 2760371 7790741 2760580 7790896 3470772 3470772 9710920 2760741 3470772 3470772 9710422 2760741 2760741 7790371 7790770 3470772 3470772 3470772 7090973 8190857 3730004 8190857 7790894 9040857 8190857 7790857 8870772 2760770 2760741 2760371 3470772 7790857 8190770 7090973 7790857 7790857
2760043 8711023 8711023 2760772 7790888 2760772 3470772 3950888 7790896 7790519 9710422 7790857 7790857 7790857 2760964 7790964 7790964 7790894 7790896 8870043 7790896 7790896 7790896 8190519 8190772 9710422 9710864 3470772 7790857 8190646 3731023 8190857 3700857 8870888 9710857 8190071 3731010 4630200 9710422 9040857 7790752 9040580 8870580 8870772 730580 730857 730969 7790888 9710920 7090973 730580 7790752 7790888 730857 730857 730646 8870969 8870580 8870772 9040857 730857 2760743 2760071 9710920 7790752 8190964 7790894
4040200 8870969 7790969 730371 8870424 7790200 7790969 2760741 8870888 7790371 7790371 3730200 3730241 8190964 8190877 9710371 9710371 3470857 8190964 8190071 9710920 7090973 3950888 9710920 2760071 8190772 2760888 8190071 8190964 2760964 7790752 7790770 7790770 9710920 8190404 2760071 8711023 9710857 9710857 7790857 9350601 9710857 730580 2760964 7790200 2760743 8870580 7790857 7790857 8190857 9040857 9710422 8870580 8190580 3730646 8190857 3470857 3470857 8190770 9040857 8190071 7790888 8870888 3250857 9710371 8190964 8190519 7790964 7790894 7790770 9710414 6660857 2760772 8190519 8190964 7790371 7790200 7790894 7790857 9710371 3470857 3470857 2760770 9040857 7790857 7790857 7790857 7790857 7790857 7790857 7790857 7790857 7790857 7790857 7790857 7790371 7790371 7790371 7790371 7790857 7790857 7790371 7790888 2760741 3730646 3730646 8190371 2760924 7790857 1760973 4630200 7790371 3470772 7790896 4630200 3731023 3730646 4630200 3731023 4630200 3471023 8190857 2760071 3730519 8190857 8190770 3470857 8190404 8190770 8190770 7790857
8870888 9710422 8870743 730857 8870743 7790937 8711023 8870743 8870743 7790371 730928 730928 730928 8870424 730646 730928 8870743 730928 730928 730928 730928 730928 730560 730646 730928 730928 730646 8870424 730928 9350930 9350519 730371 730928 730928 8870580 8870580 8870424 8870580 730857 8870888 730857 8870772 730928 730928 730928 8870424 730646 8870424 8870043 730928 730928 730580 8870580 730928 8870580 730580 730560 730928 730646 730928 730928 8870580 730560 2760964 730371 2760580 730928 730741 730857 730928 730857 8870043 730560 730928 730371 730646 8870580 730928 730928 8870424 730857 2760741 2760743 2760371 2760371 2760888 2760741 2760071 2760371 2760371 2760752 2760371 2760964 2760888 9350930 730560 730580 730580 730580 2760580 730580 730580 730580 730580 2760580 2760580 730580 730580 8870580 2760580 9710422 730560 9350930 730857 730928 8870888 730928 730646 730560 2760371 2760580 730580 8870743 730857 8870580 730580 730646 2760580 730580 9350772 730741 730371 730560 730857 730371 9350930 9350930 730857 730560 730560 2760371 2760580 730560 2760924 2760964 8190371 8870580
730741 8870770 5231023 5231023 8870888 5231023 2760928 8870770 8870888 2760580 2760071 730857 7790752 2760928 8870580 730857 730857 7790857 2760928 8870743 730857 8190964 8190580 8870743 8870743 5231023 2760888 2760580 3470580 730580 8870580 730928 730857 730580 730969 730857 9350930 730580 2760071 2760071 2760071 2760371 2760580 2760770 2760770 2760752 2760770 3470580 9710519 2760888 2760580 2760071 2760580 2760964 2760371 2760928 730857 730857 730857 730371 2760580 2760928 8870580 730371 730560 8870580 8870580 2760928 7790770 2760928 730928 730857 8870580 2760741 730857 2760580 2760580 2760741 730857 9350519 8190580 8190857 8870580 8870888 8190371 2760743 2760071 730580 2760071 2760928 8870580 6660857 6660857 8190580 5370829 2760741 2760752 9710920 730580 2760580 2760770 730580 730857 730371 730857 9350772 8870772 730646 730857 3700519 730857 8190772 730646 730857 9350519 9350930 730580 8870580 730857 730857 8870969 8870888 730857 8190877 730928 8870580 730928 730580 9350772 2760580 730857 3731002 8870580 730857 7790857 730646 8870043 7790969 730646 8870969 8870424 2760928 9350519 2760071 8870772 8870969 730560 8870424 7790857 7790200 2760772 730646 9350519 730969 8870969 8870969 730928 8870969 8870969 730857 8870969 730560 9350519 730741 2760743 730646 8870772 8870772 2760741 9350519 8870888 2760924 730969 730741 730857 2760071 2760928
8711023 3731002 7790937 3730993 8190857 8190404 4630200 1760973 2370973 3730241 5370404
7790937 5370200 730857
8870969 7790200 8190519 7790857 4040200 5371023 8870043 8870043 7790937 5370200 7790969
null
null
7790200 7790937 7790857 7790857
4040200 9350930 8870969
null
7790857
null
null
4630200 4630200 5371023 7790200
null
null
null
null
null
7790200 8870969 4720857 1030282 250200 7790857 250200 4040200
4040200 1030857
4040200 8870969
5370829 730928 1030282 730928 5371023 4040200 8870969 8870969 7790200
null
null
9350601 7790969 8870969 8870969 4040200 4040200 4040200 8870969 730646 8870969 8870424 8190969 4040200 8870969 7790969 8870969 4040200 730928 8870043 9350519 730969 3700969 730969 8870969 7790752 730928 8190772 7790969 9350519 8190857 4630200 3730241 3730241 730857 730969 8870424 730969 7790200 5370200 4040200 8870969 7790969 7310601 730857 7790857
null
1030282
730928 8870969 4040200 730969 7980973 8190404 8190404 8190857 9350601 9710071 4630200
1030292 1030282 1030292 1030292 1030292 1030292 1030292 1030292 5371023 1030282 1030282 1030857 1030282 1030292 4880973 4880973 4880973 1030282 1030292 5370200 1030282 1030282
null
3250857
null
null
null
null
250200
null
null
null
730371 730857 8870743 8870580 4040200 250200 4630200 250200 8870424 8870969 730928
null
4630200 4630200 3730200 7980973 3730200 4630200 1030292 250200 250200 4630200 4630200 1030282 1030282 4630200 1030282 1030282 1030282 1030857 1030282 1030282 1030282 1030292 1030282 1030282 5370200 1030282 8190646
null
null
null
null
3731002
null
null
null
7310646
null
8870969 4880973 1030292 2760071
4630200 4630200 4630200 4630200 4630200 4630200 4630200 250200 8870424 4630200 4630200 4630200 4630200 5371023 250200 250200 4630200 250200 4630200 4630200 4630200 4630200 4630200 4630200 4630200 4630200 4630200 4630200 4630200 4630200 1760973 4630200 4630200 1760973 7790857
null
null
null
null
7310646
null
null
null
null
null
null
null
null
5371023 5370200 5371023 5371023 7790969 8190741 3730241 8870969 9350519 1030282 1030292 4880973 1030292 1030282 7980973 4630200 250200 5370877 7310601 8190877 5371023 250200 1760973 4630200 1030857 1760973 4630200 4630200
null
5370200 4630200
null
null
null
7790896 7790964 7790894 5371023 5371023 5371023 4630200 1760973 1760973 5371023
7310601 3730993 9350601 8190942 8190942 8190700 6760857 3730404 8190942 5370404 9350601 5370829 8190700 5370404 8190829 8190829 8190857 8190877 9350601 8190829 5370404 8190877 8190404 8190829 9350601 8190700 5370404 5370877 8190646 6760601 5370404 6990200 5370404 3250857 9350601 8190877 3730993 9350601 8190404 8190700 8190404 9350601 5370829 8190404 8190829 8190700 8190700 8190404 8190942 8190404 8190404 5370829 8190877 5370829 8190404 8190700 8190404 8190404 8190404 6760601 5370404 5370404 9350601 9350601 3731002 6760601 9350601 5370404 5370829 3730241 5370877 8190404 8190404 9350601 8190404 3730993 5370877 3730765 3250857 9350601 3730765 8190404 8190877 8190404 9350601 5370829 9350601 9350601 5370404 5370404 8190857 9350601 8190580 8190829 8190942 5370404 8190857 8190913 8190404 8190404 5370404 9350601 8190700 8190857 8190942 9350601 8190404 8190404 8190829 8190829 3730404 8190404 5370404 5370829 5370877 8190877 8190700 9350601 8190404 8190857 5370877 8190404 9350601 1760973 6760601 3730765 6660857 6760601 5370877 8190942 6990200 9350601 9350601 9350601 8190877 5370404 3250857 8190404 5370877 8190404 5370404 9350601 3731002 9350601 8190404 9350601 8190404 9350601 9350601 3730993 8190829 5370877 8190404 8190857 2760741 8190580 3250857 9350601 8190700 8190404 8190857 8190404 5370829
5370404 5370404 3730404 1030292 2370973 1030292 7310646 7980973 5370404 8190829 6760601 8190404 8190877 8190646 6760601 8190942 8190829 4880973 3250857 9350601 8190942 3730229 7980973 1030282 7310564 1030282 9350601 5370404 8190877 8190404 9350601 5370877 3730241 5370404 5370877 4880973 4880973 2370973 5370200 8190857 2370973 9350601 9350601 8190404 8190877 3730200 5370200 3730601 5370829 9350601 9350519 3730519 4880973 4880973 7310646 8190700 3730993 8190877 6760601 1030282 5370829 7310601 3730229 7980973 5370877 8190829 6760857 8190404 8190700 5370404 8190877 8190877 8190857 3730229 3730829 7310765 7310601 8190772 8190857 3730829 7980973 4880973 3730200 7310601 5370200 3730765 7310646 7310564 7980973 3730200 3731002 2370973 4880973 4880973 4880973 1030282 5370829 3730004 9350601 3730829 7310601 7310646 7310601 7310646 8190942 8190857 7980973 5370829 3731002 3731002 7310601 5370404 3731002 3730519 3730200 8190857 8190404 3730765 3730200 3730404 6760601 3730229 5370877 3730829 3730829 8190829 8190404 6760601 3730241 8190857 7310765 6760601 2370973 4880973 4880973 7310646 3730765 3730601 7980973 6760601 3730241 8190404 3731002 2370973 3730200 3730200 3730229 5370200 3730646 3730601 3730765 1030282 8190700 8190877 8190829 3730229 5370829 8190700 8190404 8190877 8190700 8190404 6760601 9350601 3730829 8190404 8190404 3730200 7310601 2370973 4880973 4880973 4880973 8190404 3250857 9350601 8190877 8190404 8190404 9350601 8190857 5370404 3730993 3730601 3731002 7980973 7980973 7310564 7310564 7310601 3730241 5370829 8190942 8190404 8190580 8190877 8190877 7980973 7310646 3730229 7310564 5370404 6760601 8190700 9350601 3730601 8190404 9350601 9350601 3730993 1030282 5370404 8190404 7980973 3730229 5370200
3730241 3730241 5370404 3730404 5370877 3730404 7980973 7980973 5370404 5370404 5370404 6760601 5370404 5370404 8190404 5370877 7310765 5370404 3730601 7310601 5370829 7310564 3730229 5370404 8190942 7310646 5370829 5370877 5370877 5370829 6760601 3730765 5370404 5370877 5370404 5370877 9350601 5370404 8190877 6760857 3730765 3730241 5370200 9350601 9350601 6760857 3731002 6760601 7310564 3730229 8190829 3730229 8190829 5370877 3730241 5370404 7310646 8190877 9350601 6760601 3730404 6760601 6760601 7310601 5370404 3730765 5370877 3730993 5370404 9350601 3731002 6760857 7310601 3730829 5370200 7310601 3730241 5370404 3730519 7310564 8190857 5370404 3731002 6760857 7310564 3730765 8190404 3730765 5370404 3730765 5370877 3730765 3730765 8190829 7310564 3730765 3730519 3730993 3730241 5370829 3730519 5370877 5370404 5370877 3730229 6760857 3730601 5370404 3731002 3730241 9350601 7310601 6760601 3730229 3731002 9350601 7310564 3730229 5370829 7310564 3730829 7310564 5370404 8190829 5370404 9350601 3730646 3730241 7310601 5370404 5370404 7980973 3730765 5370404 3730765 3730241 3730229 9350601 6760601 3730601 5370829 6760601 5370404 5370404 5370877 5370404 6760601 5370200 7310601 6760601 5370829 6760601 7980973 3730229 5370829 5370829 5370404 7310601 8190404 9350601 3730241 8190829 3730241 3730601 3730404 9350601 7310404 3730765 5370404 3730519 5370404 3730765 5370877 3730241 9350601 8190829 9350601 9350601 3730241 9350601 3730765 8190829 7310646 9350601 3731002 7310765 5370829 7310646 3730601 3730601 3730229 7980973 6760857 5370404 5370404 3730241 5370404 8190404 3730241 7310404 3730765 5370877 3730829 3730404 8190700 3730404 7310646 3730241 3730241 6760601 8190829 8190404 7980973 6760857 3731002 1030282 9350601 3730765 8190519 5370877 7310646 9350601 3731002 3730765 7310404 3730241 5370829 7980973
3730229 3730993 8190404 8190700 6760601 8190404 8190371 8190371 8190700 3730601 9350601 6990200 3730229 5370404 8190857 6990200 8190829 8190700 6990481 3730229 7980973 3250857 9350601 8190404 3730765 8190877 6760601 6990481 8190741 8190404 9350601 3730404 5370404 2370973 3730765 8190700 8190877 8190404 8190877 8190404 8190404 8190404 3731002 8190404 6760601 7980973 9350601 8190857 8190700 3730241 8190942 8190404 3250857 3730765 1760973 1030282 8190829 8190404 5370829 6760601 9350601 8190829 8190404 8190829 7980973 9350601 5370404 5370877 9350601 5370877 9350601 6760601 2370973 8190404 6760601 8190700 6760601 6760601 3730646 8190404 8190700 5370877 8190404 8190404 3730829 8190829 8190404 8190942 8190857 8190404 8190877 8190404 8190942 3730404 7980973 3730646 8190404 3730765 8190404 3250857 6760601 5370877 8190404 3730241 8190404 8190741 9350601 3250857 8190857 7310564 9350601 8190404 3730229 8190942 8190404 8190404 6990481 5370829 8190877 6990200 3730241 1760973 8190404 8190877 8190877 3730829 8190877 8190404 3730404 3730765 8190404 3730646 8190404 8190877 3250857 6760601 6760601 8190404 8190829 8190404 8190877 5370404 8190404 3730993 8190877 6760601 8190829 8190942 3730229 6990200 8190829 6990481 8190700 8190404 9350601 8190700 8190404 9350601 8190942 8190404 3730829 8190700 5370877 8190404 6990481 8190942 8190404 8190877 5370404 1030857 8190877 8190404 3730241 5370877 5370877 7310564 7310765 6760601 8190700 6760857 4880973 8190404 9350601 8190404 8190700 8190829 3250857 8190829 8190877 8190404 6990200 8190877 5370404 8190877 8190404 8190829 8190404 3730601 3730404 1760973 8190404 8190404 8190877 3250857 9350601 8190829 8190857 8190700 8190404 9350601
8870770 3731002 7980973 3730829 9350601 6990481 7790896 9350601 8190404 8190700 6990200 8190700 4880973 5370829 7310646 8190700 4880973 7310646 5370829 3730241 8190857 5370200 7310601 4880973 7980973 7310564 2760772 2760772 2760772 8870772 3470772 8190404 6760601 8190877 9350772 8190772 9350772 8190772 8190877 3250857 3730229 3731002 2760772 3250857
8190877 8190877 8190877 7310601 1030282 8190404 3730404 5370829 3250857 3730519 3730404 8190877 8190857 8190404 8190404 8190829 8190877 8190404 8190877 6990481 9350601 5370404 8190877 3730200 6760601 5370877 8190404 3730601 3730519 3730601 3730004 3730241 8190857 3730229 3730601 7980973 7310601 8190404 8190404 8190877 8190404 3731023 6760601 3730404 5370877 9350601 3730765 3730601 6760857 6760601 8190404 3730765 3730601 7310601 1030282 9350601 3730004 3730229 3730601 8190942 3730765 9350601 8190700 3730404 9350601 8190877 6990200 3730601 3730404 8190877 8190700 8190404 8190877 3730404 3250857 9350601 3730404 5370404 4880973 3730829 3730601 8190942 8190857 9350601 8190404 7310601 6760601 8190942 8190404 8190857 6760601 5370404 3730404 6990200 8190877 3250857 3730765 8190877 8190877 3730404 8190829 9350601 6760601 8190877 6760857 3730765 3730229 3730601 5370829 8190829 5370829 8190404 3730404 3730404 6990481 6760601 8190404 8190404 8190404 7310765 6760601 3250857 8190857 8190829 8190404 6760601 8190877 1760973 5370404 8190404 9350601 8190404 3730404 3730601 3730765 3730229 6760857 3730601 3730404 3730829 3730601 8190646 8190741 8190829 9350601 8190404 8190877 6990481 3730765 8190877 6760601 5370404 6760601 8190404 3730765 3730601 5370829 6760601 8190700 3730765 3730601 9350601 8190829 8190404 6990481 8190700 8190829 8190700 3731002 8190829 3730519 3730646 3730829 7980973 6760601 8190942 8190404 6760601 8190857 3730829 8190829 8190700 8190942 8190829 8190404 9350601 8190700 8190700 3730765 8190877 8190404 8190877 3730765 5370404 8190877 8190404 3730241 8190877 8190519 3730229 8190829 5370404 8190877 6990481 8190700 8190700 8190404 8190404 8190942 8190829 8190404 8190700
8190877 6990481 6990481 6990481 6990481 3730404 6990200 7310765 8190942 6990200 8190877 9350601 7310601 8190404 6990200 6990481 6990481 6990200 6990481 6990200 7310404 6990481 3250857 3730229 7310404 8190877 6990200 8190700 6990200 6990200 6990200 6990481 5370404 6760857 6990481 6990200 6990481 8190404 6990481 6990481 6990200 8190700 6990200
6990200 6990481 6990481 6990200 9350601 6990200 6990481 6990200 6990200 8190877 6990481 6990481 6990200 6990200 6990200 6990200 6990200 6990200 6990200 6990481 6990481 6990200 6990481 8190829 6990200 6990481 6990481 6990200 9350601 6990481 6990200 6990481 6990200 8190829 9350601 6990481 6990200 6990200 6990200 6990481 6990481 6990481 6990481 6990200 6990481 6990200
3731002 3731002 8190519 3730519 8190700 8190829 8190857 3730646 8190404 8190877 8190700 6760601 3730993 3250857 8190942 9350601 3250857 8190404 5370829 8190857 8190857 8190404 8190829 5370829 6990481 5370404 8190404 8190371 3730646 8190942 3731002 5370877 5370404 8190942 8190700 8190700 8190772 8190857 5370200 7310404 9350519 5370404 8190700 8190700 8190877 8190942 7980973 2370973 4880973 1030857 6760601 8190404 8190700 5370829 5370829 4880973 7310765 5370200 8190404 8190404 8190942 9350601 8190942 3731002 7310404 2370973 7310646 1030282 2370973 7310601 8190942 8190700 5370200 8190877 8190942 3730993 7310646 9350601 8190404 8190404 5370877 8190857 5370404 8190942 8190942 3730241 3730765 8190857 3730765 8190857 8190857 8190942 4880973 4880973 5370829 8190857 8190404 1030857 2370973 7310564 4880973 4880973 4880973 4880973 9350601 5370404 9350601 6760601 8190829 8190857 8190071 4880973 4880973 2370973 7310564 5370877 8190829 5370404 6760857 8190942 8190404 9350601 8190700 8190877 8190700 8190829 8190877 6760601 8190942 3730993 8190404 3731002 6760601 8190700 8190700 8190857 8190829 6760601 9350601 8190404 8190700 3730765 6660857 3730601 8190857 8190877 7980973 3730601 3730241 8190404 8190857 8190829 5370829 8190942 6760857 3730519 3730601 3731002 8190404 3731002 6760601 9350601 8190857 5370404 8190857 5370404 6760857 8190700 5370404 9350601 8190404 8190857 8190404
5370404 5370829 8190829 3731002 7310404 7980973 7980973 7310564 8190942 3731002 3731002 3730241 3730404 7980973 3730404 3730229 7310646 7310646 3730765 5370877 5370404 9350601 9350601 3730765 5370877 3730241 3730993 3730601 7310646 3730765 9350601 5370829 3730519 8190700 5370829 6760601 7310564 5370829 5370404 8190877 7980973 5370877 3730229 3730404 7980973 3730404 5370404 3730404 6760601 3730404 6760601 5370877 7310404 6760601 5370404 3730765 3730229 7980973 3730241 7310646 6760857 5370404 3731002 6760857 1760973 5370877 3730241 6760857 5370404 8190857 7310564 9350601 3730765 5370877 5370404 5370404 3730241 3730241 3731002 3731002 9350601 3731002 3730829 5370404 9350601 3730993 9350601 3730829 8190404 3731002 3730404 5370877 8190404 9350601 3730601 3731002 3730765 3730241 3730229 5370404 3730241 9350601 3730601 5370829 1760973 3730765 5370877 3730241 5370404 3730765 3730829 9350772 3730829 5370877 5370404 3731002 5370877 9350601 3730601 5370877 3730765 9350601 5370404 3730601 3730601 7980973 9350601 3730601 3730241 5370404 3731002 6760857 8190404 8190857 3731002 5370404 5370404 3731002 6760857 7980973 3730601 3730765 3730519 7310601 3730519 3730241 7310601 7980973 3730241 3730829 7310646 7310564 5370200 8190857 6760601 6760601 8190404 9350601 7310765 8190877 3730601 8190404 9350601 6760601 5370877 3731002 8190829 7310601 3730765 5370829 7310765 5370829 5370404 7980973 9350601 3730404 7310601 9350601 3730404 9350601 5370829 8190877 6760857 7980973 5370877 6760601 3730765 3730241 7310564 3730241 9350601 9350601 3730241 8190877 9350601 3730404 6760601 8190829 3731002 3730404 8190857 7310601 8190857 3730646 5370829 3730404 8190857 5370404 7310601 9350601 3730241 3250857 3730404 5370404 8190404 7980973 3730829 3730829 5370404 3730765 5370404 3730765 6760857 6760601 3730241
5370877 5370877 8190404 5370404 8190700 5370829 8190877 8190404 5370829 8190404 5370404 5370829 5370404 3730404 6760601 8190404 8190969 250200 5370404 5370877 5370404 5370404 5370877 9350601 9350601 9350601 5370404 3730241 5370404 7980973 8190877 5370404 9350601 5370404 8190877 5370404 8190404 5370877 5370404 5370404 5370404 5370404 5370877 5370404 5370404 5370877 5370404 9350601 8190700 8190404 5370404 6760601 5370829 8190942 7310601 5370404 9350601 8190700 8190700 6990200 5370877 8190404 5370404 5370829 8190404 5370877 8190877 5370829 5370877 1760973 7310765 8190404 8190404 5370404 5370200 5370404 3730229 3730404 3730404 5370404 5370404 9350601 5370404 5370877 8190913 5370404 5370404 5370404 5370404 5370877 5370829 5370404 5370404 5370404 7310564 8190404 5370404 8190829 8190700 8190700 3730404 8190857 8190829 5370404 8190700 3730404 5370877 8190404 4880973 5370404 6990200 5370877 5370404 5370404 9350601 3730404 9350601 7310564 8190942 3730601 8190404 8190700 8190404 8190404 5370829 9350601 3250857 3730829 6760601 7310765 9350601 5370877 5370877 8190404 8190877 8190700 6760601 5370404 9350601 5370877 9350601 8190857 5370829 5370877 3730601 8190700 7310646 6760601 5370829 3730241 5370829 5370877 5370877 6660857 8190404 6760601 3730601 8190404 6760601 5370877 8190877 5370829 9350601 9350601 8190519 8190404 3250857 8190829 5370404 5370829 8190404 6990481 8190700 5370877 8190404 3250857 5370404 8190700 8190942 3730829 8190877 9350601 8190404 5370877 8190877 5370877 8190404 8190877 5370404 9350601 9350601 3250857
9350601 8190404 8190700 8190772 8190829 8190829 5370877 5370404 5370829 5370404 4880973 2370973 7310646 7310765 4880973 2370973 8190877 3250857 8190829 8190877 8190700 8190877 3730241 8190857 6760601 8190404 7310765 9350601 3730241 1030292 7980973 2370973 7310564 7310404 3730519 5370877 5370404 5370404 7310564 8190404 3730241 7310765 8190877 7310601 5370877 8190404 8190829 9350601 8190700 8190700 8190829 5370829 8190857 6760601 5370829 8190829 5370877 8190700 9350601 6990200 9350601 3730765 7310564 5370404 8190829 3250857 8190877 8190829 5370404 8190404 8190404 9350601 7310765 3731002 5370404 5370404 9350601 1760973 5370877 8190404 3250857 5370877 5370877 3730241 8190857 7310601 5370877 8190404 9350601 5370404 3730993 9350601 8190877 9350601 7310564 3730241 7310765 5370404 9350601 5370404 9350601 9350601 7310601 5370829 7980973 7310646 1760973 7310564 3730200 7310601 7310404 3730200 7310646 7310646 3730241 4880973 5370877 1030282 7310765 2370973 4880973 4880973 4880973 3730519 3730765 6760601 9350601 3730519 6760601 8190404 3250857 6760601 8190404 8190942 5370829 8190877 8190404 5370404 5370404 8190404 8190404 8190404 5370404 8190772 8190404 5370877 3730229 1030292 7310601 1030292 3730229 5370404 8190877 9350601 9350601 7310601 5370877 6990200 8190877 3250857 9350601 5370877 8190829 5370404 9350601 5370404 8190404 8190404 6760601 8190404 3250857 8190942 9350601 9350601 8190404 8190580 8190829 5370829 5370829 9350601 6990200 9350601 9350601 5370829 8190404 5370829 8190404 6760601 8190404 9350601 8190700 5370877 5370404 9350601 7310765 8190877 5370404 9350601 9350601 9350601 5370404 5370404 5370829 8190404 8190700
7310765 3730200 2370973 7980973 8190829 5370404 8190404 9350601 3730829 5370877 7980973 7980973 2370973 4880973 4880973 4880973 4880973 7310601 4880973 3730200 7310601 9350601 8190404 9350601 9350601 5370877 3250857 9350601 3250857 9350601 8190404 9350601 3250857 9350601 5370877 8190829 9350601 8190404 5370829 9350601 9350601 5370829 9350601 8190942 7310765 6660857 9350601 9350601 9350601 9350601 9350601 9350601 8190404 5370877 8190404 6990200 3250857 8190404 8190877 9350601 5370877 5370404 5370877 3250857 5370404 9350601 5370877 5370404 6760857 7310601 7310601 7310601 7980973 2370973 7310646 7310404 7980973 9350601 9350601 5370404 6660857 7310765 5370404 5370877 8190404 9350601 9350601 8190404 9350601 5370200 6760601 1030857 5370404 3250857 5370404 8190404 7310601 5370404 3730229 1030282 7310765 1030282 7310765 1030282 7310765 9350601 5370404 3730229 9350601 5370404 9350601 5370877 5370829 8190829 9350601 9350601 8190404 6760601 9350601 9350601 8190404 9350601 5370404 9350601 9350601 8190829 5370829 5370877 9350601 9350601 5370877 5370404 9350601 8190829 5370877 5370877 8190404 8190877 3730765 7310601 5370404 5370877 5370877 8190829 8190877 5370404 5370877 7310646 5370829 6760601 3250857 9350601 8190877 9350601 5370404 5370404 6990200 9350601 8190700 9350601 8190404 6990200 8190829 9350601 8190404 8190942 8190404 5370829 8190829 8190877 8190829 8190829 8190404 9350601 8190877 9350601 8190829 9350601 5370877 9350601 8190404 8190404 3730765 8190700 9350601 8190700 8190404 9350601 3250857 6760601 5370404 8190700 8190404 5370877 9350601 8190877 8190829 8190700 6990200 8190404 5370877 6990481 5370829 5370404 3250857 3250857 8190829 6760601 3250857 3730765 9350601 8190404 8190404 3730765 7310601 9350601 5370404
6270652 8190700 8190404 8190877 8190913 8190829 8190404 9350601 9350601 8190942 5370877 8870043 8190700 5370404 5370829 5370877 5370404 5370877 7980973 1030282 7310646 5370877 7310765 5370829 5370877 3731002 9350601 5370200 5370200 4880973 1030282 7310564 7310564 5370404 6990481 1030282 4880973 5370200 8190519 8190942
8190071 8190877 6760857 9350601 7790937 8190857 8190857 8190404 8870580 9350601 5370877 3250857 8190404 7980973 3250857 3730646 1760973 3730765 3730200 3730200 8190741 3250857 8190741
8190404 9350772
7310765 5370877 9350601 3250857 3730646 3731002 7310646 6660857 8190942 3250857 8190404 8190942 8190700 8190829 3730765 8190700 8190404 8190404 9350601 8190404 8190942 8190404 8190877 8190404 8190404 8190700 8190700 8190829 8190404 9350601 8190404 8190700 8190404 8190857 3730404 3730241 8190404 6990481 6760601 8190404 3250857 8190404 8190942 8190700 8190700 3730829 7980973 3731002 8190857 8190404 9350601 6760601 9350601 3731002 5370829 2760928 3730646 1030292 7310646 3731002 8190877 5370877 3731002 8190700 8190404 8190857 8190700 7980973 3730200 3731002 3730765 8190404 8190877 8190877 3730765 3731002 3731002 3730200 3730241 7980973 4880973 7310765 2370973 7980973 3730200 7310646 3731002 6760857 7980973 7310646 7310404 7310765 5370877 7310765 3730200 4880973 7310404 7310646 3730200 7310601 1030282 8190829 3730241 3730765 8190942 7310646 6760857 7310765 7980973 7310646 7980973 1760973 7310564 7980973 3731002 7980973 7310646 9350601 8190857 5370404 3730829 7310564 7310646 5370829 7980973 3730404 7980973 8190829 8190371 8190829 7310646 3730765 6760857 3730241 6760601 3730829 3730241 8190942 8190857 8190646 8190646 8190942 6990481 8190371 6760857 8190857 8190857 1030282 7310404 6760857 8190857 8190700 8190857 5370877
5370404 8190404 8870772 3730601 3730241 7980973 3731002 9350601 9350601 8190404 6990200 9350772 8190404 5370404 8190700 7310601 8190404 6660857 8190942 3730829 7310646 5370404 7310646 7310646 7980973 3730241 8190700 8190371 6990481 7310652 8190969 5370404 3730519 9350601 9350601 6760601 3730829 8190829 8190857 3730601 8190700 9350601 8190404 5370404 3731002 5370877 7310646 5370404 8190404 9350601 6270652 7310646 3250857 7980973 7310601 7310564 7310646 8190580 7310646 9350601 6990481 8190877 8190829 5370829 9350601 8190877 9350601 2370973 9350601 8190700 4880973 3730404 3731002 9350930 5370404 8190404 2370973 7980973
8190700 8190829 8190404 3250857 6760601 6990200 3730993 6760601 8190404 8190942 8190404 8190829 8190404 8190877 8190404 8190404 9350601 8190404 9350601 8190404 8190404 5370877 8190772 6760601 8190404 2370973 4880973 4880973 1030282 3730765 9350601 3250857 8190519 8190942 9350601 6760601 8190700 9350601 5370404 8190829 8190829 8190700 9350601 8190700 8190942 8190700 8190404 8190700 8190829 8190700 8190404 9350519 7310601 7310404 7980973 7980973 6760601 8190404 8190877 8190877 8190404 7310601 8190404 9350601 8190877 8190404 8190877 3730229 7310765 7310646 4880973 7310601 3250857 6760601 9350601 8190700 5370404 9350601 9350772 3730229 9350601 5370404 5370404 8190404 8190404 8190829 8190700 3250857 9350601 5370404 6760857 5370404 8190877 6990481 3250857 8190877 8190404 5370877 8190942 8190404 8190404 8190700 9350601 8190700 3250857 8190404 8190877 6990200 9350601 8190700 4880973 7980973 4880973 7310765 3730519 7310765 3730829 5370404 8190857 7310404 3731002 3730241 9350601 5370404 7310646 5370404 6760857 5370404 3730829 7980973 3730200 7310646 9350601 8190877 8190700 9350601 9350601 5370404 3250857 8190700 7310765 9350601 3730765 6760601 8190942 3730829 8190829 8190404 3730993 8190829 8190829 8190700 6990200 8190877 8190404 9350601 8190913 8190404 8190829 8190404 5370877 5370404 8190877 5370404 5370404 8190877 8190404 5370877 8190877 5370877 6990200 8190829 8190877 8190404 8190877 8190404 8190877 9350601 8190404 8190829 9350601 9350601 8190404 8190404 5370829 8190404 9350601 8190700 8190700 6990200 9350601 8190942 8190700 6990200 8190829 5370877 9350601 8190857 5370404 5370829 3730241 6760857 3730229 7980973 3731002 3730404 5370404 8190877 6990200 9350601 5370877 8190700 8190404 9350601 8190404 8190700 3250857 8190700 4880973 4880973 4880973 4880973 7310765 2370973 3730229 9350601 6760601 3250857 9350601 8190942 9350601 5370877 5370404 3250857 6760601 9350601 3250857 5370404 8190404 8190829 6660857 7310765 9350601 8190772 6760601 8190942 3250857 8190829 8190772 8190942 6760601 8190404 8190829 5370404 9350601 8190741 8190404
6660857 8870743 3730241 8870770 8870772
3730200 1760973 3730829 3730229 3731002 1760973 5370404 1030282 3731002 7980973 3731002 3731023 3731002 1760973 7980973 1760973 7980973 5371023 7980973 3730200 1030282 1760973 1760973 3731002 7980973 3731002 7980973 3730241 7980973 7980973 3731002 1030282 3731002 7980973 3731002 3731002 1760973 7980973 3731002 250200 1030292 7980973 1760973 3731002 3730519 3731002 7980973 3731023 1030282 7310646 3731002 1030282 3730241 3731002 3731002 1030282 3731002 1760973 3730200 1760973 1030282 3730200 3731002 7980973 3731002 7980973 3730519 3731023 3730519 1030282 7310646 7980973 3731002 7980973 7980973 3730241 1760973 7980973 3730200 3731002 7980973 7980973 7980973 3731002 3731002 1030282 7980973 3731002 7310646 4630200 7980973 3731002 3731002 1030282 7980973 7310646 5370200 3730241 3730200 9350930 3730200 3730200 3731002 1030282 7310646 7980973 1030282 3731002 3731023 3731023 3730241 3731023 7980973 7980973 3731002 3731023 3730519 7980973 3730200 3731002 3731023 3730646 5370200 3731002 7980973 3731002 7310646 7980973 7310646 3731002 3731002 3731002 3731002 7980973 3731002 3731002 3730200 7980973 3730200 3730241 3731023 1030282 3730519 1030282 3731002 3730241 3731002 7310646 3730200 3731023 7980973 1030282 7310646 3730200 1030282 3730200 7980973 7980973 7980973 7980973 3731002 7310646 1760973 7310646 3731023 3731002 1030282 3731002 3730200 7980973 3730004 3730200 7310646 3730241 7980973 3731002 2370973 3730241 3730241 7980973 3731002 7980973 3730519 7980973 7980973 7980973 1760973 3731002 1030282 3731023 3731023 7980973 3731002 7310646 7310646 3731002 7980973 7980973 7310646 3731002 7980973 7980973 7310646 7980973 7980973 3731002 7980973 1030282 1760973 3730200 1030282 3731002 3731002 3731002 1030282 3731002 3730241 3731002 3730200 3731023 7980973 3731023 7310646 7980973 3730241 7980973 7980973 3731023 3731002 5370200 3731002 7980973 5370200 7980973 3730004 3731002 5370200 1030282 3731002 3730646 3730200 3731023 3730241 3731023 3731023 7980973 1760973 7310646 3731023 1760973 7980973 7980973 1030282 7310646 3730200 3731002 7980973 7980973 5370200 7980973 7980973 3730200 1030282 3730200 1760973 7980973 7980973 7310601 3730241 7310646 7980973 3731002 3731023 7980973 1030282 5370200 3731002 1760973 3730519 3731002 1760973 1030282 3730200 1030282 8190857 7980973 5370200 1760973 3731002 5370200 5370200 7980973 3730519 3731002 5370200 7980973 7980973 5370200 5370200 5370200 1760973 2370973 7980973 3731002 1760973 3731002 1030282 5370200 3730200 1030282 3730519 4630200 1030282 3731023 1760973 3731002 7980973 1030857 3731002 3731002 8190857 8190857 7310404
3730993 8190964 3250857 3250857 9710071 3250857
7310765 6990200 7310646 6760601 9350601 8190700 3731002 3700519
3730519 6660857
5371023 4880973 4880973 1030292 4880973 4880973 4880973 4880973 4880973 4880973 4880973 4880973 4880973 4880973 5371023 250200 1760973 5370200 7980973 1030857 5370200 1030282 7980973 1030282 1030292 1030282 1030292 1030857 1030857 1760973 1030282 1030292 1030282 1030292 4880973 4880973 1030282 4880973 1030292 4880973 4880973 4880973 1030857 4880973 1030292 4880973 1030282 7980973 1030282 8190700 9350930 8190404 8190700 5371023 5371023 250200 9040857 4880973 1030282 1030282 3731002 250200 5371023 4630200 5370200 7980973 1030282 4880973 3731002
8190930 1030282 250200 2760580 5370404 3731002
7790969
1030292 8870772 7790857 9350930
null
4040200 1030282 1030857 4880973 1030857 3731023 1030282 1030857 1030857 5371023 1030857 1760973 1030857 1760973 3730200 1030857 1030857 1030857 1030857 1030857 7980973 3731023 1030857 1030857 1030857 1030282 1760973 1030292 730857 1030857 1760973 3730646 1760973 3730200 1030292 3730519 4630200 4630200 1030292 1030292 8190969 8190646 4880973 1030857 3730519 1030857 1030857 1030857 1030857 7980973 4880973 2370973 4880973 2370973 4880973 1760973 4880973
3730404 2370973 1030292 1030292 1030857 1030292 1030292 1030292 1030292 3250857 8190857 1030292 4630200 1030292 1030857 1030292 4880973 4880973 1030857 1030292 4880973 6270652 7310404 4630200 4880973 1030857 1030292 1030292 1030292 1030292 4880973 4880973 1030292 4880973 4880973 3731002 8190700 8190700 4630200 4880973 7980973 1030282 7980973 5370200 4630200 3730646 1760973 3731002 8190857 8190857 8190646 1760973 8190700 8190700 8190700 3731002 5370404 9350930 1030282 7980973 8190700 8190700 3731002 4880973 7310404 8190857 3731002 3731002 3731023 7980973 1030282 3731002 8190772 4630200 4880973 2370973 4880973 4880973 4880973 4880973 4880973 7310646 7980973 8190519 3730200 8190404 5370200 7980973 7980973 7310646 3731023 3731002 3731023 3731002 3731023 8190519 7980973 730857 9350519 8870580 7310646 250200 3731002 8190700 7980973 5370200 3731002 5370200
4630200 1760973 8190772
3731002 8190580 8190857 9350930 7980973 4630200 250200 4630200
1030282 7790519 7790857
