209
8190765 5370200 3731002 5370200 1030282 3731002 250200 3950043 8190913 5370043 5370200 8190913 3730241 7980973 3731002 8190519 7980973 7980973 9350114 8790857 3250857 9350765 8790857 3730241 7980973 7980973 8190913 8190913 7980973 3730646 7980973 3731002 3731002 7980973 3731002 7980973 9350765 5370877 8190741 8190829 9350765 5370200 9350700 9350043 5370200 3731002 5370200 3730200 3730241 9350580 3250857 9350700 9350765 9350043 6760857 6760857 7790741 3730241 8190829 8190913 8190913 8190913 3950729 9350700 8190913 8190913 8190913 8190829 8190913 9350700 9350700 5231023 8190913 8190913 250200 9350765 9350765 7980973 9350765 1760973
8190964 5370043 4910200
null
null
4040200
8190765 3470200 8790857
3731023 4630200 1030292 1030857 1030857 4880973 4880973 4880973 2370973 1030282 4880973 4880973 1030292 4880973 4880973 4880973 1030857 4880973 4880973 4880973 3730829 8190942 9350580 9350700 9350114 8190877 9350114 4880973 4880973 1030857
7790580 4040200 4040200 8870580 4040200 7790580 7790043 7790913 7790913 9040969 7790969 7790913 7790969 8870580 7790580 7790580
7790888 7790743 7790969 2760743 4630200 250200 8871007 7790580 8870580 7790841 7790937 7310404 3730404 2760770 7790913 4040200 4040200 3950729 7790937 9710752 8711023 6990481
8711023 9710071 9710864 9710371 9710864 9710920 9710770 8190770 8190770 4040200 4040200 8871007 7790580 7790752 9710864 3470200 3950371 3470200 9710920 9040969
7790841 9040969 7790841 9040969 4040200 4040200 8870043 9040580 9040580 8870580 9040580 9040580 8871007 7790937 6760857 7790043 8870043 7790841 8190913 4630200 9040969 7790913 730646 9040580 9040580 7790580 7790043 7790580 7790913 7790580 7790580 7790043 7790913
null
2760752 3470580 8190371 4040200 8190765 8190913 3950729 250200 8190646 9710752 9710770 3470752
3250857 2760071 9710752 7790743 3470200 9710371 9710071 9710071 9710770 730741 3250857 9710752 9710071 3470752 2760770 9710752 3470752 9710770 9710752 2760752 9710371 3470743 2760071 2760770 2760770
9710770 3250857 9710770 9710770 3470752 3470752 9710752 9710371 2760371 2760580 7790743 9710752 8190888 7790937 9710770
9710770 9710770 8871007 8190043 9350043 9350765 9350043 910928 4040200 4040200 9710872 9710371 9710371 9710371 3470043 3470752 9710414
8190765 8190741 8790857 3731002 3731002 3731002 3730646 8190964 8190942 3730646 8190877 7090973 9710414 5370877 3470200 3250857 8190371 3250857 3250857 3730829 3730765 3730646
2760857 9710920 9710864 8190964 7790888 8190646 9710371 2760752 4910200 4910200 9350114 8190829 9350765 6990481 8790857 3470857 9710857 3470857 3250857 3250857 8190646 8190913 4910200 4910200
9710371 9040857 3250857 3470200 3250857 8190071 7790371 9710371 9040969 3471023 3730646 3250857 9040857 8190765 9710752 8190371 3730004 3470857 2760371 8190765
3250857 3470580 4040200 4040200 2760371 4910200 3950371 9350700 8190765 8190888 8790857 8190371 8190765 3730004 9350114 8190942 8190913 8190765 7790857 3250857 4630200 1760973 8190519 8190913 9350700 3730241
8790857 9710857 4910200 8870741 8190829 2760743 9710371 3250857 4910200 4910200 4910200 9350114 9710371 3950043 7790841 3470743 9710864 8190519 2760857 7310404 7310601 7980973 4910200 8190765 8190765 4910200
2760857 3730601 3470857 3730646 3730404 3731023 3731023 9710071 8790857 8190964 9710752 9350114 8190371 8190913 1760973 9711023 2370973 9710864 8711023
9710414 9710371 2760580 9710371 9710071 9710071 730857 9350580 730857 8790857 7790841 4910200 7090973 7090973 2760924
7310471 7310471 7310652 7310471 7310652 7310471 7310471 7310471 7310471 7310471 7310471 7310471 7310652 7310471 7310471 7310471 7310471 7310471 7310471 7310471 7310471 7310471 7310471 7310471 7310471 7310471 7310471 7310471 7310652 7310471 7310471 7310471 7310471 7310471 7310471 7310471 7310471 7310471 7310471 7310471 7310652 7310652 7310471 7310652 7310471 7310471 7310471 7310471 7310471 7310471 7310471 7310471 7310471 7310471 7310471 7310471 7310471 7310471 7310471 7310652 7310471 7310471 7310471 7310652 7310471 7310471 7310471 7310471 7310471 7310471 7310471 7310471 7310471 7310471 7310471 7310471 7310471 7310471 7310471 7310471 7310471 7310471 7310471 7310471 7310471 7310471 7310471 7310471 7310471 7310652 7310652 7310765 7310471 7310635 7310635 7310635 6270652 7310652 7310652 7310652 3730829 7310652 7310652 7310652 7310652 7310652 7310652 7310652 7310652 7310765 7310652 7310652 7310652 7310765 6270652 7310404 7310601 7310404 6270652 7310652 7310601 7310652 7310652 7310652 7310765 7310652 7310404 7310601 7310601 7310601 7310765 7310765 6270652 7310765 6270652 7310652 7310652 7310652 7310652 7310652 7310652 7310652 7310652 7310652 7310652 7310765 7310652 7310652 7310652 7310652 7310652 7310652 6270652 7310652 7310652 7310652 7310652 7310652 7310652 1940652 7310652 7310652 7310601 7310652 7310652 7310652 7310652 7310652 7310652 6270652 7310652
7310652 7310652 7310652 7310652 7310652 7310652 7310652 7310652 7310652 7310652 7310652 7310652 7310652 7310652 7310652 7310652 7310652 7310652 7310652 6270652 7310652 7310652 7310652 7310652 7310652 6270652 6270652 6270652 6270652 1940652 7310652 7310635 7310652 7310652 7310635 7310635 7310635 7310635 7310635 7310652 7310471 7310652 7310652 7310652 5110471 7310635 7310471 7310635 7310635 7310635 7310635 7310635 7310635 7310471 7310652 7310652 7310652 7310471 7310652 7310471 7310652 7310635 7310635 7310635 7310635 7310635 7310635 7310471 7310635 7310471 7310471 7310635 7310635 7310471 7310635 7310635 7310471 7310635 7310635 7310635 7310635 7310635 7310635 7310635 7310635 7310635 7310635 7310635 7310635 7310635 7310635 7310635 7310635 7310635 7310635 7310635 7310635 7310635 7310635 7310635 7310635 7310635 7310635 7310635 7310635 7310635 7310635 7310635 7310635 7310635 7310635 7310635 7310635 7310635 7310635 7310635 7310635 7310635 7310635 7310635 7310635 7310635 7310635 7310635 7310635 7310635 7310635 7310635 7310635 7310635 7310635 7310635 7310635 7310635 7310635 7310635 7310635 7310471 7310635 7310471 7310471 7310635 7310635 7310635 5110471 5110471 5110471 5110471 5110471 7310635 5110471 7310635 7310635 7310471 7310471 7310471 7310635 7310635 7310471 7310635 5110471 7310471 7310471 7310635 7310635 5110471 7310471 7310471 7310635 7310471 7310635 7310471 7310635 7310471 7310471 7310471 7310471 7310471 7310471 7310471 5110471 7310471 7310471 6270652 7310471 5110471 7310471 7310652 7310471 6270652 7310471 6270652 7310471 7310471 7310471 6270652 7310471 7310471 5110471 7310471 6270652 5110471 7310635 7310471 7310471 7310471 6270652 7310471 7310471 7310471 7310471 7310471 7310471 7310652 7310471 7310471 7310471 7310471 1940652 7310471 7310652 7310471 7310471 7310471 7310471 7310471 7310652 7310652 7310471 7310471 7310471 7310471 7310635 7310471 5110471 7310471 7310471 7310471 7310471 7310471 7310471 7310471 7310471 5110471 7310471 7310471 7310471 7310471 5110471 7310471 7310471 7310471 7310471 7310471 7310471 5110471 7310471 7310471 7310471 7310471 7310471 5110471 7310471 7310471 7310471 7310471 7310471 7310652 5110471 7310471 5110471 7310471 7310471 7310471 7310471 7310471 7310471 7310471 7310471 7310471 7310471 7310471 7310471 7310471 7310471 5110471 7310471 7310471 7310471 7310471 7310471 7310471 7310635 7310635 5110471 7310471 7310635 7310635 7310635 7310635 7310471 7310471 6270652 7310471 6270652 7310471 6270652 6270652 7310471 6270652 7310471 7310652 7310652 7310652 7310652 7310471 6270652 7310652 7310652 6270652 7310652 6270652 7310652 6270652 6270652 6270652 7310652 7310652 7310652 6270652 6270652 7310652 7310652 6270652 6270652 6270652 1940652 7310652 7310652 7310471 7310652 7310652 6270652 6270652 6270652 7310471 6270652 7310652 6270652 7310471 7310652 6270652 6270652 7310652 7310652 6270652 7310652 7310652 1940652 7310652 7310652
5110652 5110652 5110652 1940652 1940652 1940652 5110652 1940652 1940652 5110652 5110652 1940652 5110652 7310471 6270652 6270652 5110471 7310471 5110471 5110652 5110471 1940652 5110652 1940652 1940652
5110652 5110652 5110652 1940652 5110652 5110652 5110652 5110652 5110652 5110652 5110652 5110652 5110652 5110652 5110652 1940652 5110652 5110652 5110652 5110652 5110652 5110652 5110652 5110652 5110652 5110652 5110652 1940652 5110652 1940652 7310652 5110652 7310471 5110471 7310635 7310635 5110471 6270652 5110471 5110652 5110652 5110471 5110652 5110471 5110471 5110471 5110471 1940652
9710422 8190646 9710770 9710872 3950371 9711023 730928 2760741 7790964 3470580 2760743 7790043 9040857 2760743 2760964 7790743 9710920 5370043 5370043 3950043 3470043 3470743 2760770 2760857 2760857 9710770 9710920 3470752 9710770 9710422 9710422 2760043 2760580 7790894 7790964 7790888 2760752 8190888 8190770 3730519 8190770 9710770 9710422 3470200 8190519 9710857 2760043 2760741 7790857 8190888 2760743 9710414 9710864 8190371 9710422 5231023 2760924 3470200 5231023 2760371 7790770 9710770 3470200 8190770 9710864 9040857 9040857 8190519 3730519 3950043 9710371 9710864 2760924 9710920 7790964 7790964 9710872 8190741 7790894 7790964 7790964 3730646 8190519 9710371 9040857 9710770 9710422 9710371 9710864
3471023 7790969 7790969 7790770 9040969 4040200 7790857 7790741 7790841 7790964 7790964 7790580 7790580 7790580
7790741 7790770 730043 8870580 9710752 5231023 9710414 730928 8870580 8870580 7790752 3470580 8870580 9040580 3470580 9710414 8870580 8870043 8870580 8870580 8870580 2760580 730580 730928 2760770 730580 2760928 730371 2760770 2760741 8870580 8870580 8870580 3470580 8870580 8870580 8870580 8870580 3470580 3470580 7790580 8870043 8870580 730580 2760580 730580 730741 9710872 8870580 9350043 3470043 730741 8870580 8870580 8870580 8870580 9710770 9040580 8870580 8870580 730580 9040580 9040580 730580 730580 7790580 8870580 8870580 9040043 7790580 8870741 9040857 2760371 2760928 9350043 9350700 730741 8870580 730580 8870580 8870580 8870580 2760071 8870580 8870741 5231023 7790743 2760580 2760043 3470580 7790580 7790741 8870580 9040580 9040580 9040580 7790741 7790580 8870580 8870580 7790580 7790913 3470200 8870580 9040580 8870580 8870580 7790371 7790770 8870580 8870580 8870580 7790857 7790580 8870741 8870580 7790743 3470580 3470200 8711023 8870741 7790752 7790888 8870580 8870580 7790888 8870580 8870580 3470580 7790969 7790894 7790841 7790841
3470857 2760924 2760743 2760741 3470043 9710864 8190741 9040969 9711023 4040200 2760043 7790580 730371 7790580 7790857 8870580 730928 730928 9040043 8870043 8190646 8190043 7790841 7790741 3471023 7790913 2760924 2760924 730928 8870772 8870772 2760043 2760043 7790580 9040043 3470043 8870043 7790841 9040043 8870580 3950043 7790857 7790937 7790770 3470752 3470043 3470580 7790580 7790841 7790580 7790937 3470580 8871007 9040580 8870580 7090973 9040969 9040580 910928 7790888 9040580 7090973
9040043 3470043 9710872 3470752 3470743 9040043 7790371 3470580 9710371 9040043 3470580 8870580 7790580 3470580 9040580 8870580 7790841 7790371 8870741 8870580 9710872 9710864 910928 9040580 3470857 9040857 9710920 9040857 8871007 8871007 9710371 9710414 9040580 9040580 9040969 910928 910928 8870043 7790937 8870043 7790580 9040043 7790937 9710371 3470580 7090973 7090973 9710770 3470580 7090973 3470743 3470857 7090973
8190913 8870741 8870741 5231023 8870043 8870043 2760857 2760743 7790743 7790743 7790743 7090973 8190646 7090973 3470200 8190071 8190646 8190765 8190646 8870043 3950371 730741 730928 7790752 7790857 2760371 2760924 3470580 2760857 2760071 2760741 9711023 8870741 3731002 3950043 7790741 8190913 2760741 8870772 2760743 8870741 2760580 8871007 2760928 8870043 7790857 7790857 730741 3470200 8190913 6760857 9040857 2760743 7790743 7790743 7790888 7790857 7790857 8870580 2760580 2760043 2760043 2760043 2760580 3470752 2760580 7790580 7790857 7790937 8190765 7980973 7790857 730043 730646 8870741 8870580 5370043 8870043 8870043 8870580 7790580 7790969 7790969 7790857 8190930 7790857 7790857 7790969 7790857 7790913 730857 3250857 730857 730857 8870741 730371 2760928 7790580 7790841 5370043 5370043 8190913 8190930 730580 8870043 730371 8870580 8870580 7790752 7790857 730857 2760043 730928 7790841 9350580 9350765 2760857 3470200 9040969 2760752 730857 730928 9350700 5231023 9350930
7790580 9710371 9710872 9040969 9040969 910928 9710071 3470743 7090973 8190371 7790741 3470752 3470857 9040580 7790888 7790894 7790964 9040857 7790913 7790913 9710371 8870772 8190646 9710864 8870580 3470752 7790741 8870580 3470580 3470752 7790894 7790964 7790741 7790937 7790857 3470043 730560 3470743 3470857 7090973 7090973 9040857 8190071 7090973 910928 730928 9040857 9040857 7790752 3470200 8870043 7790894 730560 730560 3470580 7090973 3950043 8190741 3470200 2760741 9710414 7790580 7790741 9710864 9040969 8190519 9040969 9710872 9710872 9710872 9710864 7790741 9710422 9710371 9710371 9710371 9710371 9710872 9710371 9710371 9710770 3470857 3471023
7790913 2760741 2760580 2760741 7790580 3470580 9711023 7790770 7090973 9040857 7090973 3470857 3470743 2760752 2760770 9710920 7790894 7790888 3471023 3470743 8870580 2760580 3470580 3470580 3470580 9710422 2760741 7790894 2760741 7790770 9710414 9710422 8190371 8190646 3470043 2760741 3470043 9710864 8190964 9710422 9040580 8870580 9040580 9040580 9040580 9040580 8870580 8870580 7790741 9040043 7790743 2760924 730646 9710422 7790964 2760924 2760071 2760071 2760964 2760964 2760964 9710422 2760371 2760371 2760743 7790741 7790371 2760580 2760371 7790841 7790371 7790743 9040580 9040580 9040580 9040580 9710752 9040043 9710752 9040857 730928 8870580 730928 730928 7790964 7790964 730580 730580 730580 8870580 8870741 8870580 9040580 2760964 730580 8870580 730580 8870580 3470580 3470580 2760071 3470580
7790857 7790857 7790857 7790857 7790857 8190646 7790857 7790043 7790371 7790371 2760371 2760043 2760043 7790043 2760043 7790043 7790857 8870043 9040969 7790857 7790371 3471023 9040857 5231023 5231023 9040580 3470580 7790743 9710864 3470043 3470580 8190519 9710864 8190371 9710920 8870424 8870580 910928 7790913 7790857 7790580 7790580 8870043 8870580 7790913 7790937 7790913 730969 8870043 7790969 4630200 2760043 2760857 7790888 1760973 3950371 3470752 3950371 2760964 2760964 2760964 3471023 7090973 9710864 8870741 7790043 7790857 8190071 9710422 730043 3950043 7790857 7790964 7790752 8190930 8190043 3470580 2760857 2760580 2760371 2760043 2760071 8190043 8190519 8190071 3470200 8190371 730560 730371 8190913 7790371 7790752 3470043 9710371 9710371 3470857 9710414 9710920
8871007 730560 730928 7790937 730741 2760043 2760580 7790888 2760964 7790964 7790964 9040580 4040200 7790043 7790043 7790043 7790043 7790043 7790043 7790043 7790043 7790043 3470043 3470043 7790043 7790043 3950043 7790743 2760043 3470580 7790913 7790964 2760043 2760043 7790857 9711023 9710864 9040969 3470743 9040580 3470580 8870580 9040580 9040580 7790770 9040580 7790580 2760964 7790743 2760743 2760964 730371 3470580 9710414 730741 9040580 9040580 7790894 7790741 7790752 7790894 7790770 2760770 5370043 2760741 2760741 7790752 2760770 8190888 7790894 2760071 7790888 7790888 7790770 7790913 9040969 3950371 9040857 9710414 7090973 7090973 7090973 7090973 7090973 7790857 7090973 3470200 7790371 2760371 2760371 2760580 8870580 2760580 7790580 8870772 7790580 7790964 7790937 7790913 8870580 7790580 7790580 7790580 7790888 7790371 7790937 7790752 7790841 7790913 7790937 7090973 7090973 7790913 8870580 7090973 7790913 7790743 7790894 8870580 3730004 7090973 7090973
910928 9040969 7790964 7790580 7090973 9710872 730928 730969 3950043 7790857 7790580 2760043 2760857 2760964 2760743 2760924 2760371 7790580 7790741 9040580 7790888 730969 7090973 9040043 7090973 8190646 730043 730857 2760741 730560 730928 7090973 2760857 7790580 8870580 730580 8870580 7790741 7790580 730857 7790580 2760857 730043 730741 8870580 7790857 8870580 9040580 7790913 9040580 3731010 3730004 7090973 7090973 8190043 2760928 2760743 2760743 2760928 7790743 7790743 7790913 7790371 7790371 9710857 2760043 2760043 7790857 3470043 7790913 7790752 7790770 7790580 3731010 7090973 7090973 3950043 7790857 3950371 2760580 8870043 8870580 8870043 8870580 9040580 9040580 7090973 9040857 9040857 9040857 7790857 9040580 7790741 7790964 7790743 7790841 7790888 3470743 3950043 8870580 8870580 7790888 7790741 7790913 8190646 7090973 7090973 7090973 7090973 7090973 8190646 9710422 7790913 7790913 2760371 2760928 7790888 9711023 7090973 7090973 3950043 9040857 9040580 9040580 8870580 9040580 9040043 7790913 7790913 8870043 9040969 3950043
8870580 7790857 5370043 730857 5370043 8870043 3950043 7790857 5370043 7790857 8871007 3950043 3950043 8870043 8870580 7790857 2760964 2760743 7790857 2760857 7790857 7790743 7790857 7790894 7790580 7790913 8870580 9040969 7090973 7790857 7790043 5370043 7790580 7790580 7090973 7790857 7790913 3950729 7790857 7790857 2760857 7790913 3950043 7790894 9710920 7090973 7090973 7090973 7090973 7090973 7790964 3470743 7790743 3471023 9040969 910928 9040969 9040969 910928 910928 7790371 7790964 9711023 7790857 7790857 7790752 7790752 7790841 7790743 7790770 8190770 7790894 2760964 7790894 3470752 7790894 7790888 7790888 9040969 7790888 2760043 2760741 2760741 2760043 2760741 7790888 7790741 7790937 9040969 9040969 7790857 9040969
8870580 8190519 7790857 3950371 730043 730646 7790857 730857 730857 8870424 8870424 7790937 2760928 7790857 2760752 9040857 9710422 3470580 730580 9040580 8190043 7790857 9040043 9040043 8870580 8870580 8870741 7790743 9710864 9710864 2760924 7790841 8190913 8190770 8190043 8870741 9710857 9710864 3470857 3950371 2760741 2760857 8190071 3730646 8190741 7790857 9710857 7790857 730741 8190071 8190913 8190913 8190913 1760973 8190646 3950043 2760770 7790752 2760043 8190519 5370043 5370043 2760857 7790857 7790857 7790894 7790913 2760924 730646 2760043 2760752 3470043 3470043 7790894 3470743 7790770 3470043 2760043 8190043 8190043 8190043 3730646 2760743 8190071 9710864 9710422 7790580 3730004 5231023 5231023 7790752 8190770 7090973 3470857 2760752 730928 730043 2760752 3470043 7790770 8870043 7790913 3950043 7790888 2760071 7790580
7090973 7090973 8190888 7790964 7790894 2760964 7790770 7090973 7790894 7790841 9040969 7790964 7790894 7090973 9040969 9040857 3470200 3470752 3470743 3470743 7790894 7790894 9710920 7790964 7790888 3471023 9710920 7790743 7790894 7790888 3470743 3470200 3470580 3470743 3470743 9040969 7790894 7790741 3471023 9040857 2760857 7790857 7790888 8190888 9040969 9040969 9040969 9040969 910928 7090973 7090973 8190071 9710872
7090973 7090973 7790888 9040857 3950371 7790913 7790741 3471023 730857 730857 3470200 3470743 3470743 9710071 8190646 7790894 7790937 2760857 730857 7790371 7790964 3470200 8870772 8870741 7790857 9040580 9040969 9040969 7790894 7790857 8190043 2760857 2760857 2760857 2760857 3730646 3730646 7090973 7790913 7090973 7090973 7090973 7790857 7790580 7790937 7790964 7790770 3471023 910928 8190646 9040857 7090973 9710864 7790841 730371 910928 8190371 8190071 7790894 7790857 2760371 2760857 2760857 2760857 2760857 7790964 9040857 910928 910928 3470857
9711023 9710422 4040200 3950043 1760973 4630200 730928 730560 7790580 7790770 910928 9040043 9040580 3950043 7790888 8870580 8870580 730646 8870580 9040580 7790857 8870043 3950043 7790913 7790913 3950371 7790743 7790964 7790894 3470580 8870424 730560 3471023 9040043 7790913 7790857 7790857 7790857 7790580 9040580 7790371 7090973 9710422 910928 730857 7790857 3950043 3470200 9710422 3950371 3950371 8190043 3470752 9040857 9350043 9350580 730741 3730004 8190741 8190913 9710857 7790371 9710872 9710872 3950371 7790913 3731023 8190043 2760043 8870580 730928 8870580 2760043 2760928 2760043 2760752 2760857 2760857 3470200 7790752 8870580 9040580 7790913 9040580 9040969
9040580 9040580 3470580 7790743 8870580 7790964 7790969 9040580 9040580 7790580 7790580 7790580 8870580 7790913 8870580 9711023 9040580 9040580 3470200 730043 730741 8190765 8870741 730371 8870580 9350580 8190071 3950729 9040580 9040580 9040857 9040969 8870580 9040580 9040580 9040580 9040580 7790969 8870580 9040580 9040580 9040580 9040580 9040580 3470580 7790371
3470743 3470743 9710752 9710752 7790580 3470043 3470743 3470743 5231023 8190043 7790857 7790857 7790371 3471023 3470743 3470580 8711023 3470200 2760071 2760580 7790770 9710920 3470743 9710920 9710770 910928 730741 730928 8870043 2760857 7790857 9710920 3470752 9710371 9710422 7790770 3471023 2760857 2760924 2760770 2760580 2760924 7790580 7790580 7790752 7790580 7790770 7790913 7790857 7090973 7090973 7090973 7090973 7090973 7790857 2760741 2760580 9040580 2760770 2760964 2760741 8190888 9711023 9710414 7790964 7790888 9710920 9710371 3470857 9040969 9040969 9040969 9710371 7790743 5231023 5231023 5231023 730580 5231023 2760743 2760043 2760964 7790964 7790894 7790894 9710864 9711023 3470580 9710920 7790741 7790894 9710414 7790913 3470043 7790894 3471023 3470580 7790964 7790580 7790371 7790937 7790894 9710770 9710864 9710422 9040969 9040969 3950371
3470743 3470743 3470743 3470743 3470743 3470743 9710071 9710920 9040969 3470743 9710414 7790894 7790043 7790580 9040580 9710770 7790888 8870741 8190043 7790857 7790371 2760770 7790580 2760964 2760964 7790743 9711023 7790743 7790894 3470743 9710864 3470200 9710770 3470752 9040857 8870043 7790770 7790937 3470752 3470752 3470200 3470752 3470752 3470200 9710872 9710770 9710872 7790894 2760857 7790741 7790857 3471023 9710414 9040969 3470580 3470043 2760043 8190371 3950371 7790857 9710371 3470743 3470200 5231023 9710864 9711023 3471023 3470200 9710864 9710864 9710864 9710864 9710864 9710864 3470200 7790857 7790371
9710920 7790894 5231023 3470752 7790964 9710920 3470743 3470752 7790894 7790964 7790964 7790743 7790964 730560 9710422 9710864 9710422 3470043 9040969 9710864 730741 2760770 9710770 9710752 9710864 9710422 9710770 9710414 3470743 2760743 2760964 7790770 3470743 9710920 7790964 2760964 2760043 2760770 2760743 7790770 7790770 730857 9710864 9710864 7790371 7790888 3470743 3470200 9711023 2760741 7790888 7790371 7790752 2760043 7790894 7790743 9710752 3470743 7790964 7790371 5231023 5231023 2760924 730928 730928 730646 9040857 730928 730646 3470752 2760741 2760741 7790752 7790894 7790743 7790743 7790741 9710864 7790743 9710864 9710864 9040043 9040043 9710770 2760752 3470752 7790770 3470743 7790743 7790752 7790743 2760071 7790964 730857 730371 730560 730560 8870424 9710872 8190964 8190741 910928 9040969 7790741 7790752 7790888 7790741 7790913 7790894 3470043 2760770 7790752 2760770 3470043 3470743
3470200 9711023 9711023 7790888 9710422 3950371 2760857 9040580 2760924 3730004 3730004 910928 8870741 910928 7790580 9710864 7790371 730580 9710864 8870580 9040580 9040580 3730646 2760857 9710857 3730519 8190043 910928 3470200 9710872 9710872 9710864 9710920 5370043 3730004 3730004 7090973 3730004 7090973 7090973 7090973 9040969 9040969 8870043 2760928 9710422 9040857 9711023 2760371 8870043 9710920 8190371 1760973 7790913 8870580 7790741 7790752 7790841 9710920 9711023 7090973 3470043 7790857 7790580 7790580 7790580 9040969 730928 9710422 9710422 9710071 9040857 7790841 7790841 7790741 7790894 3470043 7790741 7790580 3470043 3471023 3470743 9710864 9710864 3471023 7790964 8190964 8870741 3470743 3470743 3470743 7790743 9710920 3470752 7790888 2760371 7790371 3470580 9710920 7790964
9710371 9710872 9710920 3470200 5231023 2760371 730560 2760741 8711023 8870043 7790937 7790752 3471023 9710770 3471023 9710770 3470752 3470752 9710770 9711023 9711023 3470743 2760857 9711023 8190913 2760930 2760043 2760857 3950043 3950371 7790964 7790964 7790743 7790888 2760924 2760043 2760071 7790371 2760043 7790752 9710770 9040857 7790857 9710857 9040857 9040043 3950043 3950371 7790857 7790857 8190913 8190519 7790937
8870043 7790741 730043 8870580 7790913 9040580 9040580 8870741 8870043 8870741 8870580 730043 7790371 7790580 9040580 3470043 2760741 9040043 2760371 2760924 9040580 9710414 910928 3470752 9710422 9710770 7790752 7790770 7790752 9710872 3950371 2760928 8870043 730580 9710872 8870580 3470580 9040043 7790580 9710864 9710864 9710864 730741 3470043 9040857 9040043 3470043 7790752 8870580 8870741 9040580 8870741 5231023 7790770 9710770 9710371 9710920 9711023 8871007 8870580 8870043 8870580 9040580 7790913
9040580 9040857 2760580 8870741 7790043 9710414 7790741 9710414 9040580 8871007 8870580 8870580 730646 9710872 9710872 9710422 9710422 9710422 3471023 7790580 7790752 7790964 9040857 2760928 2760743 2760580 2760371 9710920 9710872 730646 2760928 730646 7790752 7790752 7790964 9040043 7790741 9710864 9710864 8870580 7790741 7790770 7090973 8190519 8190519 1760973 7090973 9040857 730646 7790371 7790743 5231023 7790857 8190519 9040580 9710071 9710920 3470200 3470200 7790371 8870043 7790770 7790937 9710872 9710864 9710864 7790371 3950371 3470200 9710371 910928 8870741 3950043 9040043 7790580 7790580 7790937 7790371 9040043 8190043 9710414 9710920 2760071 2760964 9710920 9710920 7790371 7790743 3470043 7790894 3471023
2760770 2760928 2760928 2760770 2760071 7790743 8190741 9710872 9040969 9040969 8190371 7090973 7790857 3470200 3471023 3470743 9710872 9710414 9710422 3470752 9710770 3470752 3950043 7790857 2760043 2760743 7790743 2760580 9710920 2760964 7790964 2760964 1760973 7090973 7090973 2760741 2760741 2760043 2760071 2760741 7790752 9711023 3470743 2760371 7090973 7790580 7790752 9710770 2760752 2760770 2760071 2760743 2760743 2760924 2760743 7790743 2760770 7790894 7790743 9040857 910928 3470043 9040043 9040580 2760043 8870580 3470580 7790964 9040580 3470743 2760770 8870741 8870772 7790743 9711023 2760928 8870580 8870580 2760770 8190964 3470743 7090973 9710422 7790371 2760043 730043 8870580 8870580 2760752 7790913 2760071 2760071
730560 7790888 7790371 2760743 7790752 7790770 7790913 9710920 7790913 8870741 8870741 8871007 8871007 2760924 8871007 2760752 730646 730646 8871007 730371 8871007 730741 8870424 8871007 730371 8870741 730928 8870424 8870424 730928 8871007 8870741 8870741 8870424 8870424 8870424 4040200 8870741 730560 730857 730969 7790969 730969 2760071 2760752 2760930 7790857 2760924 7790580 7790894 730560 730560 7790964 8870741 730560 8870741 3470743 9710920 9710920 7790770 2760928 730560 2760580 9710422 7790969 7790741 8190942 3950043 2760071 8870772 3470743 2760752 2760930 2760580 730560 8870580 2760580 2760741 9350043 2760741 2760043 8870772 730928 8870741 8870424 730371 2760743 2760741 2760770 8870424 730043 730043 730741 8870424 8871007 730043 9040580 7790969 4040200 9040043 7790913 9040969
7790371 7790741 730371 2760371 730560 730646 8870043 9040969 2760770 9711023 9040857 730857 2760043 2760043 2760043 2760741 7790752 8870424 3950371 8870043 7790969 8870741 730646 2760043 2760857 730857 5370043 5370043 3731002 8871007 730043 2760930 2760071 2760071 2760043 2760043 7790894 3470200 2760924 3470200 730857 8870741 730580 730857 7790857 7790580 7790371 730646 7790894 9350043 9350580 5370043 8190942 1760973 730560 7790371 7790937 2760371 7790969 7790913 7790937 8870580 730043 2760043 9710864 730741 5370043 2760580 7790964 7790894 9040969 730043 7790043 730043 8870043 7790969 2760928 730646 8870043 730741 8870741 730646 730043 2760371 730560 8870043 7790969 8870424 5370043 8870741 9040969 2760741 7790743 7790743 2760580 7790371 2760071 2760071 2760071 3950043 2760071 7790770 7790743 2760071 2760071 2760964 7790964 7790964 7790741 9710864 730371 2760371 9710872 8870772 730646 9040969 8870772 7790741 7790913 9710864 7790752 7790913 7790043 7790741 2760924 9710414 7790752 2760741 7790743 2760741 7790894 7790043 2760741 8870772 7790043 7790371 7790580 7790580 7790580 7790913 7790580 2760741 9710864 8870772 8870772 730646 7790964 3470200 7790741 7790894 7790894 8190964 8870772 9710422 7790913 7790857 7790913
3470200 8190741 2760741 2760371 7790043 7790580 7790371 8870424 730043 8870772 730560 730646 730969 3730004 8190043 730857 2760580 2760857 2760741 8870741 8871007 8870580 9350580 8871007 8870424 5370043 730857 730969 730580 8870580 730969 730646 8870741 8870741 730857 7790580 730969 8870424 8870424 2760741 2760741 8870741 730371 8870741 8870424 7790969 8870424 730043 2760857 5370043 2760580 730969 730857 8190371 730857 2760752 7790857 730371 7790371 7790741 2760752 7790043 7790043 7790913 8190043 7790743 5231023 5231023 8190043 3950043 8190371 5231023 9710864 2760752 2760071 7790888 2760770 3250857 7790857 2760580 7790741 2760741 2760741 7790937 7790770 7790752 7790371 7790964 7790752 2760741 7790752 9711023 2760071 8190964 4040200 8871007 2760928 2760043 2760857 730857 730560 8870580 730580 2760043 730043
3950371 8870580 8870741 730741 730741 730646 730371 730646 730928 8870741 730928 8871007 730857 8870043 730969 730646 730969 8870580 8870424 730560 730928 8870424 8870424 8870580 8870424 9040580 8871007 730928 8870424 8870580 8870424 8870580 8871007 8870043 8870424 8870424 730928 730857 8871007 8871007 8871007 8870424 8870741 8871007 8870580 8870580 7790580 8870741 8870580 8870741 910928 8870580 8871007 730646 7790371 8870580 8870741 8870580 8870580 9040580 730857 2760964 2760930 7790888 2760371 7790888 7790743 7790888 7790580 7790913 7790964 730646 730646 730928 730928 730928 730928 730928 730371 730646 730646 730928 730928 9350930 730857 8870424 8871007 730646 8870043 730857 730646 730969 730928 3731002 9350930 8870043 730646 9350580 8870772 8870741 8870580 8870580 730043 730043 3731002 5370043 730969 730969 8870043 730646 3731002 7980973 730969 8870424 8870043 730969 7790043 910928 4040200 8871007 8871007 8870043 9350930 730741 2760371 730857 730857 730857 730646 5370043 2760857 730043 7790888 7790894 730857 730857 8190043 3730004 7090973 730857 730580 9040043 730928 5231023 2760857 9710371 8190930 7790857 3250857 3730646 1760973 2760857 7790857 7790913 2760770 2760930 8190770 7790857 3950043 7790857 8870043
5370043 8190519 730857 7790580 7790371 8711023 2760743 8870580 7790580 7790894 8190964 7790964 7790964 7790894 7790580 7790580 7790857 7790857 7790888 7790770 2760857 2760857 7790888 9710752 3470752 7790770 8190964 7790913 7790913 7790743 7790743 7790913 7790857 7790752 7790913 8870043 8870043 8870424 7790043 8870741 7790913 8870772 8870424 910928 8870741 8870424 8870424 8870580 8870580 9040580 7790969 7790770 8870741 8871007 3470200 7790969 7790937 9040043 2760371 730857 730043 2760857 2760043 7790894 730560 8870772 730857 730857 8190519 730646 730646 2760741 7790857 7790857 7790857 7790857 2760924 7790913 7790857 730969 7790964 7790752 730969 7790580 7790580 2760770 2760928 2760752 7790857 7790770 9040969 9040043 2760741 3470580 7790741 7790580 7790741 2760043 7790580 7790770 8190371 8870043 7790743 7790857 2760043 2760043 2760043 2760924 2760371 7790371 7790371 7790752 7790580 7790741 7790894 7790770 730043 2760580 2760580 2760071 7790888 3470580 2760743 2760924 2760580 2760580 2760043 2760043 2760043 2760043 2760580 7790580 7790964 7790857 7790743 7790743 2760043 2760043 2760043 2760043 7790743
7790857 2760930 2760071 7790888 3470857 7790857 730043 2760371 2760857 7790857 2760857 7790043 7790741 7790752 7790857 8190371 7790857 7790752 2760770 7790857 2760043 2760043 2760580 7790580 7790743 7790770 7790580 7790937 7790857 7790888 7790752 3731002 3730646 8190913 730857 7790969 2760580 730043 2760043 2760580 8870580 8870580 8870424 2760928 8870580 9040580 8870741 8871007 8870741 3470200 7790752 8871007 8870424 8870741 9040969 9040043 7790913 7790913 7790913 2760752 2760043 2760071 2760043 7790857 8190930 2760043 8190043 8870741 730560 7790043 730043 730043 9710864 7790964 730969 3470857 730857 3730646 8190071 8190741 7790371 7790964 2760043 2760043 2760043 7790888 7790743 8870772 730560 8870741 7790969 4040200 730043 730560 730969 8870772 730560
7090973 7790580 7790580 7790580 8190043 5370043 5370043 2760043 730857 910928 9040857 7790857 7790857 7790580 7790371 7790743 7790743 3471023 2760857 7790857 9040857 8190741 8870772 730560 2760928 7790741 7790741 7790937 7790913 8870043 7790371 8870043 8870741 730928 8870741 8871007 8870580 8870424 8870043 8870741 730646 8870741 8870424 4040200 2760752 2760043 7790752 7790888 7790741 2760924 2760043 7790580 7790964 7790937 7090973 7790964 7790913 7790857 3730004 3730004 7790857 7790043 8190071 7790857 7790752 7790770 7790888 7790743 8870772 8870772 730560 5231023 8870580 7790580 7790580 7790752 7790752 3470580 7090973
7790913 7790913 7790371 8870580 8870043 8870580 8870741 5231023 730928 730646 730969 730646 730741 8870741 730371 730928 8870580 8190071 7790741 7790580 8870580 7790937 8870424 9040580 7790913 7790580 9040969 7790371 7790888 2760071 2760043 2760071 9710920 8190888 3471023 9710872 9710872 3470580 9040043 3470580 8870424 730560 2760928 730928 730741 730928 8870424 8870424 8870043 8870424 8870424 8870424 8870424 7790913 8190071 1760973 8190071 7090973 7790913 7790741 9040043 7790913 2760741 2760580 8190913 730371 7790752 7790937 7790741 7790857 730857 9350043 8870043 3470043 7790964 2760580 730857 2760930
7790913 730741 9710414 730371 730741 8870741 3470200 3470580 9711023 7790770 9710414 3470200 7790857 3950043 3470200 8870043 730646 8870580 7790371 8870043 8870424 8870043 730857 730857 730857 8871007 730560 730969 730969 8870424 8870424 730741 8870580 8870580 8871007 8871007 8870741 8190913 9040857 3731002 8190043 7790888 2760857 2760043 7790741 7790841 2760752 2760770 730646 7790752 7790752 7790043 730043 7790580 7790580 2760580 7790580 8870580 7790752 7790752 7790043 9710872 730371 7790371 7790371 7790913 7790743 9711023 9710071 8870741 3950371 7790741 7790043 730371 730371 3470580 8870741 7790913 730371 730043 2760043 2760043 3470743 7790743 7790743 7790743 7790371 730043 730560 730646 7790580 2760580 2760043 2760770 3470580 8870772 3471023 7790841 2760043 7790913 7790752 7790969 7790043 7790371 7790770 2760043 2760752 3470580 3470043 7790371 2760371 2760857 730043 2760930 2760743 730043 8190071 7790964
7790913 7790964 3470752 2760580 7790888 8190888 3470857 7790857 7790857 3470043 8190071 7790857 9710071 7090973 8190071 9710920 7790857 2760752 2760580 2760580 2760043 2760770 7790752 2760071 3470752 8870043 7790841 4040200 730741 8190741 9040857 8190741 730371 9710422 8190770 3470857 3470857 7790857 7790857 7790857 730969 3470743 2760743 7790894 730043 2760043 2760580 7790580 7790371 9040580 7790937 7790752 8870741 9040043 8870424 8870741 3950371 8870580 8870580 8870424 7790888 7790743 7790841 9040580
9040969 9040969 9711023 7790752 5231023 8870772 8870772 8870580 730741 7790043 8870580 7790913 9040969 8871007 7790770 7790752 2760924 2760741 730741 2760964 7790743 7790913 9710371 7790371 9040580 7790841 9710422 9710422 7790741 7790371 7790741 910928 8870580 730969 730928 730646 730928 730969 730646 730928 8870741 730580 9350580 730969 8870772 8870741 730646 730580 730969 730646 8870424 730928 730969 8870424 8870424 2760743 8190913 3470857 3950043 7790857 7790969 7790913 3471023 7790743 7790894 2760071 2760857 7790857
8870741 2760770 2760752 2760857 8190888 2760580 2760580 2760580 7790743 7790752 5231023 3470857 7790857 5370043 9711023 8190519 9040969 8190741 7790888 7790043 7790964 7790964 7090973 7790969 7790743 730560 2760928 2760371 730741 7790580 2760743 2760741 7790937 2760857 2760043 7790752 7790888 2760964 2760743 7790743 7790580 2760752 2760741 8870772 2760752 8190519 8190770 730741 7790770 730560 7790371 7790743 7790913 2760964 8190913 2760930 2760580 3731002 2760857 3730519 3471023 7790937 7790857 7790857 9040969 2760964 2760043 2760580 7790743 7790841 2760043 7790857 3731023 3950371 2760371 8190888 9710422 7790913
7790770 7090973 7090973 9710920 9710071 9710920 9710920 9710920 5370043 8711023 2760857 5370043 8870580 8790857 9710770 9710770 9710752 8190071 8870741 7790371 8870741 8190371 9710770 3470743 3470743 3470743 9710071 3470752 9710752 9710752 9710071 8190964 250200 9710920 9710422
3471023 7790857 8190930 8190519 2760857 2760743 3470752 3471023 9710071 3471023 3470743 8190930 8190930 2760857 8711023 3470743 3470752 8870772 9711023 2760770 3470200 3470752 9710371 9710371 9710371 9710414 9710872 9710371 9040969 7790969 3470857 8190913 9710414 5370043 5370043 8190071 9710371 9710422 910928 9040969 2760043 2760752 3471023 9710422
9710752 9710770 9710371 9710872 9711023 3470200 9710422 3470743 9710770 9710864 9710864 9710422 7790371 4630200 3730004 9710864 7790741 7790371 3470200 9040043 8870043 7790894 9040043 9040043 9710872 7790913 9040043 7790371 7790371 7790964 3470043 730857 4040200 4040200 8190646 8190913 7790752 5231023 5231023 5231023 3950371 3950043 9040043 3470043 3470043 9040043 9040969 7790743 7790752 7790857 7790770 7790857 7790857 8190741 8190741 7790580 9040580 9040580 7790371 9040580 7790913 9710864 9710864 9710864 7790741 7790741 7790741 7790741 910928 9710770 8711023 9710872 2760371 8870580 8870580 9040580 9040580 7790580 8870580 9040969 9710872 9710872 9710872 9710872 8870741 3950371 7790752 3471023 9040580 9040043 9040043 7790752 9710872 9040043 9040043 7790371 3470043 9040043 7790371 7790913 7790969 7790964 7790969 7790969 7790888 7790969 7790969 7790888 9040043 3470043 3471023 7790857 3471023 8190043 8190043 4630200 3730519 3730519 3731023 8190519 8190519 5231023 9710071 9710770 8870741 3470043 9710872 9710414 9710770 3950371 9710872 3470200 9710872 9040969
8190741 8711023 5231023 2760071 3731002 1760973 8190043 9040580 8190371 3470200 8190770 9040857 9040857 3471023 5370043 7790580 7790741 7790888 9710864 4040200 7790969 9710422 2760741 2760964 8190930 7980973 8190930 9040857 9040857 9040857 9040969 7790913 7980973 910928 2760924 2760743 3470743 3470743 9710422 8190888 7790743 2760857 9711023 9040043 3470857 7790371 3950043 8190741 8190646 7790752 3250857 3470200 2760071 8190942 8190071 8190741 7980973 3470200 2760743 9710920 9710920 7790888 9040969 9040580 3470752 9711023 9040580 910928 3470200 7090973 8190770 7090973 9040857 7790913 7790913 7090973 7090973 7090973 7790857 7790743 9710864 730371 5231023 9710371 4040200
7790752 5370043 910928 8871007 9350580 2760752 8870741 8190770 7790964 2760743 9710864 9040969 2760371 7790371 7790371 7790913 7790743 7790770 7790937 9711023 7790752 7790752 7790580 7790580 7790043 7790913 7790841 9710872 9710872 7790888 7790888 7790752 7790741 9040969 9040969 9040969 9040969 8870772 8870043 7790752 730560 7790580 2760043 7790371 7790913 3950043 8190741 730857 730043 730928 730560 2760752 3470200 730560 2760043 3470043 7790857 9710422 2760071 730969 8870772 8870772 7790969 7790969 730857 7790741 7790913 2760752 7790743 3470857 730580 2760580 2760924 7790888 2760770 730560 8870043 7790371 8190371 730560 7790913 2760924 1760973 7980973 3731002 8870772 7790913 8870772 730857 730857
7090973 9040857 9040969 3470857 8190741 9040857 2760371 7090973 7090973 7090973 7090973 3731010 3730004 7090973 7090973 7090973 7090973 7790857 9710071 8190770 9710770 3470857 7790857 3470857 8190770 9040969 3470752 9710857 9040969 9040043 7090973 7090973 7090973 7090973 8190371 9040857 9040857 9040857 5370043 7790580 7790937 7790857 7790857 8190770 9710770 3470857 8190371 9710422 730043 2760043 3470743 9710371 3470743 8190913 8190741 3470857 8870043 7790043 8190043 8190964 9040857 7790743 9710414 3730004 8190964 7090973 8790857 3731010 3730004 3731010 8190741 9710414 9710864 8190741 3731010 7090973 7090973 8190646 7790913 3470043 3470857 730857 9710371 3731010 8870741 9040580 7790580 9710371 9710872 5231023 3730004 3731010 7090973 7090973 3731010 9710857
7090973 7090973 9040857 3471023 3470580 9040857 7090973 7090973 7090973 7090973 7090973 7090973 8870741 3950371 7090973 7090973 7090973 7090973 3470857 9710422 9710920 3470743 9710071 9710071 3470743 3470743 7790964 7790770 9710422 2760741 3470857 8190770 8190646 8190519 9710872 2760857 3470043 7790894 3950043 8190964 3730004 3731010 3730004 7790752 9710752 3950371 7790857 7790857 7790857 7790857 7790857 7790857 7790857 7790857 7790857 7790857 7790857 3470857 3470857 3730004 3730004 9710872 7090973 3730004 7090973 3470752 3470752 3730004 3470857 3470857 9040857 3470752 9710770 3470752 9710071 3730004 8190071 8871007 3731010 3730004 3731010 7090973 3470857 9710770 3730004 3730004 7090973 8190371 3470743 9710071 8190071 3470857 8190646 8711023 7090973 3731010 3731010 3730004 1760973 7090973 8190646 9710770 3470200 8190071 9710752 3470857 3470043 9040857 3731010 7090973 7790937
3471023 8190646 3470200 8711023 3470857 9711023 3471023 9040043 8190371 7090973 7090973 7090973 7090973 9040969 9711023 8190888 3470580 9040043 7790857 9711023 8190741 9710752 730857 9710414 9710752 9710414 5231023 4040200 2760071 7090973 3730004 3470857 9040857 3730004 3730004 7090973 3730004 7090973 9710857 3730004 8190741 3470857 7090973 8190930 3471023 3470857 9710770 7090973 8190888 3470200 3470752 3471023 3470200 8870741 7790752 9710422 8870043 7790857 7790752 8870043 7790894 7790752 7790752 7790770 3730004 7090973 7090973 3730004 7090973 9040857 9040969 9710414 9040857 7790743 7790371 8190043 9040580 7790857 9040857 7090973 7090973 8190371 7090973 3950371 9710414 7090973 8190371 7090973 8190371 8871007
9710864 7090973 7790937 3730004 8790857 7790913 7790913 9040969 9040969 7790888 7790743 9040969 9040857 7790857 3470857 9040969 4040200 9040043 9040969 910928 9040969 9710872 8870741 9040969 7090973 2760752 9040969 7090973 7090973 7090973 9040857 9040969 7090973 3470857 9040857 7790743 7790857 9040857 7790371 7790969 7790371 7790857 3470200 7790969 7790969 7790969 7790743 7790371 7090973 7090973 8190371 3470200 8870580 730928 3730004 3731002 2760043 2760857 2760857 7790857 3470043 7790371 2760043 8870424
8190964 9040857 3731010 3470857 3470857 7090973 1760973 7090973 1760973 7090973 7090973 7090973 9040857 8190043 8190043 9710857 3470857 3471023 7790371 9040969 9040969 9040969 9040580 910928 9040969 9040969 9040969 9040969 7090973 3950043 2760770 3730004 7090973 3730004 3470857 7090973 8190888 9710414 3470857 7090973 3731010 7090973 7090973 9710770 3470743 3470743 7090973 3730004 3731010 7090973 7090973 3730004 7090973 7090973 3470743 9710770 9710414 9710371 8711023 3470752 9040857 7090973 3731010 7090973 9040857 3470743 9710872 9710872 9710422 3470043 7790752 7790857 3731010 8190071 3470043 9710920 9710371 3470857 9710857 730857 2760857 7980973 8190043 7790913 7790913
7790371 7790913 8870741 730560 8190930 2760964 7790894 5231023 730969 730928 730043 7790969 9710920 8870741 8190741 9040857 9040857 9710857 7790371 9710770 9710872 9711023 9710752 3731002 3731002 2760857 8190043 8190519 730741 7790964 7790371 9710864 8190770 730857 730741 7790752 8870772 730969 910928 9040969 9710422 3470200 730741 8870043 8870580 7790741 3470200 3470200 9040969 7790964 7790913 3470200 7790841 7790964 7790894 3730004 3470043 9710864 8190770 3470743 2760071 2760043 7790857 3950371 7790964 3470200 7790770 7790894 7790752 2760770 8190930 3730004 8190371 7980973 8190741 730371 2760371 730857 8711023 7790743 730857 8711023 730741 730043 730857 730969 8870043 730928 7790969 8711023 7790969 7790743 3470743 2760928 730969 910928 730969 7790894 3470857 9710371 2760928 3470752 7790371 7790371
7090973 9710422 3470752 7090973 7090973 7090973 7090973 3470043 9710414 9710414 3470743 9710071 3470857 8190071 3470857 3470580 8190765 9040857 9710920 7790888 3470857 9710770 3470743 7790371 7090973 7090973 7090973 7090973 7090973 7090973 7090973 7090973 1760973 1760973 9710414 730741 9040043 9710752 7790752 8871007 8190964 8870580 9040857 5231023 8190964 3470743 9040857 8190964 7090973 7090973 3470857 3470857 3470857 8190071 9710872 9711023 3470752 3471023 7090973 9040857 9711023 7090973 9710371 3470857 3730646 7090973 7090973 7090973 9040857 3470857 9040857 3731010 3731010 7090973 7090973 7090973 7090973 7090973 7090973 7090973 7090973 8870741 9040580 7790857 730741 7790741 2760371 9710371 7090973 3470857 9710857 9040857 3470752 8190770 9710422 9710371 3470857 9040580 7090973 9040857 9040857 9710422 9710071 7790888 8190043 3730004 7090973 7090973 7090973 7090973 7090973 8190964 3470857 9350043 3730004 3730004 7090973 7090973 7090973 7090973 3470857 9710414
3730004 3470857 7090973 3470857 7090973 3471023 8870741 8190071 8190071 8190964 8190071 3470200 3470752 9710414 9710872 3950371 3731010 3730004 7090973 3730004 7090973 7090973 9711023 9040857 9040580 8870580 9711023 3470200 8190043 7790770 3731010 7090973 7090973 7090973 7090973 9040857 3470043 3470043 3470043 3470043 9040043 8190646 9040857 3731010 3730004 3950371 9710872 9710414 3470752 3470857 3470752 9710752 5231023 9711023 7790043 7090973 9040969 3731010 7090973 7090973 7090973 7090973 9040857 7090973 9040857 9040857 9040857 4040200 9040969 2760857 7090973 7090973 7090973 7090973 7090973 9710872 7090973 7090973 7090973 7090973 7090973 7090973 7090973 7090973 7090973 7090973 7090973 7090973 7090973 7090973 7090973
5231023 2760580 5231023 3470200 730857 9350930 2760857 2760857 3950371 8190071 7790857 9040857 7790857 7790741 7790857 2760741 3731002 2760930 3731023 3730004 8190043 8190930 9350580 8870741 2760371 2760857 9710371 9710371 7790857 7790752 9710770 9710864 9711023 9710371 3470200 9710071 3470857 8190071 8190964 8190888 9040857 2760770 8190071 9711023 2760857 7790857 5231023 2760857 2760741 3471023 7790857 5370043 2760043 3471023 7790857 3950043 7790888 8870043 7790743 7790743 7790964 7790969 9710864 7790888 3731002 2760770 8711023 7790770 8190770 2760741 9710770 730741 2760741 730560 9710864 3470200 5231023 2760043 9350043 730371 2760924 2760857 8190741 3470857 8190371 9710371 7790371 2760371 9350930 2760857 730560 9350043 2760371 8870741 5231023 9350930 2760924 2760924 7790857 2760371 8190371 730371 730371 730371 9040043 7790752 2760371 8190043 8711023 7790857 2760924 3470200 2760743 3470200 2760371 9710864 2760741 2760741 7790857 3470857 8190519 8190741 8190930 7980973 7790752 7790743 7790752 3470200 3470200 9711023 8190519 3730519 3730519 9710422 3470752 7790969 7790580 7790770 7790743 8870741 8190930 730371 2760857 2760741
7790043 8190741 9350930 730969 5370043 8870043 730969 730043 730043 9040043 9040857 8870043 730646 2760857 2760857 2760857 2760857 2760857 2760857 2760857 2760857 2760043 2760371 2760930 2760857 2760857 2760857 7790857 2760371 7790857 2760857 7790743 7790752 7790580 9040857 7790857 7790857 2760930 2760930 7090973 7090973 7090973 7090973 8870580 910928 7090973 2760043 7790371 2760928 7790913 2760930 2760857 730857 7090973 7090973 8190043 7090973 9040857 3470752 7790770 2760752 2760770 8190519 8870043 730646 730580 730043 7790841 8870043 730741 730043 2760043 2760043 730969 7790752 7790857 2760741 730741 3470857 7790857 7790857 730969 2760580 2760580 730741 2760043 2760580 7790752 2760770 7790580 7790580 9710770 2760741 730646 7790741 7790969 7790964 7790770 2760770 3250857 2760928 7790043 7790857 7790888 7790888 3471023 7790964 7790964
7790043 7790043 7790888 3471023 7790857 2760741 9710414 9710414 7790371 7790371 8870043 7790964 7790964 9710920 7790888 7790888 3470743 2760371 5231023 8190741 5231023 8190741 7790857 9710864 7790743 3950729 8190519 7790888 9710770 7790580 7790752 7790752 730371 9710371 8870741 7790371 730043 3730646 730969 8870043 8870580 8870741 7790937 730969 7790857 9710422 9710872 2760071 2760043 7790888 3471023 7790888 8870580 7790741 2760043 2760924 2760043 730857 2760580 9710422 7790580 7790371 7790580 9040580 7790913 7790969 3950043 3950043 3950043 3950043 7790913 7790743 9710920 3470580 730043 2760964 2760743 730043 9710920 9040969 7790752 730043 2760071 7790371
7790743 5370043 2760857 2760752 8870043 7790857 8190913 4040200 730857 3470752 8190964 3470857 3471023 3950371 3470857 8190371 3950729 7790888 7790913 8870580 2760924 7790371 8190770 7790888 8711023 2760964 7790743 7090973 7090973 8190371 7790857 7790857 7790741 5370043 7790857 9710857 8870424 7790913 7790857 5370043 7790857 7790857 8870424 9040857 8190930 3950043 7790857 8190646 8190043 7090973 1760973 3731023 7090973 1760973 3950371 8190371 7790857 7790857 3950043 7790857 3470200 7790741 7790913 7790913 7790580 3250857 8870741 7790894 7790894 8190043 9710864 2760857 3950371 8190942 3470200 7790857 7980973 730646 7790857 7790857 7790857 8190371 8190770 9350043 7790770 7790857 7790752 3470043 7790857 7790913 7790857 7790043 7790857 8870741 7790371 9710371 7790741 7790857 8190646 8190888 2760857 7790743 8870424 5370043 8870424 7790857 7790888 7790743 730857 730857 730646 8870043 7790969 730857 5370043 8190043 730857 730857 8870043 8870043 8190888 730560 3470857
9710422 7790857 7790770 7790841 8870741 730043 7790969 730043 7790371 7790913 7790937 7790913 7790969 7790969 7790857 9040857 730043 730043 7790371 7790371 7790371 7790913 9040969 730969 730928 7790743 7790743 7790743 7790964 7790857 7790743 7790888 7790964 7790743 3950043 7090973 7090973 7790857 7790969 7790969 8870772 3470743 3470743 3470743 8870580 8870043 7790043 730560 8870772 7090973 7790857 7790043 730646 7790969 7790913 730560 8870043 730043 730646 8870043 7790969 730969 730928 8870043 7090973 730560 730043 7790043 5370043 2760928 7790043 7790371 2760043 8870580 8871007 730969 8870043 7790894 5370043 5370043 9350043 9040043 9710422 7090973 9040857 7090973 7090973 2760043 730371 9710371 8190043 8190371 3950371 9040969 8870741 7790043 2760043 7090973 7090973 730043 730043 8870580 8870580 730043 8870741 8870043 7090973 7090973 730043 7790937 7790770 3470743 7090973 7090973 7090973 7090973 7090973 9350043 730043 730928 8870580 9710864 8870580 9040969 9710872 7790752 3470043 9040043 7790770 5370043 9350043
730741 910928 3950371 7790894 7790743 7790371 7790580 2760043 7790752 2760964 7790743 7790888 7790969 9710071 7790741 7790964 3471023 7790743 5370043 2760930 2760928 730857 7790964 7790857 3950371 7790741 7790741 1760973 3950371 7790770 3470857 7790913 730371 730560 8711023 7790743 5370043 5370043 2760043 2760043 9710864 8870741 9040969 3950043 7790888 7790888 3470743 730741 7790969 7790964 5370043 5370043 7790857 9710920 9710920 7790888 7790741 7790752 8870424 730043 3470200 730560 730857 730857 730857 730857 7790743 8711023 7790741 7790969 7790888 7790913 730560 730560 3470580 7790580 8190043 7790857 7790580 7790857 7790743 7790857 7790964 7790857 7790743 8870580 3470200 2760964 7790857 7790857 3470743 7790857 7790964 7790857 7790913 7790913 7790913 7790913 7790913 730928 730969 730560 8870741 7790857 7790857 2760964 7790043 7790894 7090973 3950043 1760973 3471023 2760071 9710071 7790752 3470743 9710872 9710371 9710371 9710371 7790371 730371 3950043 7790857 7790857 7790580 7790857 730560 8870772 9040969 9710920
8870043 7790770 8870772 7790043 9040043 9040043 7790043 9040043 9040043 9040043 3950043 8870772 8870772 8870772 7790913 3470200 7790964 7790743 9040969 2760770 7790752 7790043 2760752 9710414 7790770 9711023 3470752 3470752 3470580 3470580 3471023 9710071 3471023 7790913 2760743 3471023 8870580 2760964 3470200 7790371 5370043 7790888 7790580 7790857 8190964 8190964 7790857 7790857 8190913 7790857 7790857 7790969 7790857 3950043 7790857 7790857 7790580 7790857 7790857 7790913 7790857 8190043 7790857 7790913 730969 730928 8871007 7790857 730043 7790752 7790857 7790857 7790857 7790580 7790888 730857 730857 7790857 730857 9710857 2760857 2760043 7790770 7790371 7790857 730560 7790894 8870772 7790969 7790743 7090973 9040043 9040969 8870580 7790770 9710414 7790964 730857 7790580 2760857 2760857 2760930 730857 2760928 5231023 9710920 7790857 8870741 8870772 7790964 7790969 7790913 7790580 8190930 8870580 8190888 8190888 3470580 8190741 8870772 8190930 9040857 7790857 7790857
7790894 7790913 7790743 7790894 7790888 7790371 7790913 3950371 3950371 7790371 7790371 3950371 7790741 3470752 7790770 7790770 7790770 7790888 7790913 7790743 7790743 7790969 7790752 2760928 8870741 8190741 7790969 8870580 8870580 7790969 5370043 730646 8711023 730928 910928 9350043 730969 910928 3470200 2760924 9040969 910928 4040200 8190071 9710371 910928 9040857 910928 9040857 730857 730857 730646 730646 7090973 7090973 7090973 7090973 7790752 7790857 7790857 7790770 7790857 2760741 7790580 7790580 8870772 9040969 7090973 7090973 7090973 7090973 7090973 7090973 2760741 7790857 2760741 2760924 2760043 2760371 2760930 2760043 2760371 2760371 7790913 7790371 730857 8870580 7790857
3470200 3730004 1760973 1760973 2760741 2760043 7790913 7790964 8190964 7790371 7790857 7790857 3950043 7090973 8870424 3731002 8190930 8190930 7790043 9040043 7090973 8190371 9710422 9040857 3470857 9040969 8190930 7790857 2760371 2760371 8870772 7790743 2760928 7790741 2760924 7790752 7090973 3730004 7090973 3470857 8190770 3470752 3950371 5370043 7090973 3950043 7790371 7790857 9040857 9040580 2760743 9710770 2760857 2760857 2760857 9710770 2760752 8711023 9711023 7790770 2760071 2760071 9040857 8190930 7790857 7790580 7790752 3471023 2760371 2760924 2760741 9040857 7790857 8190646 7090973 8190770 9040857
3470580 7790857 7790857 3471023 2760043 7790580 8870580 7790580 7790741 7790770 7790964 8870580 7790770 7790913 7790580 3471023 2760743 2760743 9710920 3470752 7790888 7790770 8870043 7790580 730043 7790741 7790841 9040857 7790371 7790894 7790743 7790913 7790741 2760580 7790964 7790888 7090973 3470043 3470043 7790741 3470043 3470043 7790743 7790770 7790913 7790043 9040043 2760043 7790743 7790770 7790752 3471023 7090973 730043 9040580 7790741 7790937 7790770 2760743 730857 9040043 9710872 7090973 7790580 9040969 8870424 9040857 7090973 7090973 7790857 3950043 2760043 8870043 7790741 3470580 7790964 7790770 7790741 3470200 3470200 8870580 7790743 9040580 9040580 7790913 7790964 9040043 8871007 730928 2760043 9040580 3950371 3730004 7090973 7090973 8190043 7790741 7790894 7790770 7790964 730928 8870580 7790888 8870741 7790913 8870043 7790371 9040580 9040043 7790043
3470043 2760580 2760043 7790371 7790888 8870741 730969 7790894 7790964 7790741 2760770 2760071 7790752 3470200 7790743 7790913 9040969 7790043 8870424 8870580 2760928 7790752 7790752 9040580 9040043 9040580 7790741 7790913 7790964 2760964 2760924 7790888 7790752 7790964 3471023 7790964 4040200 3470752 9710752 5370043 7790580 2760857 7790894 7790741 8190043 7790752 7790741 7790770 9710422 7790580 9040580 7790043 3470857 3470857 8190930 9710864 7790580 2760741 2760043 2760857 730741 8870043 730857 8870741 9040580 9040857 730857 730043 7790857 7790857 7790964 8870043 7790937 2760857 3470752 7790888 7790888 7790371 7790741 7790913 7790770 2760924 7790741 7790741 7790770 7790752 2760741 2760924 7790888 7790913 3471023 9040580 7790741 730969 8870772 2760043 9040043 7790964 730560 7790752 2760752 9711023 730646 730646 8870580 7790371 7790741 7790770 730371 730371 730043 7790371 3470752 3471023 7790770 7790741 7790043 7790752 3470043 8870043 3470580 7790741 7790964 3471023 9040043 7790894
8190913 5370043 8190913 7790857 8190043 3950043 8190913 8190043 8190043 8190913 8190913 8190071 7790857 8190043 9711023 7790857 8190741 7790857 8190888 7790888 7790857 3471023 7790857 8190913 7790770 8190913 8190043 7790743 7790857 7790857 8190888 7790857 3950043 7790857 3950043 7790857 7790857 5370043 8190913 8190071 8190646 7790857 7790752 5370043 5370043 7790857 2760857 3470043 8190043 3950371 8190913 2760857 9040857 7790857 5370043 8190371 2760857 8190964 7790857 8190043 3950043 8190519 8190371 9040857 8190913 9040857 8190888 3470857 7790857 8190646 8190646 8190071 9711023 7790857 8190741 7790857 8190519 7790857 8190913 7790888 7790857 3950371 8190913 8190930 3250857 3950371 8190071 7790752 730043 3731002 5370043 7790857 7790857 8190043 7790857 8190043 8190071 8190964 9040857 8190913 9040857 9040857 9040857 8190913 7790857 7790580 730580 7790580 3471023 7790770 7790770 7790770 7790580 2760924 910928 3470857 730857 8870580 730857 910928 8870580 8870580 8870580 8870043 2760857 2760043 7790857 7790857 7790043 7790580 7790913 910928 8870580 9040580 8870580 7790580 8190371 3950371 9710371 9710872 9710864 3950371 730857 730560 7790857 7790580 2760043 7790770 7790752 7790371 8190930 7790857 8190913 3950371 9040857 9040857 9040857 9040857 3730241 2760857 8190519 3470200 7790857 7790857 9040857 8190888 7790857 8190913 8190964 8190888 8190071 8190371 9040857 8190913 8190913 9350930 3731002 8190043
8870772 8190646 3470043 7790741 2760043 7790752 9711023 7790857 7790580 2760043 730043 7790043 7790888 7790857 2760857 2760043 7790743 2760741 7790741 7790857 7790371 9711023 7790964 8870741 9710872 4040200 730646 8870580 7790913 7790741 7790580 7790043 3470580 3470752 7790770 3470200 7790743 7790964 7790888 7790857 7790969 730646 9710872 7790371 7790857 910928 730371 9040969 9040969 2760580 7790969 4040200 7790371 7790770 7790741 7790580 7790888 8190071 8870741 7790741 8870741 7790969 7790857 8190071 7790741 7790580 7790752 7790888 7790770 7790371 9040857 3471023 8870741 8870741 7790371 7790857 9040969 9040969 9040969 7790857 7790913 9040857 3470043 7790969 7790969 9040857 8190964 9350930 7790969 8190646 9040969 9040969 7790913 9040969 9040969 9040969 9040969 7790969
3950371 3950043 3950043 4040200 8190043 7790857 3950043 7790043 7790043 7790857 7790888 7790857 8190043 8190519 9711023 4040200 7790969 8190519 7790857 7790857 7790857 7790857 8870424 4040200 7790969 4040200 8190646 8190913 7790857 7790580 8870043 7790580 7790969 7790913 7090973 7790857 3950043 7790857 7790857 7790857 7790857 7790913 7790857 7790857 8190913 7790580 7790857 7790913 4040200 7790969 3950043 7790857 7790857 7790913 9040969 2760857 8870043 7790741 7790580 7790857 7790857 7790752 8190043 7790857 4040200 4040200 7790913 7790969 7790969 7790969 7790857 7790857 7790857 7790913 7790913 7790857 7790857 7790857 8871007 7790913 7790580 7790580 9040580 7790580 8870580 8190646 8190519 7790969 8190519 7790857 3950043 2760930 7790770 7790857 7790857 7790743 8870424 7790580 8870043 8190519 2760857 7790752 7790371 4040200 8870741
3471023 7790913 7790913 3950371 3950371 8190913 7790857 7790857 7790857 7790913 3470857 7790913 730560 7790913 9040969 9040969 7790752 3470580 7790770 7790580 7790894 7790580 7790752 3470580 7790770 3470580 7790741 730560 730646 3470580 8711023 7790743 7790743 3470743 7790857 7790857 9350930 2760743
7790743 7790964 7790964 7790857 7790857 9040969 7790969 3950371 9040043 7790371 9040969 7790371 7790913 7790913 3950371 8190913 9040857 7090973 3470200 7790770 7790752 9040043 9040580 7790043 7790043 7790580 7790857 7790580 7790043 7790043 7790580 7790580 7790937 7790741 9040969 9040857 7790969 2760071 2760770 9040969 7790857 7790857 3470200 7790752 3470200 2760857 7790857 8870043 8190913 7790857 7790913 7790969 730857 7790857 8870772 8870424 7790913 7790913 8190913 7790371 7790913 7790743 7790913 7790913 7790913 7790969 7790857 7790857 2760857 8870580 730857 8870580 8870580 730580 8870772 7790580 7790580 7790770 4040200
3470200 8870741 8870741 9710371 8870741 7790752 8870741 8870741 8870043 7790741 7790371 8870424 9040857 7790969 3470200 3470743 7790743 7790969 8870741 730857 730741 730560 730857 3950729 9350930 9350930 8870043 8870043 730646 7790913 8870043 7790752 7790969 9710920 7790894 9710414 730741 9710872 9710872 9710864 3470857 3470857 7790371 7790913 7790969 7790913 7790894 7790913 7790913 7790969 7790743 7790894 3470043
7790371 9040580 7790580 7790743 730560 7790969 7790969 7790913 4040200 8870043 9710864 9710422 730560 4040200 3470857 9040857 7090973 7090973 3950043 7790857 7790580 9710864 9040969 9040969 3950043 7790857 7790857 7790857 7790969 7790043 3470043 7790894 7790770 7790894 7790743 7790743 7790580 7790964 7790964 7790964 7790964 7790964 7790888 7790743 7790371 7790964 7790964 7790857 7790969 730741 7790894 7790969 8870741 7790969 9040043 7790857 7790888 3470857 9040969 7790857 7790743 2760071 7790969 7790888 7790888 7790888 7790969 7090973 8190371 3470200 8870772 5370043 7790857 7790964 7790371 7790857 7790857 8190913 8190646 9040857 8871007 3950371 9040857 7790752 3470580 3950371 4040200 910928 9040969 9040969 9040969 8190519 8190646 7790857 7790741 3950371 7790857 3471023 7790580 7790580 7790580 7790857 7790964 2760743 7790743 9710920 2760752 7790770 8190071 7790770 3471023 7790857 3950043 8190913 7790857 7790969 7790913 7790770 7790913 7790913 7790857 730741 8871007 7790741 2760857 730857 9350043
7790969 7790969 7790913 7790371 9040857 7790913 7790857 7790857 7790913 7790752 7790371 7790857 7790969 7790743 9040969 7790913 9040857 7790371 7790969 7790741 7790741 7790969 9040969 3950371 9040857 7790741 7790913 7790913 7790741 7790857 7790913 7790371 7790371 3471023 7790770 7790752 3471023 7790888 7790888 7790752 3470200 3471023 7790770 3471023 7790888 7790913 7790969 7790857 7790969 7790969 7790741 3471023 7790888 7790913 7790857 3950043 7790913 7790752 7790770 7790857 7790857 7790857 7790770 7790752 7790752 7790913 3950371 3471023 3471023 7790752 7790913 7790913 3471023 3471023 7790743
7790580 3470580 9040043 7790770 9040580 9040580 8870772 8870043 7790580 7790580 9040580 910928 7790913 7790580 3470580 7790043 9040043 9040043 3470580 8870043 9040043 9040043 9040969 910928 7790937
7790888 7790770 7790743 3471023 730043 2760371 730371 730560 7790770 7790913 7790937 9710071 8190888 8711023 2760371 3470743 7790888 7790857 7790743 7790841 8870043 9040969 3950043 730969 730560 3471023 3950371 7790857 7790741 7790894 7790770 7790371 730043 730371 8870741 7790964 9040969 2760043 3470043 7790371 730969 7790969 7790969 7790969 730646 2760924 2760741 2760371 7090973 7090973 2760857 2760857 8190646 7790743 730580 7790580 7790580 7790937 2760928 2760928 4040200 9040969 7790580 730646 730371 730043 730043 2760741 9711023 7790964 2760071 3470200 2760043 8190043 8190043 730857 2760924 2760580 2760043 730646 7790371 730969 730560 8870043 7790580 730969 730969
3470580 3470580 3470580 9710872 9710857 9710371 9710371 9040969 3950371 8870772 7790743 730741 730857 3470752 7790743 9711023 9710770 8190888 9710422 9710422 3950371 3950043 9040857 7790857 9040857 7790857 7790857 7790857 7790969 5370043 7790741 7790969 7790857 7790857 9040969 9040969 9710414 3470752 9040857 9710752 7790937 7790913 7790770 7790913 3470580 2760043 2760770 2760770 8190071 3950043 3470580 7790913
null
7790841 3950729 4040200 4040200 3950729 250200 7790841
1760973
null
5370043 7790857
7790937 7790969 7790913 5370043 7790937
null
null
4040200 7790937 3950729 5370877 8870580 8871007 3950729 4630200 7790969 4040200 3950729 3950729 7790841 7790937
null
null
4040200
7790841 250200 9350580 3950729 3950729 730857 9350930 7790841 3950729 5370877 9350765
7790841 5370200 7790841 7790913 250200 4040200 7790937 3950729 4040200
null
null
7790857 4040200 4040200 7790841 3731002 7790857 4040200 7790841
null
null
3950043 3950043 5370043 7790857
null
3950729
null
null
3731023 1030292 1030857 1030292 250200 1030857 4630200 1760973 4630200 4630200 4630200
null
null
null
3950729 3950729 3950043 3950729
250200 3950729 4040200
3950729 4040200
null
null
9350930 5370200 9350765 7790969 4040200
null
null
4630200 7790580
null
8190519 3950043 250200 250200
null
null
7790969
3950729 3950043 3950729
null
null
null
1030857 3950729
null
null
3950729
null
null
null
null
3950043
null
3950729
3950729 1030282 3950729 250200
null
3950729
null
4040200 8871007 8870424
null
4880973 5370200
3950043 3950043 3950043 5370200 5370043
9350930 7790969 3950729 3950729
3950729 4040200 4040200 3950729 7790857 7790969 3950043 7790841 7790937
9040969
7790841 3950729 3950043 3950729 250200 8870580
3950043 3950729 7790841 3950729
null
3950729 3950729 3950043 3950729 3950729 1030282 9350930
3950729 4040200 3950043 3950729 3950729 3950729 4040200 7790969 3950729
3950729 3950043 5370043 7790857 4040200 3950729
1030282 1030292 1760973 250200 1760973 3731023 1030292 1030282 4630200 4630200 1760973 1030857 3731023 1760973 4630200 4630200 3731023 250200 250200 4630200 250200 1030857 4880973 4880973 4880973 4880973 4880973 4880973 4880973 3731002 250200 4910200 8190913 9350765 8190646 8190765 8190741 8790857 1760973 4630200 1030282 1030292 1030292 1030292 4880973 1030292 1030292 4880973 4880973 4880973 4880973 7980973 9350765 3250857 8190071 8190765 1760973 3730241 3730004 3730646 3731002 3250857 8190942 8190913 8190765 3250857 3730601 8190765 9040857 3250857
8190765 6990481 3731023 8190765 8190765 3950371 7980973 7980973 3730829 1760973 3730829 3730200 7980973 5370200 1030857 4880973 2370973 4880973 7310404 3730519 1030857 3730241 4630200 3730601 6760601 4880973 3730241 7980973 4880973 4880973 4880973 4880973 4880973 2370973 4880973 1030857 4880973 4880973 1030282 7310404 8190829 8190942 4880973 7310404 4880973 7980973 7310601 7310601 7310404 7310564 8790857 7980973 7310765 7980973 8190519 5370877 8190646 8190829 8190942 7980973 7310404 9350765 3730765 5370200 7310765 7310765 7980973 7310765 7310765 7310765 7310404 4880973 7310765 3730241 7310765 9350580 7310765 7310601 7310601 7310765 3730241 7310404 7310404 7310765 7310765 9350700 7310404 7310601 7310765 9350114 7310601 7310404 7310765 7980973 7310601 7310404 7310765 7310404 7310601 7310404 7310564 7310765 9350043 8790857 8190877 8190829 7310601 9350765 9350700
8190765 8190765 3730601 4880973 9350114 8190765 2760857 8870741 3730765 1030282 2370973 2370973 4880973 7980973 3731023 3730404 1030282 5370200 3730829 5370200 2370973 2370973 1030282 4880973 4880973 4880973 4880973 4880973 1030282 4880973 4880973 2370973 2370973 3730200 7980973 1030282 2370973 6990481 2760857 9350765 3730241 9350765 9350765 3730200 3730519 8190829 8190765 8190942 8190765 8190942 4880973 4880973 2370973 4880973 4880973 4880973 1030292 4880973 3730241 5370200 3730601 9350700 4630200 8190877 4910200 8190765
8790857 3250857 3250857 8790857 3250857 3250857 8190646 8190765 8790857 9350580 3250857 9350700 8190877 8190829 8190877 8790857 9350765 5370877 4910200 4910200 8190765 9350700 8190877 4910200 6990481 4910200 6990481 9350765 9350765 8790857 8790857 9350700 4910200 9350765 8190829 730928 8190829 8790857 8190877 3250857 8790857 9350700 4910200 8190942 8190913 8190371 8790857 9350765 3250857 8790857 5370877 8790857 8190877 8190877 8190765 4910200 8190765 9350765 8790857 2760928 9350765 8790857 8190942 9350114 6990481 9350765 6990481 5370877 8190913 8190942 4910200 3250857 8190765 8190877 8190765 8190877 6990481 8190877 4910200 4910200 9350700 6990481 9350765 8190765 6990481 8790857 8790857 6990481 4910200 9350765 2760857 6990481 8190829 8190877 6990481 6990481 8790857 8190877
3730241 3731002 3730404 3730829 3730519 3730241 3730765 3731002 3730241 5370200 3730765 7980973 7980973 3731002 1030857 3731002 7980973 5370200 7980973 5370877 3730765 1760973 7980973 7980973 3730241 7980973 9350700 7980973 5370200 7980973 3730646 7310765 3730241 6760857 7980973 1760973 9350765 9350700 7980973 3730519 7310765 3730404 5370877 6760857 7980973 1760973 7980973 3731002 7310765 7980973 3731002 1760973 3730765 3731002 3730200 3730519 7310564 3731002 7980973 7310765 7980973 7980973 1760973 9350765 1760973 7310601 7980973 7310765 6760857 9350765 3731002 6760601 7980973 4880973 4880973 7310601 4880973 7310564 7310765 7980973 7310601 7980973 7980973 7310564 3731002 7310601 7310765 7310765 7310564 1030282 7310404 7310765 3730601 7310601 7310404 7310601 4880973 2370973 1030282 2370973 7310564 5370200 7980973 5370877 3730765 7980973 2370973 7310564 7980973 2370973 2370973 4880973 4880973 4880973 6760601 3730404 6760857 7980973 9350765 3730519 3731002 5370877 4880973 4880973 4880973 7310564 7310404 7310601 2370973 7310601 1030282 6760601 9350700 3730241 7980973 3731002 7980973 3730519 1760973 7980973 3730241 9350114 5370200 9350114 3730601 6760601 3730601 3730241 6760601 9350114 9350765 7310601 5370877 7310601 7310601 6760857 7980973 7980973 3730519 3731002 7310404 3731002 7980973 7310765 6760857 6760601 3731002 9350765 7310765
3730519 3730241 3730241 9350765 7310404 3730601 3730519 2370973 2370973 2370973 7310601 7980973 7310601 7310765 1030282 3730601 9350114 5370200 7310564 3730601 9350700 7980973 7310601 8190765 7310601 7980973 7310601 7980973 3731002 6760601 3730765 9350765 7310601 2760857 7310601 7980973 3730601 3730404 7310601 9350043 7310601 7310564 7310404 3730519 3730241 7980973 3730765 3730404 7310765 3731023 7980973 3730404 3731002 3731002 3730241 3730200 3730200 7980973 7980973 3731002 7310765 7310765 3730200 7310765 3730241 7310564 3731002 3730241 7310601 3730241 7310404 7310601 3731002 7310564 7310601 1760973 1760973 6760857 7980973 3730829 7310564 3731002 7980973 7310765 3731002 1030282 7310601 7980973 3730829 3731002 3730829 7980973 7980973 3730241 7310601 3730519 7310404 7310765 7310765 3730601 7310404 7310564 7310601 6760857 3730241 7310601 7310404 3731002 3730829 7310601 3731002 3730601 7980973 7310601 3730404 7310601 6760857 6760601 3730519 7310765 1030282 7310765 6760601 7980973 7310601 7310601 3730241 3730519 7310601 3730241 3731002 1030282 7310404 3731002 5370877 7980973 6760857 7980973 3730241 7980973 3730765 1760973 7310765 3730601 7310601 7310601 3730241 7310404 3730519 7310564 7310564 3730241 7980973 3731002 3730601 7310601 5370200 7310404 3730765 3730765 7980973 7980973 3730241 1760973 5370200 7980973 1030282 3731002 7310564 7310564 3730765 9350765 3730601 3730200 5370200 3730765 3731002 5370877 3730829 3730404 1760973 7310564 3731002 7310564 3730241 7310765 7980973 7980973 3730765 6760857 3731002 7980973 3731002 3730765 3730646 3730601 7310601 7310404 3730241 3730519 7980973 7980973 5370200 7980973 7310601 3730519 1030282 7310765 7310564 3730404 3730241 3730241 3730241 7310404 3730519 3730765 3730829 7310765 5370877 3730765 7980973 7980973 6760857 6760857 7310601 7310564 7980973 7310564 3730829 7310404 3730601 3730601 7310765 7310601 7310404 7310765 7310601 6760857
7310564 7310765 7310601 7310601 6270652 7310765 7310765 7310404 7310601 7310404 7310765 7310601 7310765 7310404 7310564 7310564 7310404
7310404 7310765 7310404 7310404 7310564 7310601 7310404 7310564 7310765 7310404 9350765 7310404 7310765 7310765
7980973 7310404 7310404 9350700 7310765 7310404 9350765 7310601 7310404
250200 1030857 1030282 1030282 5370200 1030282 7310601 3470200 250200 5370200 250200 1030292 4880973 1030282 4880973 4880973 4880973 4880973 4880973 4880973 4880973 1030282 1030282 5370200 250200 4630200 250200 4630200 1030857 1030282 4880973 4880973 4880973 4880973 4880973 4880973 4880973 4880973 5370200 5370200 4630200 250200 250200 4630200 1030282 1030292 1030282 4880973 1030292 1030292 1030282 5370200 7980973 7980973 3731023 1030292 4880973 4880973 1030292 1030282 1030292 3731002 3731023 1030282 1030857 4880973 4880973 4880973 4880973 1030292 1030282 1030282 5370200
8190942 2760928 3950729 3950729 9350043 3950729 8190765 1030857 8190765 8190765 1030857 3730241 8190519 1030282 1030292 1030857 2370973 3730519 1030282 5370877 2760857 8190519 4880973 4880973 7310564 7980973 5370200 3731002 7980973 4630200 8190371 6990481 3730646 4880973 4880973 4880973 4880973 7310601 3730601 3730404 6760601 8790857 9710071 9710071 3950371
8790857 8190829 8190829 8190942 3730829 4880973 2370973 7310404 7310564 8790857 8190877 3730404 5370877 7310601 2370973 2370973 7310404 1030282 3730241 3731002 6760857 8190765 6760857 8790857 8790857 6760601 6760601 8190942 3730765 8790857 8190765 8190877 8190765 8190765 9350114 3730765 1030282 4880973 7310765 9350114 3730601 7310765 3730519 7310404 3730200 3730404 2370973 7310601 1030282 6760601 6990481 8190765 8790857 8190765 8190877 4910200 8190765 8190877 8790857 7310564 7310564 3730519 6760601 3730404 3730601 6760601 2370973 8190829 6760857 6990481 8190765 7310564 7310765 7310765 7310765 3730519 7310601 3730519 3730601 3730765 3730519 8190770 6760601 8190765 4910200 8790857 8190829 8790857 3730241 7310601 7310404 7310601 3730829 8190877 8190765 3730765 1030282 9350765 6760601 8190877 2370973 8190765 8190942 8790857 8190829 8190877 6760857 8190829 8190829 3730404 8190829 3730404 9350765 8190877 3730404 3730200 7310404 3730601 8790857 6760601 3730404 3730765 8190877 6760857 3731002 7310601 7310601 7310564 2370973 8190371 4910200 6760601 3730601 8190877 7310404 7310765 9350765 3250857 9350765 8190942 6760601 9350765 6760857 8190942 3730765 7310601 7310765 3730765 8790857 9350700 6760601 2370973 3730404 8790857 6760857 6760601 8190741 3730404 3730404 3730601 3730765 6760601 9350765 6760601 6760857 3731002 8790857 3730601 3730601 8190765 6760601 3730404 3730519 8790857 8190877 8790857 7310601 3730404 8790857 8790857 6760601 3730404 3730765 8190765
8790857 6990481 8190765 8190765 3250857 8790857 4910200 8190765 8190770 9350765 8190829 8790857 6760601 8190829 8190964 3730765 3250857 8190765 8790857 8190765 6760601 3470200 3730241 8190765 9710857 8190765 8190765 6990481 3730829 6760857 8790857 8190877 6760601 8790857 8190829 6990481 8190765 6990481 8190765 6990481 8190765 6990481 3250857 8190829 8790857 3250857 8190741 8190765 8790857 8190877 4910200 8790857 8790857 9350700 8190765 4910200 6760601 8190942 4910200 3250857 3730601 3730404 3730241 3730829 6760857 8190829 8790857 8190765 7310601 1030282 7310601 4880973 4880973 2370973 4880973 4880973 8190829 8190877 7310564 7310765 7310765 7310765 4910200 2760857 7310601 1030282 8190942 4880973 7310601 3250857 8190829 4910200 9350765 7310765 7310765 7310601 7310564 7310564 7310765 8190765 8190765 8790857 8190877 9350765 8190829 4910200 4910200 8190877 7310601 4880973 4880973 6760601 5370877 8790857 4910200 8190942 3730601 8190829 8790857 8190877 8790857 8190765 8190877 7310404 6760857 4910200 3730241 4880973 3730519 7310765 8790857 4910200 3730601
8190829 8790857 8190877 6990481 8190765 8790857 8790857 8190071 8190888 4910200 8190765 8190829 8190770 3730404 9710857 8190829 8790857 8790857 8190877 3730646 6990481 8790857 3730241 8790857 8790857 8190942 8190942 9350114 8190765 8190888 8790857 8190765 8190829 8190877 6990481 8190829 3250857 8190646 4910200 9350765 4910200 8790857 9350765 4910200 4910200 6990481 6990481 8790857 8190877 8190765 8190877 2370973 8790857 8190765 8790857 6990481 3250857 8790857 3730829 8190877 8790857 9350114 4910200 8190877 6990481 8790857 8190877 8790857 8190829 9350765 8790857 7310601 3250857 8190877 6990481 8190765 8790857 8790857 8190371 8790857 8790857 8790857 6760601 8190765 9350114 7310564 8790857 8790857 8190829 5370877 8190877 4910200 4910200 3730765 4910200 8190942 4910200 2370973 4910200 8790857 8790857 8190829 8190765 8190829 8190765 6990481 9350765 5370877 3250857 9350114 7310601 4910200 8190942 8190829 9350114 7310564 8190877 8790857 6990481 8790857 8190765 4910200 9350043 3470200 4910200 6990481 8190877 6990481 8190829 8190770 8790857 9350700 8190829 3730601 8190829 6990481 8790857 3730404 8790857 8790857 8190877 8190765 8190877 3250857
8871007 9350700 8870741 8190942 7310601 7310404 9350765 1030857 8190371 3470200 8870424 8190877 8190829 6760601 3731023 6760857 8190888 9350765 9350765 8190765 3730241 9350580 8190765 8190646 8190765 8190765 8790857 3730241 6760601 8190765 8190829 8190829 8190829 4910200 8190829 8190877 8190877 3250857 8190829 3730765 3250857 3250857 8190765 3250857 8190942 6990481 5370877 8790857 9350765 7310564 6760857 8190741 9350114 9350043 9350580 9350580 6990481 8190829 8190765 8190765 8190829 8190829 8190765 8190829 9040857
3730646 9040857 3730241 8190877 3730404 8190942 8190765 3730200 8190913 3730829 8190942 1030292 8790857 7310564 8190646 2370973 3730241 8790857 9350765 3731002 3730646 1030292 6760857 3730241 8190942 2760857 7980973 3730646 7980973 3730404 2370973 3730404 8190765 3731023 1760973 3730829 2370973 4880973 6760857 250200 3731002 8190877 8190765 8190765 250200 3730404 3730765 8190765 9040857 3730404 2370973 3730404 8190829 3250857 8190765 3250857 8190765 8190942 3250857 3731023 8190765 3730601 8190765 3250857 3730646 3730829 3250857 3731002 2370973 8190765 8190829 8190877 2370973 4880973 2370973 2370973 8190829 2370973 3730601 7980973 3730404 9350765 4880973 2370973 7980973 8190765 8190942 2370973 8190877 3730765 6760857 8790857 6760857 2370973 6760857 8190765 8190741 6760857 9710857 9350765 3730200 3731023 8190877 3731023 3730765 3731023 3731023 8190765 3730829 3730004 3730004 3730241 1030857 3730646 3730765 8190765 3730241 7310601 8190829 3730765 8190877 3730829 8790857 3730404 8790857 9350700 9350765 2370973 8190877 8190829
3730404 4630200 8190829 7980973 3730646 3730646 1760973 3730601 4630200 3730601 3730765 8790857 3730646 2370973 3731023 3730765 3730200 3730404 3731002 6760857 8790857 9350114 3730241 4880973 4880973 8190765 3730404 3730601 9350765 8190942 8190765 3730404 3730404 3730646 7310601 3730765 3730601 3730765 8790857 7310404 6760601 3730646 3730404 8790857 8190371 8190829 5370200 9350765 3730829 3730004 3730601 8190765 6760601 3730601 3730404 3730829 8790857 6760601 3730519 3730646 8190765 3731023 3730646 3730646 2370973 3730241 1760973 8190765 3730829 8190829 8190877 3730646 3730241 3731002 1760973 9350700 3730601 1030857 8190765 8790857 3730646 8190942 8190829 8190942 8190829 1760973 3730200 3730241 8190877 2370973 8190942 8190829 8190942 8190765 6760601 8190829 3730601 8190829 3730241 7310765 3730241 2370973 4910200 3730765 8790857 1760973 3250857 3730404 3730601 8190942 8190765 9350114 3250857 8190942 4630200 3730601 2370973 8190765 3730601 8190829 3730646 3730829 8190646 3730601 8190765 8190829 8190829 6760857 3250857 8190765 3730765 6760601 3730404 9350765 8790857 3730601 9350765 4630200 3730765 8190942 3730646 3730601 1030292 3730241 8190942 6760601 3730519 7310564 3730241 3730829 8190519 3730601 3730519 8190877 6760857 3730601 3730404 3730519 9350700 7310404 1030292 8190877 3730519 6760857 8190829 3730765 8190942 8790857 8190877 1030857 8190765 3250857 8190942 3730646 8190877 8190765 3730200 8790857 3730765 1760973 8190877 8790857 3730241 3730646
8190877 3730404 3730765 8190829 3730765 3730601 3730765 3730404 3730241 8190765 3730404 3730646 6760857 3730765 6760601 8190765 8790857 2370973 3730601 3730829 8190765 3730646 4630200 8190942 3730601 8190942 8190829 8190829 9350043 3730404 8190829 8190829 8190829 6760601 9350700 3730241 6760857 3730765 3730765 3730241 8190829 3730765 8190877 6760601 8190877 8190765 3730646 8190829 3730404 8190829 8190765 3730601 4630200 3730519 3731002 3730404 3730765 4630200 3731023 4880973 3730829 3730829 3730765 8190877 3730601 8190765 8190877 3730765 3730601 3730601 3730241 9350765 8190942 3730601 3730601 3730646 3730765 8190765 6760601 3730765 1030282 3730404 4630200 3730404 3730765 3731002 3731002 9350765 3730646 8190646 3730829 7980973 3730829 3730241 3731023 6760601 3730765 8190877 6760857 8190765 3730404 8190877 3730404 3730241 7980973 7310564 7310765 1030282 7310564 7310564 3250857 6760857 3731002 3730765 7980973 3730404 8790857 8190877 8190765 1030857 3730646 3730765 8190071 3730601 3730765 8190765 8190877 3730601 9350114 8190765 8190829 6990481 8190765 9350700 3730241 3730241 6990481 8190942 3730829 8190877 8190877 6760857 4630200 3730765 6760857 8190829 6760601 8190829 3730404 3730241 6760601 7310564 3730646 3730829 3730200 3730601 3730404 3730241 3730601 8190942 3730404 3730404 1760973 4630200 6760857 8190765 3730601 8190765 8190877 8190765 3730404 8790857 3730404 8190829 8190765 4630200 8190877 3731023
3730765 3730241 3730646 1760973 8190829 3730646 3731023 3730200 3730646 3731023 3730241 1030282 7310601 3730404 8190765 3730765 3730646 3730241 9350765 8190765 3731023 6760601 3730241 2370973 3731002 3730829 3731002 8190829 3730519 3730601 3730646 8190877 3730829 3730200 3730404 3730200 1030857 8190646 3731023 9350765 8190371 3730765 8190877 6760601 3730601 2370973 3730601 3730646 3730404 8190765 3730601 3730241 3730601 3730404 3730241 3730765 3730241 3731023 8190942 3730765 3730646 3731023 3730241 3730829 7310404 3730765 3730765 3730241 4630200 8190829 3730404 9350114 3730646 3730404 6760857 7980973 3730404 3730765 3730765 6760601 3730404 3730404 2370973 3730200 3730404 3731023 6760601 3730765 3730646 3730601 3730601 7310564 4880973 3731023 3730404 3730601 7310404 3730519 3730601 8190765 6760857 3730404 8190829 8190942 3730404 8790857 1760973 3730241 3730404 3730765 3730241 3730601 3730404 3730601 3730601 3730765 1030282 3730765 3730241 2370973 3730004 3730829 3730601 3730200 3730601 3730765 1030857 3730765 3730646 6760857 3730601 3731023 3730601 8190765 3730829 3730601 9350114 3730241 3730404 3730004 2370973 3730004 3730404 4630200 6760857 6760601 3730404 3730765 3730765 3730601 4630200 3730765 4630200 3730241 3730404 3730601 3730765 3730241 3730241 6760601 4630200 3730829 8190765 3730241 3730765 3730241 9350765 8190942 3730404 3730765 8190765 3730765 3730404 3730241 9350765 8190877 3730404 7310765 7980973 3730646 6760601 3730765 3730765 3730404 6760857 1760973 3730765 3731023 3730829 3730829 8190765 3730601 3730601 3730601 8190765 3730404 3730601 3730601 3730241 3730601 8190942 3730646 9350114 8190829 3730404 3730646 3730765 6760857 3730646 6760857 8190765 3730601 3730404 3730765 3730765 9350114 3730601 3730241 8190765 8190877 3730765 3730601 3730646 9350700 3730404 6760857 3730601 3730765 8190942 3730241 3730241 3730829 3730765 2370973 3730765 8190877 8190765 8190942
3730404 8190877 8190877 3730765 8190765 8190877 8190765 8790857 8190877 3730829 6760601 8190765 8190877 8190829 7310765 7310765 6760601 8190942 3730404 8190765 8790857 8190877 4910200 6990481 6990481 3250857 3730829 8790857 4910200 8190765 6990481 8190765 8790857 8190829 9350700 3731002 6990481 3250857 8190829 8190877 8190942 6990481 8790857 8190877 8190829 6760601 6990481 8790857 8790857 8790857 8190646 8190765 3250857 8190765 6760601 8190765 3730241 4910200 8190877 8190877 8190765 1030282 8790857 8190829 8190829 2370973 8190877 8790857 3730404 4910200 6760601 8790857 8190765 9350765 8190877 4910200 6990481 8190877 3730829 3731002 8190765 8190829 8190877 8190877 3730765 7310404 1030857 7310601 3731002 9350765 8190877 8190877 4910200 8790857 8790857 8190765 8190765 4910200 8190829 8790857 8790857 8190765 8190765 8190829 8190877 6990481 8190877 8190877 8190765 8790857 4880973 4880973 4880973 7310564 7980973 8790857 4910200 3730200 1030282 7310601 7310601 7310564 8190829 8190829 3730829 8190829 8190877 8190877 9350700 9350765 4880973 4880973 4880973 4880973 4880973 4880973 7310564 7310601 5370877 3250857 3730765 9350114 3250857 3730601 8190829 3730241 8190071 8790857 6990481 6990481 6760601 8190770 8190765 8190942 9350114 5370200 7310564
3950371 9040857 9350765 3470200 9350700 4040200 9350700 9710422 9040969
8190765 7790857 8190646 8190646 1030292 250200 250200 4880973 4880973 1030292 1030282 1030282 1030292 4880973 1030282 1030292 4880973 4880973 4880973 4880973 250200 3731023 1030282 7790857 4880973 4880973 1030292 1760973 1030292 2370973 9350700 1030857 250200 1760973 1030292 1030292 4880973 4880973 4880973 4880973 4880973 4880973 4880973 4880973 4880973 4880973 4880973 4880973 1030292 7980973 1030292 6760857 3250857
3731023 5370200 1030282 1030292 1030282 4880973 4880973 1030282 1030857 250200 2370973 7980973 3731023 250200 1030292 4880973 1030292 1030282 250200 4630200 250200 250200 4880973 1030292 1030282 1030282 1030282 1030282 730969 2760857 9350700 250200 250200
7980973 1030282 8870424 4880973 4630200 3950043 3950043 3950043 5370043 4040200 3950043 5370043 8190043 7790937 3950043 730969 8790857 3250857 8190964 8190765 3950043 3950043 3950043 3950043 3950043 3950043 4040200 4040200 8190646 250200 8190043 5370200 1030282 1030282 1030282 3950043
2760857 7790841 730043 4630200 1030292 1030292 4880973 1030292 1030292 1030292 7980973 4880973 1030282 3730241 9350043 6760857 6760857 8870424 2760964 3250857 8870424
8871007 3950729 4040200 7790841 4040200 1760973 1760973 1030292 1030857 250200 3730200 1030292 1030282 1030292 1030292 1030282 1760973 1030282 8870043 8870043 250200 250200 250200 1760973 250200 250200 4630200 1030292 1030282 1030292 1030292 1030292 1030292 250200 250200 4630200 1030292 1030292 1030292 5370200 4630200 4630200
8190646 8190371 3470200 4880973 7980973 1030857 3730519
8190765 8190765 8190765 8190646 8190765 3730241 730741 910928 2760857 8190888 9040857 1030857 1030292 9710857
7790857 3731002 2760857 4630200 9710371 3950729 4040200 8190913 9350700 8190071 8190913
2760930 7790743 9710371 3470857 4040200
3250857 7790841 7790841 7790894 1760973 6990481 7790841 7790580 9040580 8190071 5370043
3950729 3950043 7790743 3950043 8870043 2760043 8190765 8790857 1760973 7980973
4880973 4040200
3731023 7790841 1030292 3730829 7980973 8190829 7790857 2760857 2760928 4880973 8190646 3730519 5370043 5370043 5370043
4630200 8190829 8190765 7980973 250200 1030282 1760973 1030282 1030857 1760973 1760973 1030857 1030282 1030857 1030292 1030857 3731023 7980973 3731023 1030292 1030292 1030292 1030292 1030857 1030282 1760973 250200 1030292 7980973 1030282 3730241 4630200 9040969
null
