208
9350404 1760973 7790913 4720857
3730241 8190937 5370200 7980973 8190371 3950371 9711023 1030292 5370200 1030282 1030638 7980973 4630200 7980973 5370200 5370841 5370200 7790200 4880973 5370200 5370200 4880973 4880973 4880973 1030292 4880973 4880973 1030638 1030638 1030282 5370200 1030282 1030282 4880973 4880973 4880973 4880973 1030638 1030282 5370200 1030282 4880973 1030292 4880973 1030638 4880973 4880973 4880973 1030292 4880973 1031010 1030282 1030292 5370200 1031010 1031010 1030292 1030292 1030282 5370200 5370200
7310404 4630200 1030638 1031010 1030282 5370841 4880973 4880973 4880973 3730519 4880973 4880973 4880973 4880973 1030282 7980973 7980973 1760973 4630200 4630200 1030292 1030282 5370200 4630200 1031010 1760973 1030638 1760973 4630200 3731023 1760973 8870544 1760973 4630200 4880973 4880973 4880973 4880973 7980973 7980973 5370200 1030282 7310564 1030638 4630200 9350646 8190913 3731023 4630200 1030292 4880973 1030638 1030638 1030638 1030638 1030292 4880973 4880973 4880973 4880973 4880973 4880973 4880973 1030282 7980973 7980973 8190937 7790841 4630200 4630200 4880973 4880973 4880973 4880973 4880973 4880973 4880973 7980973 1030282 1760973 5370200 4630200 3730241 4880973 4880973 4880973 4880973 1030282 7980973 1030282 1760973 4880973 1030282 7980973 1030282 1030282 1760973 1030638 1030282 7790200
1031010 7790200 8870544 1031010 4630200 4630200 3731002 4630200 2370973 1760973 1760973 4880973 4880973 1030638 4880973 1030282 1760973 9350404 9350646 1030292 1760973 7310765 7310646 7310646 3731002 4880973 1030638 3730241 3730200 1030292 4880973 4880973 3730200 4880973 4880973 4880973 4880973 4880973 7980973 1030282 1030282 1760973 5370200 9350765
1030282 5370043 1030292 1030292 4880973 1030292 4880973 4880973 1030292 5370200 1031010 5370200 4880973 4880973 1030292 4880973 4880973 4880973 7310601 4880973 4880973 7310404 4880973 3731002 1030282 1760973 1030282 4630200 5370200 1030292 1030282 4630200 1030282 1030282 1030292 4880973 2370973 1030282 5370200 1031010 5370200 4630200 8190646 7310646 7980973 5370200 4630200 1030282 1030292 3730241 1760973 4880973 4880973 1030292 1030282 7980973 1030282 1030282 4630200 1030282 1031010 1031010 4630200 1760973 1030282 1030282 1030292 7980973 7310646 9350404 1760973 1030282
9710920 8190071 3950964 9710770 9710770 9710752 9710371 9710969 3470969
3700205 2760752 8190646 8190646 7090973
null
8190371 8190743 3471023 1030282 8190942 8190770 9350404 8190913 1760973 1030282 8790857 7980973 3470200
6990200 5231023 6760857 3250857 3250857 9710969 8870580 8870580 7530857 8190752 8190942 3950043 3470969 9710864 3470969 7310765 9710969
7790857 5370877 8870544 9711023 8190741 9710371 9710741
8190765 9710071 7530857 9710519 9710071 3470519 8190765 8190969 3730646 9350646 7530857 3730601 2760043 8190363 8190770 3470205 9710770 3470969 8190363 9710205 9710205
3950964 8190888 8190363 8190363 3730241 8190363 7310646 1030638 4880973 3730241 3730200 5370841 9710414 9710371
8190770 9710770 3731002 7530857 8790857 8790857 9350765 8190969 9350043 9710006 9710864
8190770 2760888 9350404 9710752 9710205 3950964 2760580
2760964 3250857 8190743 8190937 8190829 8711023 3731002 8190363 3730519 2760071 8190071 2760743 2760580
3730646 7530857 3470200 8190770 3250857 9350741 9350741 3700205 3731002 9350404 8190363 8190829 8870544 8870580 3470200 5370200 7790200 8870544 3950371 6760857 5370200 6760857 3731002 7790841 8190363 3250857 8190937 3731010 4630200 1030638 1030282 5370200 1030282
9710205 9710864 9710770 8190937 9710071 730071 9710371 8190937 8190937
8870043 2760888 730646 7790371 8871007 7790888 2760741 7530857 5370043 5370841 8190765 8190560 4720857 8190363 9710864 9710864 8190937 2760580 8190071 7530857 9710770
4630200 4630200 5370200 1760973 3731002 7980973 1031010 3731002 1760973 1030282 5370200 1760973 3470857 9710371 2760888 730870 6990200 8870772 8871007 910928
3730004 8190765 8190519 8190937 8190969 3700770 6990200 8190765 8190765 8790857 8190765 8870544 8870544 3950964 3730004 3730004 7090973 8190363 9710006
1760973 3730241 2760071 9710205 8190765
8190765 3250857 8190913 3950043 8190765 2370973 6760857 8190743 7530857 8790857 8790857
9710969 3470205 9710920 3700770 9710371 8790857 1031010 4630200 1760973 4630200 3731002 1760973 3731023 3731023 4630200 1030282 3731023 3731002 7310404 6760601 8190937 7790519 3250857 8190743 9710969 3470580 8190560 7530857 8190519 8190937 7790857
7310652 7310652 7310652 7310652 7310652 7310652 7310652 7310652 7310652 6270652 6270652 7310404 7310652 7310652 7310652 7310652 7310652 7310652 7310652 7310652 7310652 7310652 6270652 7310652 7310652 7310652 7310652 7310652 7310652 7310652 7310652 6270652 7310652 7310652 7310652 7310652 7310652 7310652 7310652 6270652 6270652 6270652 6270652 6270652 6270652 6270652 6270652 6270652 6270652 6270652 7310652 7310652 7310652 6270652 6270652 6270652 7310652 6270652 7310652 7310652 7310652 7310652 7310652 7310652 7310652 7310652 7310652 7310652 7310652 7310652 6270652 6270652 6270652 7310652 7310652 7310652 7310652 7310652 7310652 7310652 6270652 6270652 6270652 6270652 6270652 6270652 6270652 6270652 7310652 6270652 6270652 7310652 7310652 6270652 6270652 6270652 7310652 7310652 6270652 7310404 6270652 7310652 6270652 6270652 7310652 6270652 7310652 7310652 7310652 7310652 7310652 7310652 7310652 6270652 6270652 6270652 6270652 6270652 7310652 7310652 7310652 7310652 6270652 6270652 6270652 6270652 7310601 6270652 7310652 7310652 7310652 7310652
7310652 7310652 7310652 7310652 7310652 7310652 7310652 7310652 7310652 7310652 7310652 7310652 7310652 7310652 7310652 7310652 7310652 7310652 7310652 7310652 7310652 7310652 7310652 7310652 7310652 7310652 6270652 7310652 7310652 7310652 6270652 6270652 6270652 7310652 7310652 7310652 7310652 6270652 7310652 7310652 7310652 7310404 7310652 7310652 7310652 7310652 6270652 7310652 6270652 6270652 7310652 7310652 6270652 7310652 7310652 7310652 7310652 7310652 7310652 7310652 7310652 7310652 7310652 7310652 7310652 6270652 7310652 7310652 7310652 7310601 7310652 7310652 7310652 7310652 7310652 7310652 7310652 7310652 7310652 7310652 7310652 7310652 7310652 7310652 7310652 7310652 7310652 7310652 7310652 7310471 7310652 7310652 7310652 7310652 7310652 7310652 7310652 7310652 7310471 7310652 7310652 7310652 7310652 7310652 7310652 7310652 7310652 7310652 7310652 7310652 7310652 7310652 7310652 7310652 7310652 7310652 7310652 7310471 7310652 7310652 7310652 7310652 7310652 7310652 7310652 7310652 7310652 7310652 7310652 7310652 7310652 7310652 7310652 7310652 7310652 7310652 7310652 7310652 7310471 7310652 7310652 7310652 7310652 7310652 7310652 7310652 7310652 7310652 7310652 7310652 7310652 7310652 7310652 7310652 7310652 7310652 7310652 7310652 7310652 7310652 7310652 7310652 7310652 7310652 7310652 7310652 7310652 7310652 7310652 7310652 6270652 7310652 7310652 6270652 7310652 6270652 6270652 6270652 6270652 7310652 7310652 7310652 7310652 6270652 7310652 7310652 7310652 7310652 7310652 6270652 7310652 7310652 7310652 7310652 7310652 7310652 7310652 7310652 7310652 6270652 6270652 6270652 7310652 6270652 6270652 7310652 6270652 7310652 7310652 7310652 7310652 7310652 7310652 7310652 7310652 7310652 7310652 7310652 7310652 7310652 7310652 7310652 7310652 7310652 7310652 6270652 6270652
7310471 6270652 6270652 6270652
7310652 7310652 7310652 7310652 6270652 6270652 7310652 6270652 7310652 6270652 6270652 7310471 6270652 6270652 7310471 7310471 7310471 7310471 7310471 6270652 7310471 6270652 6270652 6270652 6270652 6270652 6270652 6270652 7310652 7310652 6270652 6270652 7310471 6270652 6270652 7310471 7310471 7310471 7310471 6270652 6270652 7310471 7310471 6270652 7310471 7310471 6270652 7310471 7310471 6270652 6270652 7310652
3700205 9710864 7790200 2760888 9710580 8190741 8190371 9710857 3470200 8190371 9350741 9350741 4720857 9710752 7790888 3470580 730743 8870043 9710422 9710205 9710071 3700770 8190888 9710770 9710969 9710969 3700969 3470519 7790894 9710519 7790964 8790857 8190942 3950371 3470205 2760888 8711023 730071 9710752 3470857 8190741 9710969 9710205 8190969 3470519 3470969 9710205 3470200 3470205 7090973 7090973 3730646 8190363 9710969 3731010 9710969 9710857 3470969 3250857 8190913 9710857 2760770 8190071 2760741 2760928 3950371 4720857 8190969 730580 7980973 8190519 7790857 3700519 3950371 8190888 8190888 3470857 9710920
7980973 9350580 9350043 7980973 7980973 7980973 9350580 9350043 9350580 730043 730519 9350580 730880 730741 730371 9350043 9350646 9350043 5370043 730870 8870580 8870544 9350646 3950043 8870043 9350580 7790857 8870424 8870544 7790200 3950371 7790580 8870544 8870544 8870043 8870043 8870043 7790371 3950043 3950043 7790857 7790841 7790857 7790857 7790857 7790741 7790913 7790913 2760770 730560 9350741 5231023 8190969 3730004 4880973 7980973 3730004 910928 3730004 9710371 2760741 2760741 7980973 8190371 730371 9710864 8190741 3730200 3730519 8711023 8190519 8190969 5231023 730371 730071 8190770 9710864 9710864 8190519 3470580 730743 8870772 9710071 8870544 730770 9710205 7790964 9710741 3470200 2370973 1760973 7980973 1760973 730560 2760043 7790743 8190743 730646 9710414 3470200
7790888 7790964 7790888 7790071 7790071 2760043 2760043 2760043 2760924 2760043 7790371 2760071 2760888 2760071 9710071 2760043 2760043 2760043 2760043 2760043 2760964 7790741 2760743 7790741 9710414 730928 3700580 7790752 7790964 8870580 3700519 2760752 7790857 3950964
3470043 7790894 3470414 9710857 9710857 3730004 8190560 9710006 7790741 910928 730043 9710422 8190043 2760752 2760371 3470519 7790071 2760743 7090973 3470043 3470969 3470200 730580 730870 730880 8870043 7790741 3470580 8870580 9040580 7790913 9710422 7790741 7790371 3700770 7790752 9710580 7790894 7790743 2760752 7790741 9710770 7790741 9710741 2760071 730580 2760580 7790371 3470580 3470200 9710864 2760371 8190519 7790913 3470580 9040580 3470580 9040580 2760371 7790888 7790913 9710864 8190560 3731010 8190741 9710969 2760964 2760741 2760371 2760043 2760043 2760043 2760741 2760770 2760928 9710969 7790580 3470580 7790371 730071 7790071 3470043 9710920 9040580 8870580 7090973 7090973 7090973 7090973 7090973 7090973 7090973 3471023 3470857 2760371 7790371 7790913 3470752
730741 3730241 8870043 9350043 9350043 9350043 8870043 5370043 9710857 8190519 3700519 7790519 4720857 730969 730969 3730004 8190371 5231023 7790857 7530857 9350580 730371 8870043 9350043 730870 8871007 3470200 9710422 8870544 2760741 8870580 8870580 8870580 3700969 3470580 8870043 8870424 7790741 3730241 8190363 4720857 9350646 9350043 2760770 2760371 3470200 8190913 8190913 7790371 2760043 7790371 7790857 7790743 8190043 7790857 7790371 7790371 3470200 7790741 2760741 2760888 8870544 7790071 7790857 7790857 7790200 3470200 7790371 7790371 9710205 9710205 7790857 3700969 8190969 9710422 9710205 8190043 5370043 9350043 8870043 2760043 8190043 9350043 5370043 2760743 2760071 8190888 2760743 2760743 2760964 8711023 2760888 2760071 8190765 8190969 8190043 7790743 8870424 7790743 3470200 7790857 3950964 8190560 2760928 8870772 3471023 8190741 9350741 8190560 8870043 8190560 8190646 8190043 2760043 2760043 8870043 2760043 8190043 7790857 8870043 7790071 7980973 9350043 2760071 2760928
8190770 3250857 8190969 8190741 8190519 8190913 8190043 7790580 7790913 9710422 8870424 3470519 7790913 8190560 7090973 7090973 8190560 7090973 7090973 730880 9350580 730770 9710422 7790580 9710006 9710969 8870043 8870043 3700969 3470200 8870544 7790580 3700580 9040580 9040580 730969 730071 2760770 8190071 3470857 2760770 3470519 2760371 3700969 9710422 9710580 3470580 2760752 7790580 9710519 2760924 9710519 7790888 3470200 7790964 7790913 730870 730928 3700580 3700969 3470857 3700580 3470969 2760770 2760928 7790071 2760964 7790071 730043 730580 730870 7790964 3730646 8190888 7790743 7790519 2760743 2760770 9710920 3470969 3470969 2760371 3470519 2760741 7790071 9710920 3470519 2760071 2760071 7790519 3700969 3700969 8870043 7790741 2760770 2760743 9710371 730741 2760770 2760741 2760752 3470519 8190519 7790857 7790741 2760741 3470043 7790841 3470519 730519 730043 5231023 2760580 7790580 7790580 3470205 730928 730371
7790857 8190743 7790964 2760770 3470752 2760770 7790371 7790964 3470200 3470200 9710371 3470969 730560 7790857 730880 730741 9710414 730560 730770 2760043 5231023 8711023 9350741 9350741 8711023 9350646 8190743 9350741 730928 9350404 5231023 730741 9350765 2760743 730743 9350741 9350646 730741 2760371 2760371 7530857 9350043 9350043 730741 2760741 3700519 8190371 730770 9350741 5231023 8870580 730580 730743 730741 9710580 730770 730580 2760371 2760924 2760924 730770 730969 910928 3700519 3470200 730743 8870772 9710422 2760043 7790743 7790841 7790519 2760043 7790888 7790841 7790580 7790071 730519 730519 730519 8871007 730880 730560 7790841 9710519 2760043 2760580 2760371 3470200 2760964 7310646 9350580 8190913 8190743 7790964 3700770 8190913 3731002 3731002 2760928 7790743 8190752 730071
7790857 7790857 4720857 4720857 7790857 8871007 4720857 4720857 9040580 4720857 4720857 7090973 7090973 9040580 7790752 9710580 8190519 4720857 9710006 9710857 9710864 3950371 9710414 8190752 3470200 7790371 7790071 7790841 910928 730880 3730004 9710770 9710741 9710205 7790371 730741 7790743 9040580 7090973 7090973 7090973 7090973 7090973 7090973 7090973 7090973 7090973 7090973 8190646 910928 9710969 7090973 7090973 7090973 7090973 7090973 7090973 7090973 7090973 7090973 7090973 7090973 7090973
3730004 730743 2760888 3731002 3730004 2760071 730743 2760371 3470580 8190969 2760888 8711023 2760928 2760071 8190071 730741 730741 8190969 3731002 8190519 2760071 8190969 8870424 8190071 2760964 6760857 8190371 8190371 9710371 8190371 9710857 8190741 3730646 3700580 8190770 3700580 3700580 730560 8190888 730071 8870772 8190519 8190743 3700770 2760928 3250857 8190752 8190913 8190888 8190646 730969 9711023 9350043 8190743 8190043 8190743 8190371 8190741 8190560 8190741 9350741 2760743 8190071 8190942 2760371 8190888 730743 9350043 3471023 9350404 8190752 9350741 8190741 5370043 9350741 9350043 9350043 8190043 8190371 8190743 5370043 9350043 8190519 2760743 2760888 8870043 7790888 8190969 9710371 730741 9710857 4720857 3730519 8190519 3730004 5231023 3700580
3470969 5231023 7790752 2760752 2760741 730880 7090973 8190371 2760043 910928 8190888 8190043 730580 730928 730580 8870043 730928 730928 3700580 9710580 2760741 8190741 5370043 9350043 9350043 730880 9710422 8870580 7790580 9040580 3700580 9040580 8870043 9710422 3730004 3470752 3700770 8870043 7790743 7790857 3470200 8190741 3950371 9040580 9040580 8190560 9710205 3470969 9710006 7790371 2760371 9710864 9710864 9710864 7790741 8870580 2760928 2760928 8870580 8870580 9710864 2760741 8870580 9710580 9040580 9040580 9040580 7790071 9710414 7790741 9711023
2760743 7790071 3950964 7790743 3471023 8190371 3700969 910928 9710580 9710205 9710422 7790752 3700580 9710006 7790894 2760743 7790888 2760071 3470043 7790071 7790741 3470205 4720857 9040580 3470752 9710920 2760371 7090973 7090973 7090973 7090973 9710006 7090973 3470414 3470580 7090973 2760043 3470580 9710422 3470043 7790913 3950964 3470200 7790071 9710006 8870580 2760580 8870043 730770 8870580 3471023 3700969 3700969 3700770 8190071 9710580 730371 730880 730880 3700580 8870580 8870580 8870580 9040580 7790841 9350580 9350741 7530857 3470200 9040580 730928 8870580 730928 730928 7790743 2760924 9710422 8190560 8190646 8190646 8190913 910928 7090973 7090973 8190371 9710422 3470580 7790888 9040580 3470580 9040580 9040580 9040580 910928 7090973 7090973 7090973 7090973 7090973 910928
8870580 7790200 5370043 730519 7790519 7790200 730519 7790519 730969 730646 730969 730969 730870 730646 8870580 730519 730519 7790580 2760580 7790519 2760043 730646 730870 730646 7790580 730580 7790580 7790580 7790580 7790580 8870580 8870544 8871007 8870424 730519 730519 730519 730519 730519 730519 8871007 730646 730646 730519 730646 730646 730519 730646 730646 730646 730646 730646 730646 730646 730043 730519 8870580 7790580 730646 730646 910928 8871007 730969 8870424 8870544 7790580 7790200 7790200 7790580 730969 730519 730870 7790580 7790580 8870580 730519 7790580 8870580 7790580 7790519 2760043 7790580 7790200 7790913 7790913 730043 730870 730519
3470857 3470205 3700969 3470857 8190071 7790857 3700519 3470580 7790894 9710071 9710071 9710414 3470969 9710969 3471023 8190888 7790894 3470752 3470752 3470414 4720857 3730519 9710969 3700969 3700969 9710371 3470969 7790857 9711023 9710770 7790913 8190646 3470857 3470857 730071 3470519 3950371 9710422 730646 910928 910928 8870043 8870043 1760973 7090973 7090973 7090973 7090973 3470857 3470857 7090973 8190560 8870580 3470580 9040580 8870580 8870580 9350741 8190888 3471023 7790200 8870580 8870043 7790071 3470200 3471023 7090973 7090973 7090973 8190043 2760371 8190371 8190071 9710857 9710857 8190071 8190752 3470200 3471023
2760964 8870544 9710864 730770 7790580 7790752 3471023 9710414 2760770 910928 730741 8870772 8871007 8871007 9710006 730580 2760043 730580 9710864 8870580 8190741 730743 2760741 730519 730371 730880 730646 8870580 3470580 7790752 3950043 730880 9710741 9710205
2760752 7790741 2760752 3950964 2760964 2760964 7790519 3470752 3731010 3731023 3731002 3731023 7090973 8190519 2760043 7790580 4720857 8190770 3700519 3700519 9710371 1760973 7090973 1760973 8190646 7090973 3470857 7090973 3730004 9710857 3470857 9711023 7790071 9710519 3731002 1760973 8190043 7790857 9350043 2760924 7790888 3470519 3471023 3470519 7790580 8870580 8870580 7790371 3700770 3950043 7790857 7790888 7790580 5370043 5370043 7790580 7790580 7790580 2760580 9710920 9710920 3470752 2760071 8190371 3730004 7980973 3730004 8190888 3700770 9710371 8190043 3470043 9710205 5231023 3470200 3700519 7790857 4720857 7790857 7090973 3950043 7790894 7790743 7790071 3730200 3731023 3470857 9710857 9710864
3950964 7310646 3730241 3730519 7980973 7980973 9350580 8190888 8190743 8190888 8190741 8190752 8190752 8190888 8190071 8190913 8190560 3700580 3700580 3700580 8190560 3470200 9350043 3730004 7980973 9350580 8190888 8190371 3730519 8190752 8190071 3470857 3700770 3700969 7980973 9350741 8190743 8190743 8190913 8190888 8190071 8190743 8190752 8190770 8190752 3470857 9350646 8190752 8190752 3470200 8190519 9350580 8190741 8190371 8190913 8190371 3470752 2760071 2760071 2760928 730560 730560 2760071 730580 2760770 2760752 2760770 7790888 3731010 7090973 7790857 7790580 7790580 730560 3730004 730580 2760928 2760071 2760752 2760043 3470043 7790743 7790071 7790071 5231023 2760371 8190371 7790857 8190043 7790580 3470857 7790857 7790752 730870 2760770 7790200 7090973 9350741 9710741 730928 730646 730371 730969 730969 9350741 2760770 7790071 7790519
8870544 8871007 8870580 8870580 8870043 7790752 3950043 1030292 7790841 3470752 3950964 9710969 9710422 7790857 8190765 7790752 2760752 2760752 7090973 8870580 730071 730071 7980973 3731010 8190741 8870043 3700205 730969 910928 7090973 3730404 4720857 7790371 7790580 8870580 2760741 7790200 730646 730646 8871007 7790888 8871007 8871007 8870424 8871007 8871007 8871007 8871007 730743 8871007 8871007 3470200 8870580 7790371 2760580 7790580 7790580 7790200 7790580 7790857 7790580 7790913 4720857 4720857 3731010 8790857 4720857 7790580 8870043 9710969 4720857 4720857 3700205 8190888 7980973 3730004 3731010 3731023
3950371 8190752 5231023 7790857 730770 8870043 730969 2760924 7980973 8870043 9350580 730969 9350580 730646 9350580 9350580 9350646 9350646 9350646 730928 8870580 730928 9350646 4720857 9350646 9350043 9350043 9350043 8870772 8870772 8870580 7790580 2760043 8870772 7790371 9710969 9350741 9710414 3470414 3470969 9710422 730560 730071 730743 730741 3700205 3700519 7790371 2760743 3700969 9710969 9710920 9710422 3700519 3700519 3700519 3700519 7790200 7790913 7790200 8870043 3950964 7790741 8870043 730743 7790371 3470580 9350580 8711023 9711023 9710580 730580 3470580 9040580 9710857 9710857 9710414 2760964 730880 2760741 7790519 7790071 7790519 7790371 3470519 2760888 2760964 2760928 2760964 7790964 8190752 9710422 3470043 7790371 9710519 2760741 2760741 3470519 7790519 7790071 3471023 730880 7790580 730071 730071 8190752 8190888 3470969 7790857 2760964 2760888 2760888 3470580 4720857 3470580 7790071 2760071 2760580 7790371 7790580
730560 8870772 9350646 730743 730071 730519 730519 730519 2760770 2760752 7790741 7790894 730519 730743 2760743 7790519 3470519 9710864 3470969 2760580 2760888 2760964 2760888 2760580 2760580 2760580 2760770 730580 7090973 3471023 2760071 2760043 9710422 3950371 730741 730743 7790519 8870580 8871007 8870580 7790913 730371 730741 910928 9710006 8870424 8870580 730071 9350741 3730519 2760580 3470043 7790200 2760924 2760964 2760580 8870580 7790580 3470519 7790857 7090973 7090973 7090973 5231023 7790200 3700519 9710857 9710857 3470857 3470752 8190071 9710071 7790580 730880 8870580 4720857 3470857 2760580 2760964 3470580 730770 7790894 7790741 2760888 2760580 7790894 730743 730519 730071 730519 730519 730580 730560 8871007 910928 8190560 9710205 5231023 7090973 8190071 9710580 8190071
7790371 3470519 7790741 3950964 3470414 730043 3470580 730770 730770 7790071 3470580 3470580 8870580 9710071 9040580 7790743 3470205 3470969 9710071 7790519 2760071 2760888 7790743 7790894 2760964 2760964 3470580 9040580 3470414 3470752 7790888 2760770 3470519 2760741 7790519 7790752 3470752 3471023 8870580 7790071 8711023 2760964 7790964 7790964 7790894 7790888 7790888 3470043 2760743 910928 3700519 910928 3470969 7790894 7790964 7790894 3700205 730743 730880 8870424 9710741 9710371 8871007 730928 8870580 8871007 8871007 8870544 7790200 8870424 8870424 2760741 7790200 8870772 8870772 730880 8870043 8870043 730646 8870580 3700580 8870424 730928 2760928 2760770 9710414 8870544 7790071 2760371 2760371 730928 730560 730741 9710969 730043 730071 7790743 7790743 3470580 9710920 5231023 730880 8190770 2760580 2760752 8711023 9710519 2760071 7790743 2760888 3470519 7790741 3470969 7790741 8870580 7790857 4720857 3470414 3700519 3470200 3700519 910928 3470205 3470200 7790964 7790894 7790741 2760752 9710920 2760924 2760371 4720857 4720857 3950371 7790071 2760071 2760888
3470969 3470752 9710770 3470043 3470580 8870043 3700770 9710371 9710071 3470414 9710864 3470969 3470969 9710414 9710969 9710071 730770 730371 910928 9710071 9710071 8190371 8190519 3730519 8190770 9710920 3950371 3470200 3470200 3470200 2760888 9710071 9710741 9710414 9711023 8190770 9710752 7790200 7790857 3700969 910928 3470752 2760743 9710741 7790200 7790743 7790888 2760770 2760770 9710741 3700519 9710071 5231023 5231023 9710414 9710741 3700770 8190969 8190913 8190371 4630200 7090973 7790371 9710519 9710752 9710414 9710741 730743 3470414 7790741 730743 730071 730969 9350580
9350741 7980973 7980973 730969 730969 730646 8870424 730969 730770 9710422 8870544 9710006 8190071 8190071 9711023 3700205 8190560 730928 9710422 730880 7790741 9710371 9710371 9710422 2760371 8871007 8871007 8871007 7090973 7090973 7790743 2760924 7790741 8870544 9350580 9350741 8190969 730071 730770 8711023 2760770 9350741 8190519 730371 2760071 2760741 730071 9350741 8870424 8190969 9710422 9350741 8190071 5370200 9350580 9710752 9350741 8870580 9350741 8190371 8190519 730969 910928 910928 3470519 3470969 7790580 7790741 7790741 2760371 730371 730880 9710741 730071 7790752 9710752 9710741 3470414 9710414 9710752 730741 2760924 7790371
3470580 7790580 3470752 3470752 3471023 7790071 3950964 730560 2760770 2760752 9710752 9710752 3700770 8190770 7090973 8190752 9710422 3470200 9710422 9040580 7790888 9710422 9710422 730880 9710580 7090973 3470969 9710920 9040580 3700969 3700205 3700205 9710864 8190519 3700519 2760924 3470519 3470519 2760770 8870580 8870580 3470519 9710422 3470205
2760743 2760964 9710920 9710071 9710006 3731023 3730004 9710920 9710006 9710920 9710770 9710752 8190752 9710752 9710920 9350741 9711023 8190371 7790580 2760888 2760371 2760743 2760924 2760743 730519 9710071 9710920 7980973 9710006 9710969 3700519 7090973 9710580 9710580 9710422 3700580 2760743 7790964 7790071 8190888 3470200 9040580 3470580 9040580 7790857 7790857 8190519 8190741 3470857 3470519 9040580 3470580 3700580 8870580 9040580 9040580 7090973 4630200 2760741 3470519 7790964 3950964 8190888 7790857 9040580 3700580 9040580 9040580 5370841 7790857 7790857 7790743 2760770 8711023 3470519 3470519 3470414 9710770 3470519
3470752 3700205 3700580 7790371 3470200 9710371 8190371 8870544 3700580 3470205 3470857 9710920 9710741 730880 9710422 2760371 2760371 5231023 9710006 9710414 9710071 9710371 9040580 8711023 8190752 8190071 9711023 9040580 3470200 9710741 9710752 7090973 9710969 3700205 3700205 8711023 3470414 8870580 9710006 8870580 9040580 9710864 9710864 3700205 3700969 3470205 9710752 3470752 3700770 9710857 9710857 8190942 8790857 9350043 9710864 8190043 8190646 8870043 9711023 9710371 9710371 3700205 9710580 3700969 9710741 7090973 8190646 3700969 9710205 9710920 9710770 8190770 9710857 8711023 3470200 3470200 9711023 2760743 8190743 8190743 3470969 3700205 9710006 9710006 9710006 3470969 3470857 2760770 3470752 3470969 7790857 8870424 9710864 730743 9710422 8870580 9711023 8870544 8870424 730371 9710580 9710422 9710422 730560 9710371 730770 9710422 9710857 9710857 2760752
7790741 2760928 730071 730071 9350043 3470752 9710422 9710857 8871007 730560 8190071 8190071 3730004 7090973 8190770 9710071 8190371 8190043 8190770 9710920 730580 2760888 8870580 9040580 8870580 9040580 7790071 730928 730580 8190913 8190646 2760964 8190519 9710422 730646 8190743 2760371 730071 7790071 2760043
7790857 8870544 5231023 9711023 3470414 9710741 7790371 7790913 8870043 7790741 7790371 7790913 7790913 7790888 3470043 7790913 7790964 7790913 730043 9710414 3470519 3470519 3470519 8190646 3470857 9711023 9711023 5231023 730371 9710857 3470205 3950964 7090973 7090973 7090973 730770 730741 8870580 7790071 9040580 7790857 8190371 9350580 4630200 9710205 7790857 2760770 2760043 2760043 7790857 9710414 7790519 7790741 7790371 7790888 3470519 7790743 8190071 3731010 3730004 3730004 3730004 5231023 3730004 3730004 3730004 730880 730741 730928 3470580 9710519 5231023 8190752 8711023 5231023 9710864 3700205 9711023 9350580 3700580 8870772 8190371 3730004 7090973 8190913 3470200 2760770 730743 730870 730646 8870580 8870544 7790200 7790371 7790888 8870043 730928 730560 8190043 2760888 8190043 2760043 7790200 730071 730743 2760071 7790071 8870424 2760071 730043 5370043
3730004 3730004 2760770 9710752 3470969 3700205 3470519 9710969 2760580 3950371 3470857 7790857 8870043 8870043 2760043 2760043 7790200 2760043 7790519 7790841 7790913 9040580 3470519 2760741 730043 730928 9710752 3700770 730071 3470580 2760770 2760770 730371 730741 8870580 2760743 8870043 8190043 3730004 3730004 7090973 8190071 2760928 2760888 2760743 2760743 2760743 2760071 2760071 7790071 3700580 730743 730743 730743 7790888 3470205 730071 730580 2760928 2760371 3730241 730743 8870580 8870043 7790200 7790200 2760580 7790200 2760043 8870424 7790964 730928 730580 8190743 3730004 3730004 8190743 730071 3731023 3730519 3730646 730580 3730004 3731010 8190043 4720857 3731023 3730646 4630200 3730004 730580 9710205 7790519 7790894 2760888 2760071 2760371 2760371 2760071 7790752 2760371 7790371 2760741 7790888 9040580 7790913 3730004 3730646 3730646 3730004 3730646 8190913 7790580 7790580 7790857 7790752 7790857 7790857 8190646 2760371 8870424 8870544 8190043 8190043 8190888 8190560 730519 7790857 3470857 7530857 730560 2760888 2760752 2760752 2760741 730071 730071 730770 730770 9710920 9710519 2760071
7790752 7790752 7790752 7790371 3950371 7790371 8870580 7790743 7790857 8190519 7790857 7790857 7790200 7790743 7790071 9710071 7790888 7790743 9710006 9710371 7790743 7790741 7790964 2760371 7790857 7790371 7790964 7790071 9710741 9710969 7790752 3470519 9710920 7790200 3470205 9710371 7790894 7790913 2760741 7790071 9710920 7790888 8190519 2760964 8190646 3470200 9710770 9710770 9710071 3470752 7790841 3470205 7790580 7790580 8870580 8870544 8870544 7790580 7790580 8870580 7790841 7790913 8870580 8870580 8870043 7790580 8870580 8870580 9040580 8870580 8870043 7790913 7790580 8870580 7790913 7790580 7790913 3950043 3950043 7790913 9040580 8190913 3950043 2760371 9710422 9710752 7790519 3470200 8190519 7790752 9710770 9710752 8190741 8190913 7790857 2760043 9710071 3470969 9710752 730743 8190743 7790743 9710006 9710006 9710920 7790371 7790371 7790913 7790841
8190560 730928 9710422 8711023 730743 730371 730770 9710414 9710422 2760043 7790741 2760964 2760770 3470043 7790580 7790371 7790964 7790071 7790743 8190770 3700969 7790964 9710920 3700770 9710864 8870772 9710580 9710422 3470200 9710969 2760580 7790071 7790964 7790857 7790752 7790071 2760743 2760043 3470043 7790741 7790857 3950043 3470752 9710857 3730004 3730004 8790857 9710519 730560 8190371 3470969 3470857 3700969 9710006 9710371 3730519 8190071 3470857 3470519 3470580 9710414 9710414 9710857 3700770 3700969 3700969 9710580 7790888 8190646 730371 4720857 8190560 3470205 3470752 9710969 3700969 3470969 3470969 9710071 9710414 3470969 3730004 3731002 3730519 3730519 2760071 7790964 8711023 3470519 9710071 8190888
7790071 3700519 8870580 8870580 8870580 3700580 2370973 8190770 9040580 9711023 3470580 2760371 9710519 3470200 9710205 3700519 9350580 8870580 8190071 3470200 3471023 3700770 9710770 9710006 7790371 9710371 8190877 3730765 3470580 9710864 3700770 9710857 8190752 3470205 5231023 9710371 7790857 9710770 2760071 9710205 3700205 9710969 3470969 3700770 8190371 3470857 2760888 9710920 7790964 7790913 7790888 3731010 3731023 3700770 9710205 7790964 8190743 9710414 3730646 9710752 9710371 9710752 2760752 3950964 9710920 9710969 8190519
7790200 3470969 9710864 3730241 7790857 9710205 8870424 2760888 9350741 730519 730519 9350580 730371 8190969 7310646 7980973 8190770 730071 3470200 2760580 3470200 2760770 2760770 2760770 2760888 3730519 3730519 730741 7980973 2760770 5231023 9710864 9710580 9040580 7980973
3470752 3470200 3470200 9350741 730071 730560 8711023 730071 730071 2760752 9710414 730743 730770 730071 2760071 730770 2760741 3470200 2760371 2760770 2760743 2760743 2760043 3470200 9350580 2760071 730519 730071 2760071 730071 730071 730743 9710519 730743 730071 2760888 730743 2760888 730743 9350580 2760752 730371 2760371 730928 9350043 5231023 8870043 5231023 8870424 9350043 9350741 730071 5231023 2760752 730560 3700770 730071 2760071 730743 730770 9710741 730741 730741 2760924 9710864 5231023 730741 5231023 3470200 9350043 5231023 2760743 2760924 9710752 730880 2760752 2760924 2760071 730071 2760964 2760743 730770 9711023 9710519 8190371 3250857 9350741 2760743 8190071 9710857 7790071 9710920 9710071 8190743 8190743 730560 730880 9710422 8190741 8190752 9710580 3700580 9710969 8870580 8190913 8870424 9710864 9710752 3700770 9710006 8190752 9710414 3730241
7790580 2760071 3470200 8190071 7790857 8190646 2760371 8190888 9710422 8190646 3950964 3700580 7790741 7790371 9711023 9710770 9710414 3470043 7790741 3471023 3950043 9710920 8190743 3470857 3470857 6760857 3730241 8190743 3470857 3470200 8190752 730519 730880 730880 730880
7790857 7790894 7790964 7790913 7790580 7790964 7790743 2370973 8190646 8190741 2760043 3731002 9710371 1760973 3730646 3731023 3730004 4630200 1760973 3950964 3470200 9710371 3470752 3470857 9710752 7090973 8190937 8190741 9710371 8190071 8190743 2760770 2760770 9710920 7790888 2760371 8711023 9710414 3470205 3470205 8711023 9710580 9710770 3470580 2760580 7790580 1031010 730741 9040580 3700770 9710752 9710770 8190752 9710857 3950371 9710864 7790857 2760043 2760741 3470414 9710741 3700519 1030638 9710371 9710414 3470969 8190741 7790752 7090973 7090973 7090973 8190646
7790964 7790913 7790841 7790841 8870544 7790964 7790913 8871007 2760043 730580 9710422 3470043 730741 730580 8870580 8870043 2760741 730880 9710422 3470043 3470043 3470200 9710519 2760888 9710422 730880 730071 3470205 3470205 3470857 3470857 9710071 9710371 5231023 9710006 3950964 9710205 730043 730560 7790071 8190043 9711023 9710205 7790743 9710920 7790071 7790743 3470519 5231023 3470200 2760888 9710864 3470205 3470200 5231023 7790857 7790200 3470200 7790743 9350646 8870424 3950043 7790841 7790580 7790913 3470519 9710519 7790841 2760741 9710414 7790519
8190043 9711023 3700770 9710414 3470519 3470752 7790741 3470752 3470752 7790741 9710414 9710920 8190043 3950371 9710414 3470752 9710770 3700770 7790888 7790964 3950371 9710741 9710414 3470752 3470580 8190071 8190888 8190743 9710857 9710414 3700770 9710752 3470969 3700770 3470969 9710770 9710752 7790741 2760743 7790888 3470580 9710414 7790741 8190646 8190646 3950371
3731010 7090973 9710414 9710864 3470205 9710006 3470205 2760071 2760743 9710969 9710741 3470200 3470200 9711023 7790913 3470200 9710414 9710371 9710371 2760743 5231023 3700205 8190913 8190913 8190071 8190770 3730004 8190770 8190741 9710414 3470200 8190752 7790857 9710864 9710519 9711023 9710752 9710770 9710580 7790894 8190371 3471023 9710071 9710422 3470200 9710422 2760888 2760752 9710422 9710770 7790741 7790841 9710414 9711023 9711023 3470200 9710422 9710741 2760371 7790964 2760071 9710770 9710205 3700519 9710205 5231023 9711023 3470200 8870043 9710864
7790371 3470200 8190942 7790857 7790371 5370043 7790841 3470043 7980973 8190969 8190969 3470752 3700770 9711023 9710969 3470200 8190043 7980973 8190969 8190888 7790743 8190913 7790200 8190646 7980973 8190043 8190942 7790741 3950371 8190043 8190913 5370200 1030638 8190969 8190765 3470200 3470857 8190043 8190743 3470857 3471023 8190741 3250857 9711023 7790741 3470200 7980973 9350741 8190741 7790857 3950964 3950371 7980973 7790913 7790741 8870043 730043 3470043 8190969 7980973 8190765
9710920 2760752 9710371 9710864 9710741 7790857 7790857 7790857 7790857 7790857 3950371 7790857 9350741 730743 3470043 9710770 7980973 5231023 9710371 730371 3700770 9710414 3470969 9710580 7790071 730770 8190888 3730004 7090973 3731010 3730004 7090973 9710857 3470414 7790200 7090973 9710580 7790071 9710857 9710857 2760741 7790752 7090973 1760973 730741 9710205 9710414 9710414 9710414 3730004 8190770 3700205 7790071 9710752 9710071 8190888 9710371 7790743 8871007 7790743 2760741 2760964 7790857 3730004 3730004 3731010 3731010 730770 9710770 9710071 3470752 7090973 7090973 9710205 8190752 3730519 7090973 7790857 7790857 8190646 7790857 7790200 2760371 2760888 2760043 8190752 8711023
7790857 3470857 9710519 9710864 9711023 9710205 3730004 7090973 7790857 7790857 9710864 730743 9710371 3730004 7090973 3731010 3731010 3731010 3731010 3730004 9711023 730071 9710371 9710770 3470414 3471023 8870043 3730004 3730004 8190071 9710414 3470043 9040580 7790741 3470580 730741 9710752 8190560 9710920 3730004 8190371 730741 3730004 8190770 9710920 8190752 8190371 9710864 8190071 3730004 3731010 7090973 7090973 7090973 7090973 7090973 3731010 3731010 3730004 3731023 3731010 7090973 8190969 8190071 7090973 3470857 4720857 8190371 9710752 8790857 9710414 9710741 3470200 3950964 9710752 8190071 7090973 7090973 7090973 8190888 9710071 8190770 9710770 9710205 9710770 3470752 8190071 7790857
9710741 9710371 9710414 9040580 9350741 3470580 2760888 730371 7790888 3730519 1760973 3470969 9710205 3730004 3730004 7090973 7790964 3471023 3470857 7090973 3730004 9710920 8190743 9710857 9710414 9710071 8190888 3470969 8190741 3470857 7090973 7090973 730770 3470752 9710857 3731010 8190560 7790371 7790857 7790857 7790580 7790841 7790857 7790913 730741 8190560 4720857 730743 9350741 9710741 3470969 9710752 9710752 8190043 7790752 7790752 7790752 7790752 3470752 3730004 3730004 3470580 9040580 3731010 3731010 3731010 3731010 3730004 3730004 3731023 2760043 9710071 7790964 7790964 3470857 3731010 3470752 9710920 2760924 8190969 9710770 9710071 3730004
3730004 3731002 3730004 3700580 2760770 2760770 2760928 2760928 2760743 9350043 730928 730743 730071 8870580 8190743 730560 730969 2760964 9350741 730560 730743 8190043 7790200 7790913 8190969 8190969 730741 730741 9710864 730743 730646 730043 730519 730519 8871007 5370043 730043 730043 7790857 7980973 3731002 5370200 730741 730770 2760770 2760752 730071 3470200 8871007 7790857 7790894 7790913 7790857 8190765 8190043 7530857 7790857 8190741 8190913 8190913 3950371 4720857 8190519 5370043 9350646 8190371 8190371 3950371 4720857 8870043 9350580 7980973 3730829 9350580 2760580 8870580 3470580 9040580 8870580 3950371 9040580 9040580 730580 9350580 2760924 730071 730371 730071 9710006 730580 730928 730580 730580 730371 730371 730741 730928 2760071 2760043 730770 730770 8870580 8870580 9710580 730770 730371 8870043 730928 730743 8870580
8870580 2760580 8870580 3470580 8190071 3950964 8190646 7090973 3700969 3700969 9710422 7790857 7790580 7790857 730880 9711023 8711023 3730004 3730004 9710857 9710770 730770 3470580 7790741 2760888 3470200 730743 2760743 2760964 2760043 3470043 2760580 9710006 3470200 2760071 9710969 3470857 8190043 3470043 8190770 8190743 7790071 2760924 7790071 3950371 2760888 7790964 2760752 3470043 3470043 7790888 9710580 9710422 7790888 9711023 9710422 3471023 3470205 3470580 5231023 9710580 3470580 3470580 2760371 2760964 2760043
3470200 3731002 3731002 9710857 8190371 3730004 8190942 7090973 8190969 9350741 3470200 2760924 3730004 7980973 2760964 8711023 9710205 7980973 3731002 3730004 8190371 9350741 9350741 9710969 9710205 3730241 7980973 9710864 9710580 9710770 9710071 9350043 5231023 7790752 8190071 3470200 8190071 3470200 8190646 8190888 8190519 8190741 8190560 8190741 8190043 7790857 7790857 3700580 9710414 8190646 3730601 3730004 3730004 3730004 7090973 7090973 3700580 8711023 9040580 3730004 8190043 9710741 730870 3700969 3700205
7090973 3730004 7090973 9710752 9710741 3730004 3730004 8190371 8190071 3470200 8190741 9710519 2760371 9710414 3470414 3470519 3730004 8190770 2760752 9710414 2760371 9710741 2760924 3730004 1760973 3730004 3730004 3730004 7090973 8190888 8190770 8190752 3700205 8190071 8190888 7790743 7790857 7790964 7790964 8190937 3700969 9710920 9710752 9710864 730741 7980973 3730004 3730004 7790741 9710006 9710371 2760924 2760371 7790913 1760973 1760973 3730004 8190371 8190043 8190043 7790913 7790071 7790888 7790913 9710741 3730004 3730004 9710752 9710864 7790371 3470205 9710371 9710770 3470414 8190741 3470857 3730004 3730004 9710422 910928 7090973 9710741 9710741 8190741 9710770 3730004 3730004 8190752 8190741 8190071 9710741 8190071 9710864 8190741
7980973 2760371 7790071 7790857 5370043 5370043 5370043 7790200 7790200 7790841 2760888 3730004 2370973 5370043 2760043 9710857 3730646 3731010 3731002 1030638 8790857 9710857 8190743 3471023 4880973 8190942 1760973 3730004 730969 3700580 2760071 7790913 3470857 3731010 7090973 7090973 7090973 3950043 1031010 3731023 1760973 1760973 3731010 1760973 3730004 7090973 3730004
9710414 3700770 9710752 3700770 3700770 8870043 7980973 9350741 8190752 4630200 3731002 3731023 1760973 7980973 3731002 3731023 5370043 7790841 8870544 8190888 7790841 9710741 9710741 9710741 9710741 9710741 9710741 9710864 9710741 9710006 9710006 9710006 9710006 3470969 3470969 9710969 3470969 9710920 8711023 9710920 3470200 3470200 2760743 8190071 8190888 3470200 8190071 8190071 9350043 3700770 9710770 3700770 3950964 8711023 9710770 9710422 8870043 1760973 8190770 3700969 3700969 9710741 3700770 9710422
2760071 3470519 5370043 3950371 9710071 9710071 7790200 7980973 3731023 7980973 4630200 2760043 3730004 7980973 2760888 7790894 7790200 8190071 7790964 3700519 2760964 3950964 8190913 7790857 1760973 8190913 3471023 3470200 8190071 3700770 9710752 9710414 9711023 7980973 7980973 8190043 8190942 3731010 3730519 8190913 9710071 7790964 7790752 7790888 3950964 9710920 8190071 7980973 3730004 2370973 3730519 3470200 8870580 3731002 3731002 9350404 8190969 2760888 5231023 8190770 8190071 8190071 8190071 8190770 3470857 8190741
910928 730928 910928 910928 910928 3731010 3731023 3730200 3731010 3730004 3730004 3730004 3731002 3730004 3730004 3730004 3730646 3731010 8190913 9710741 3731002 8190752 3730004 3470414 9710006 3470200 9710864 8870043 3700770 3731010 3731010 7090973 3730004 9710857 9710857 3730004 7090973 8190741 9710857 8190743 3730004 3730004 3730004 1760973 2760071 2760770 2760743 2760770 9710920 2760924 9710741 9710414 3730004 3730004 8190741 9710770 9710205 7790857 9710414 3470200 9710920 3700770 7790743 2760924 9710371 2760924 3731010 3731010 8190043 8190741 2760928 7790857 9710741 8190888 8190743 2760743
3730519 1760973 8190888 3950964 8190071 3730646 3730646 2760770 9710519 8190765 3731010 3731002 8190743 7980973 9710071 2760752 1760973 7980973 7980973 2760580 730770 5231023 3730004 3730004 3730004 3730004 3730004 2760924 9710414 7790964 3700205 8870544 8870544 8870424 2760071 8870580 8870544 7790741 3470200 4880973 3731023 3730004 3730004 3731023 3730200 3731002 8190752 3471023 3471023 7790071 9710414 9710371 9710864 2760371 2760371 1031010 2370973 3731023 8190371 9710371 8190770 2760924 2760752 1760973 8190770 8190752 3731010 3730004 3730004 1760973 3731002 8190646 730928 730646 730928 730043 730928 7790071 7790964 2760580 730580 730580 730580 730580 730580 730580 730580 730580 730580 2760580 7790580 2760071 9710580 730743 730560 730743 2760964 730743 730770 730560
3470752 7790741 3470043 3470519 9710920 7790371 9710741 5231023 8870580 3470200 9710414 2760043 7790371 7790371 7790964 7790371 9710969 9710969 9710864 9710006 730741 2760043 2760928 8870772 8870772 2760741 9040580 9710864 7790841 7790841 3950043 8190741 2760964 7090973 7090973 7090973 9711023 8870043 8870580 3470580 3700205 910928 3470580 7790071 7790371 2760964 9710519 3471023 8190888 3700205 7790841 2760071 8190969 7090973 7090973 3470857 3700969 9710071 9710920 3950964 7090973 3731010 7790913 7790371 730043 2760741 2760743 7790741 8190560 2760043 3730004 7090973 7090973 8190741 8190371 3470857 9710422 3700205 9710864 730560 8190371 8190942 7790743 9710920 9710770 7980973 3700969 730770 9710205 9710920 9710920 8190888 3470857 3950964 3950964 2760888 2760888 9710371 9710071 3470205 3950371 9710071 7790743 3471023 7790071 7790964 7790913 9710071
3470580 8190888 7790857 8190743 9711023 2760371 2760964 8711023 3730004 8190519 2760743 5231023 2760964 2760964 5231023 3470857 2760043 9710770 3470580 9711023 730071 730371 8870580 2760743 7790964 3470580 7090973 9710857 9710752 9710752 9710580 3950371 3470200 730741 2760964 8190519 1760973 3730519 3730004 3730519 2760043 8711023 3470414 9710857 3470200 8190752 1760973 3730519 1760973 8190519 2760770 2760580 9710422 7790894 9710422 5231023 9710969 3700770 9710414 8190071 9711023 7790071 3250857 7530857 730071 2760924 9710857 8190371 8190942 3700205 3470205 9710071 3470519 9350741 9710422 3470200 8190741 3950043 8870424 8870424
730580 730770 9710580 730741 9710580 730770 9710414 730741 730580 8870580 730880 730741 8870544 8870580 8870043 730770 9350580 8190770 8711023 2760888 730880 3730004 730043 7790071 730743 730071 3470200 730560 3700770 7790741 8870580 8870043 3700205 3950043 8190913 8190043 8190752 8190942 3700205 3730004 3730004 9710006 8190560 3470857 2760888 9710857 9710006 730969 3700205 9710741 9710006 2760371 9710864 9040580 9040580 7790741 3950371 2760371 9710580 9710371 9710580 8190371 9710371 9710006 5231023 3700205 9710969 7790580 7790371 9040580 7790741 8870424 730741 3470580 8190519 8711023 9710205 3470200
3730004 3730004 3730004 4720857 9711023 9710864 9710071 3730004 3730241 9710920 2760371 730519 730371 730071 2760752 3470200 9350741 2760580 8190519 9710741 9710205 9710414 2760743 9710371 7790857 9350646 2760770 9710006 2760371 9710205 3470200 7790741 730519 5231023 7790894 3730519 2760743 9710864 3470414 2760964 3730241 3730004 8190043 9350580 9710752 3730004 8190752 9710857 9711023 9710205 9710580 9710857 3730200 3730004 8190942 2760043 9710414 7790741 9710969 9710414 9710071 3700969 8190752 7090973
7790857 8190743 9350646 9710371 730741 8870424 8870544 8870580 9350646 9710422 8870580 730870 3700205 9710741 8190741 8870580 8870580 2760928 7790888 9350580 3470200 8870424 730743 730071 8870544 8870424 8870424 8870424 7790857 8870544 730928 8870424 730071 730770 8870580 3700580 730741 730969 9710969 9710752 8190371 730741 5231023 9350580 9710969 8870544 8871007 730743 9710422 8870580 9350043 730043 730043 8870043 730071 7980973 8190043 9350646 730646 3470200 3700580 9710071 730770 3470043 730770 8870544 8870544 9350741 8870424 8870544 7790741 9350646 8870424 8870424 8870544 8870424 9350646 8870580 730928 8870424 9711023 8871007 9350580 8870580 8870772 8870424 8870580 730770 8870580 9350741 8190741 7980973 8190043 8190043 8190743 8190969
9710071 3700770 2760741 2760371 3700580 8870580 3470580 8870580 9710371 9710205 2760743 8190043 3470857 3950043 8870772 2760928 2760371 9710752 3950043 7790580 3470969 3700969 9710752 8190071 4630200 3730646 1760973 7790857 8190646 2760888 2760752 8190646 3470580 1760973 3730004 3730004 7090973 7090973 4720857 730928 910928 9710006 9710519 3470200 8190371 3470857 9710071 9710422 3730004 7090973 7090973 9710857 9710422 3470752 8190765 7790371 9710371 7790964 8711023 2760043 7790964 910928 8870043 5370043 3950043 730928 730928 5231023 7790741 7790741 7090973 7090973 7090973 7090973 7090973 3470857 8190646 8190770 3700580 730870 8870772 8870043 8870772 9040580 2760924 2760741 8190743 7090973 9710969 3470969 9710422 3700580 730928 3470857 3730004 7090973 8870043 5231023 9710414 8870580 8870043 3700580 9711023 7090973 7090973 7090973
7790857 7790857 3731002 9350043 8190071 8190043 9350043 2760043 9350043 5370043 2760043 5370043 8190043 5370877 7790857 7790580 7790580 7790580 9350404 8190829 3470200 3470200 3730004 9710414 2760741 9710071 8190770 3700770 9710770 9710770 2760928 9710920 730928 8870580 8870580 8870580 8190043 7090973 1760973 7090973 7090973 7090973 3470200 3700519 9710752 730071 3700580 8870580 9710752 8190071 9710770 9710414 730519 7980973 3470857 8190043 8190371 8190770 8190071 8190888 9711023 3470857 3950043 8190752 8190888 8190743 3730004 9350741 8190646 3470200 9710752 8190937 8190646
9710414 8190741 9710857 3730004 7090973 8190942 8190071 7790200 730560 7790888 7790857 7790200 7790913 7790841 8190646 7790888 3470969 730043 7790752 3470580 7790857 8190752 1760973 7090973 2760371 9710414 3471023 7790752 7790580 7790200 7790580 7790580 7790580 7790857 8190043 5370043 7790857 8190043 7790841 7790913 8190043 8190942 9711023 8190519 8190752 8790857 3470857 2760964 9350580 3730646 3730004 7090973 8711023 7790071 7790913 7790913 8190646 730371 9350043 7090973 7090973 7790857 2760928 3470969 3470752 8190743 3470857 8190371 8190371 8190770 8190071 8190743 2760743 7790200 8870043 8870772 7790743 8711023 8190770 2760043 8190043 8190752 2760924 8190770 8190942 8190071 4720857 8190043 8190371 3730004 7980973 7980973 7980973 7980973 7980973 7980973 7980973 7980973 7980973 7980973 6760857 9711023 7090973
7790071 5231023 9711023 7090973 7090973 7090973 9350741 8711023 2760371 9710519 9710414 7790371 9710371 9710371 8190741 9710741 3730004 3730004 3730004 3730004 1760973 7090973 7090973 7090973 1760973 3730004 3730004 8190741 730741 3730004 3730004 9040580 3950371 7790857 5370043 7790200 7790200 7790200 7790200 7790857 7790841 9710857 1760973 1760973 7090973 3730004 3730004 2760743 8190888 3730004 3730004 3730004 1760973 8190646 9710857 9710414 2760752 2760924 7090973 3730004 9710519 9710422 8190741 3730004 7980973 9710969 3730004 3730004 3730004 3730004 3730004 3730004 2760371 2760770 2760741 3470580 8190741 7090973 7090973 3470519 9710770 3470519 9710071 9710770 3470200 1760973 1760973 3730004 1760973 8190519 7090973 8190752 3470043 8190770 8190770 7790371 3950043 9710580 5231023 3730241 1760973 7090973 7090973 7090973 7090973 8190371 9711023 9710071 3950371 3470200 9710071 9710752 9710864 9710920 2760741 9710864 8711023 9710006 8190888 8190770 3730004 8190743 7790071
3470580 3730004 7090973 8711023 2760770 7790857 9710205 8190752 9710371 9710422 730880 7790071 3470200 3950371 3470200 7790857 7790857 9040580 9710422 7790913 7790913 2760741 9710741 730770 9710422 730741 730880 730741 9710422 3700519 3700205 9710422 9710422 3700580 9710422 9710422 3700580 3700580 3700580 3700580 3700580 3700580 3700580 3700580 3700580 8870424 9040580 3470752 3700770 3470580 3470752 3470580
7790071 9710205 9710770 8711023 9710752 9710752 9710071 7790071 8190888 9710770 2760752 3470200 8190770 730969 8190071 9710414 9710741 7790913 7790741 7790741 7790743 9710770 9710422 8190743 8190071 8190888 3471023 7790857 9710857 8711023 9710741 9710071 9710422 2760371 3470200 3950371 8190770 3470969 8190752 9710371 9710770 3730004 3730004 3730004 1760973 8190752 9710752 8190770 1760973 1760973 1760973 9710969 3470752 9710969 3470857 9710414 8711023 9710920 2760964 2760741 2760071 3950371 3470969 9710752 8711023 9710519 9710422 9710770 3950964 9350646 8870580 8190969 8870580 910928 8190942
5231023 9710770 9710741 8190071 3470414 9710770 3470580 2760888 2760371 9710422 9710071 9710519 2760964 2760888 2760752 2760928 7790964 5231023 8711023 5231023 3470205 8190371 5231023 9710414 3470414 3700770 8711023 9710920 3950964 9710371 9710422 2760770 8190888 9350741 5231023 2760888 7790071 7790913 7790519 2760743 9710519 9710422 7790371 9710864 5231023 5231023 2760371 9710864 9710205 2760371
9710071 3471023 9710920 3730004 7790743 3471023 3470043 9350765 2760964 8870424 9710969 3470205 7790200 9710071 9710770 8190752 2370973 3730004 3730004 3470580 8190743 3730519 8870544 8190519 9350741 7790743 2760741 9710741 9710414 9710741 1031010 1760973 8711023 8190071 9710414 8190770 9710752 3470752 9710770 9710580 2760888 9710770 9710920 730969 730969 9710920 3470969 7790071 2760743 8190071 3731023 3470200 2760770 1760973 2760888 2760770 8711023 7790071 3700770 4630200 5370043 9710205 8711023 9710371 3470969 9710864 3470205 9710864 7790888 9710371 8190743 4630200 8190770 2760071 9710422 8870580 9710006 9710770 9710071 3470519 3730004 1760973 1760973 3950964 8190560 3470200 7790200 2760371 2760964 7090973 3470857 8190043 3470752 9710519 7790743
9710006 9710864 2760741 9710371 2760741 2760371 5231023 5231023 2760924 7790371 7790371 2760924 7790741 3950371 3470200 3470414 3950371 3470205 9710006 3470205 9710205 3700205 8870544 8870544 8870544 2760928 2760752 5370043 2760752 2760371 8870544 730741 7790200 7790371 9040580 8870580 3700580 3700580 9710205 2760371 9710864 9350741 9350741 9710864 9710006 3470414 3470519 2760071 3470205 9710414 9710969 2760752 7790200 2760371 8190741 7790371 2760924 3470414 3470414 9710006 3470414 9710006 3470414 3470414 3470414 3470414 3470414 3470414 9710371 3470414 9710371 9710006 9710371 9710371 9710006 9710006 3470414 3470414 3470414
5231023 3470200 3470200 9350043 4720857 3950964 7790964 2760752 5231023 9710414 3700770 8190888 3730004 7090973 3730004 3730004 3730004 3730004 3730004 7980973 730741 2760741 9710580 9710864 3730004 2760743 2760743 2760888 2760071 8190743 9710741 730880 8870772 1760973 3731023 3730004 3730004 3730004 7530857 8190913 9710741 2760580 2760741 730743 730646 2760371 7790071 9711023 3471023 2760371 2760741 3470752 3950964 8190888 2760888 8190741 7790888 7790857 4720857 3950964 730371 9710414 7790964 9710414 7790741 3470043 3950371 7790857 730770 8711023 9710519 9711023 730371 3470205 8190969 9710580 730880 7790371 3470519 3700969 9710414 3470969 8190519 9710414 7790371
730741 730741 730928 730743 3700519 8870580 9710422 730928 730371 2760071 730743 730741 2760743 730371 8870424 730928 2760371 730071 730071 2760752 730646 8870424 8870424 8870544 730928 730560 7790371 8870424 8870544 8870424 730928 730741 8870424 2760371 8870424 730880 730560 730560 8870424 730928 8870580 730071 730770 7790741 730646 8870043 730560 730880 3700580 730770 730880 7790743 730928 7790752 8870580 3700205 7790752 9710770 8870424 8870424 8870424 730519 2760371 8871007 3700205 730928 730560 730646 8870424 8870043 8870424 8871007 730519 8870424 730646 8870580 8870424 7790913 8870544 8870424 8870580 8870580 730969 8870043 730770 730928 7790580 730646 7790071 2760928 9350043 9350043 8870424 8870424 8870580 730743 8870043 730646 8870424 730646 730880 8870580 8870424 2760371 730741 2760928 2760964 730519 730519 730928 730071 2760928 2760752 2760371 730580 730519 730580 2760580 730519 730043 730519 730560 730580 730043 730870 730770 730580 730071 730928 730870 730519 730071 730646 2760741 8870580 2760928 2760928 5231023 9350741 2760924 3470200 7790964 7790743
9040580 9040580 7980973 7980973 7980973 730743 9710864 2760743 5231023 9710519 3470519 8190071 8711023 2760752 2760770 5231023 2760888 9710920 8190888 8190071 3950964 2760928 7790519 2760741 2760580 7790371 7790913 7790894 2760071 9711023 2760964 2760743 3470043 7790743 2760741 3470519 9040580 8870580 8870580 9040580 9040580 9040580 2760752 7980973 2760580 7790743 7790913 9040580 7790741 3470519 7790752 9040580 730560 3700580 9040580 8870580 730928 730969 730519 730519 730770 730928 8870580 730071 730770 5231023 9710752 8870580 8870580 8870580 8870580 9040580 9040580 9040580 9040580 3470580 7790580 3470580 9040580 7790580 7790894 7790894 8870580 9040580 3470969 7790580 8870580 7790580 7790580 9040580 7790580 7790580 8870580 7790580 9040580 3470580 3470580 8870580 7790580 730646 9710580 9710371 9040580
730741 7090973 7090973 3950964 9040580 2760371 2760924 7790071 7790371 7790519 9710580 2760580 7790371 8190043 3700770 9710741 3730004 8190741 2760752 8190071 7090973 7090973 8190752 8190913 9710006 7790894 3470043 730870 9710920 2760888 730043 6760857 3730004 3470580 9710857 8190888 8190888 9710071 7090973 7090973 6990200 7790857 2760043 2760071 2760770 2760752 2760743 2760071 7790071 2760071 8870043 3700519 8190741 9710857 2760741 3950964 9710519 2760770 9710770 9710857 9710414 3470969 3470969 7790888 8190519 9710920 7090973 7090973 7090973 9710741 910928 7790071 3470200 3470969 3700519 3730004 3470414 8711023 9710414 2760924 2760888
8190752 2760741 2760928 3700519 3700519 8870772 730371 730646 730560 3470519 2760743 7790071 7790371 2760743 9710414 9710414 8870580 730770 2760741 9710752 9350741 9350580 9710071 730928 730741 730071 730743 2760741 2760043 730870 730880 730770 730870 7980973 7980973 2760743 2760043 2760752 2760770 730770 730560 3700205 3700519 8870580 7790752 730741 2760741 8190752 8190560 8190752 8190752 730371 730969 730969 2760071 730741 3730004 2760752 9710414 9710414 5231023 8870424 8870424 3700205 9710422 9711023 2760924 3470200 730741 3470580 9710414 730743 9710741 9350404 730928 2760371 5231023 3700580 9710205 9710422 9710371 8711023 2760741
7790752 7790964 2760071 3470519 2760924 2760371 9710371 5231023 2760888 2760888 2760770 9710519 2760924 9710920 3700519 2760371 2760888 7790752 3470205 9710414 9710741 3470969 2760071 9710920 7790964 9710864 7790743 3470752 3470752 9710205 3950371 9711023 2760071 7790741 2760770 3471023 2760928 730519 2760752 3470752 9710770 2760743 2760043 7790894 2760743 9710519 3470752 9710969 9710519 9710371 9710371 730560 730519 730371 2760752 9710422 2760928 2760580 2760770 2760964 2760888 2760928 7790888 3470580 3470043
8870544 8870544 1030282
null
null
9350404
null
null
8190646 3731002 1760973 1030292 1030292 1031010 1030282 4630200
null
null
null
null
4630200 4630200 4630200 4630200 4630200 4630200 1030292 4630200 4630200 3731002 5370200 1031010 3731023 1760973 4630200 4630200 4630200 4630200 7310646 3731002 1760973 4630200 4630200 5370841
4630200 4630200 4630200 3731023 2370973 3730200 1030292 2370973 7980973 3730200 2370973 1760973 7980973 7310646 1030282 3731002 1030282 4880973 4880973 5370200 1760973 4630200 1760973 4630200 3950043 3731002
null
1030282 5370841 1030282
7790841
7790200 8870544 7790200 3950043
null
7790200
null
null
null
8870043 7790841
null
5370200
null
null
7790913
null
7790841
7980973 5370200 1760973
7790913 7790200 4630200 4630200 4630200 4630200 4630200 4630200 1760973 4630200 2760928 3950043
null
null
null
8870580
4880973 7310646 9350043
null
7790200 9350646 8870544
null
null
3950043 7980973 8870544 7790200 3950043
730646 8870544 3950043 5370841 7310646 9350404 9350580
null
null
null
null
null
null
8870544
4630200
8870544
7790857 3731002 7790857 7790857 7790841
null
null
4630200 1031010 1760973 4630200 4630200 4630200 1760973 1760973 4630200 1760973
null
5370841
null
7790200
null
null
8870544 7790857
null
null
null
null
null
8870544
null
null
8870544 5370200 1030282 5370200 4630200 7980973 730928 8870544 8870544 8190937 7790200 4720857 5370200 8870544 7790200 7790913 8870544 8870424 910928
1030282 9350404 8790857 8190877 8190937 7310601 7980973 5370877 5370841 4880973 7310646 3731002 8190765 8790857 7980973 3730200 3730519 1030638 3731002 3730829 3730200 7310601 1030282 5370877 9350580 9350765 1760973 9350404 8190765 8190942 3730241 3730241 1030638 1030282 5370877 8190765 7980973 7310564 8190371 6990200 9350580 7980973 7980973 7310404 7980973 7980973 7980973 9350765 1030282 5370877 7310765 7980973 4880973 4880973 4880973 3730241 8190765 8190829 8790857 8190942 5370877 8190765 8190969 7980973 3730765 8190829 8190942 3250857 8190877 8190765 8190765 9350765 8190829 8190829 3730404 8190877 6760404 7980973 5370877 9350765 5370877 8190877
null
6990200 8190765 8190942 8190765 8190937 9350741 9350404 7530857 6760601 9350404 5370877 8190363 6990200 9350765 8790857 8190877 3250857 3250857
4880973 4880973 4880973 4880973 4880973 4880973 4880973 4880973 4880973 7980973 8190765 3730241 3730404 1030282 2370973 1030292 7980973 7310601 3730200 7310564 7980973 3730601 1030292 1030282 7980973 1030282 7980973 7980973 1030282 1030282 7310564 3731002 9350765 4880973 4880973 4880973 4880973 1030282 4720857 8190765 8190363 3731023 3730404 4880973 4880973 4880973 4880973 4880973 4880973 4880973 8190942 8190877 8190765 6760601 8190519 8190765 8190765 4880973 4880973 4880973 2370973 2370973 1030282 9350646 8190646 8190829 8190765 8190765 8190913 8190560 8790857 3250857 6990200 8190646 8190765 8190765 8190913 3250857
8190937 8870544 8190765 6760404 7310765 8190765 8190829 3730404 9040580 2760580 9350765 7310404 6760601 8190765 2370973 7310564 7310601 7310765 7310404 7310601 8190877 1030638 4880973 4880973 4880973 3730200 7310601 9350765 9350404 9350404 5370841 8190829
6760404 1030282 7310601 7310564 4880973 2370973 4880973 4880973 7310765 7310601 7310646 8190519 8190519 3730765 7310601 7310601 6990200 8190765 7310646 7310765 9350404 8190829 8190877 8190877 6760404 3730829 4880973 4880973 7310601 1030282 7310601 7310765 6760601 8190071 9350741 7310646 6760601 8190829 8190829 8790857 9350765 9350646 5231023 8190877 7310601 9350404 9350404 9350765 9350765 7530857 8790857 8190942 3250857 8190765 7310564 9350404 7310765 9350404 9350765 8190877 6760601 8190829 8190877 8190765 6760601 9350765 8190765 8190765 8790857 9350765 7980973 6760601 1760973 9350404 7530857 8790857 6760404 8190829 8190877 8190765 9350404 9350646 3730829 8190363 9350404 8190765 6760404 9350741 8190765 8190913 6760404 8790857 7980973 7310601 9350404 7980973 7310646 8790857 6990200 7980973 9350765 7310564 7980973 3731002 9350404 3730829 7310646 8190829 9350765 6760404 6760404 9350765 3730601 9350404 9350765 3730601 8790857 7310765 9350404 8190752
9350404 3250857 8790857 8190363 1030282 5370877 8190829 6760601 9350404 8190363 3730829 3730241 1030282 4880973 4880973 4880973 1030638 5370200 7310601 3731002 8190937 6760404 3730829 4880973 4880973 4880973 6760404 5370200 8190765 8190877 4880973 4880973 4880973 7310404 2370973 3730765 5370877 6760404 3730765 7310404 7980973 7980973 7310601 7980973 7310601 7980973 7980973 7310601 7310404 7310765 7310564 7310601 9350765 3730601 7310564 5370200 7310765 7310564 7310601 4880973 4880973 7310564 7980973 6990200 3950371 3730601 5370877 3730404 8190829 7310646 5370877 7310404 4880973 7310404 5370877 9350404 8790857 8190937 9350404 1030282 6760601 3730404 1030282 7310601 3730765 6990200 3730601 6760857 3731023 1030638 4880973 7980973 4880973 3730829 8190942 8190877 8190765 3250857 8790857 6760404 3730200
5370841 8190765 8190363 9350404 7980973 6760857 7980973 7310646 7530857 7310601 7980973 7980973 7310601 9350646 9350765 8190829 7310765 9350765 3730241 5370200 7310765 9350404 7980973 9350404 8190877 9350646 9350646 7310404 5370877 3730404 7980973 8190969 8870424 7980973 8190969 3730200 3730829 8790857 7310652 6760601 3730241 3730829 7980973 7980973 7980973 7980973 7310646 3731002 7310564 8190765 9350765 8870424 9350765 8190877 8190765 7980973 1030282 9350404 9350404 5370877 9350765 5370841 8190942 8190877 8190829 8190765 8190765 9350404 8190942 8190765 4880973 4630200 2370973 7310652 7310646 1760973 7310404 7310404 2370973 7310601 8190765 2370973 9350765 3730200 3731023 3730200 7310646 3730200 7310765 3730404 3730200 7310646 7310404 7310646 7310646 7310564 7310404 9350404 1030282 3730200 7310646 4880973 3730519 7310601 3730200 7310765 7310646 3730200 3730404 3730829 7310646 7310564 7310652 7310404 7310564 9350765 9350404
8190765 8190942 9350765 5370200 8190765 9711023 7530857
3950371 1030282 1030282 7980973 7310404 7980973 2370973 7980973 8190937 8190942 8790857 3250857 8190741 3470969 9350404 9350646 3731002 7980973 2370973 4880973 1030292 4880973 4880973 4880973 1030292 7310601 8190363 9350646 8190829 3730646 3731002 1030282 1760973 6760404 1030282 4880973 1030638 1030638 2370973 1030638 3730404 7310646 4880973 4880973 4880973 4880973 4880973 4880973 4880973 4880973 8190942 8190765 730519 8190937 9350404 1030282 3731002 7310646 7310646 8190741 3730241 3730241 9350043 8190752 7980973 7980973 8190969 7980973 1030282 7980973 1030282 3730200 1030282 1030282 7980973 8190741
8190765 1030292 3730519 3730241 8190519 9350404 8190765 7310765 9350404 9350404 9350404 7980973 1030282 7980973 9350404 8190877 9350404 9350404 8190765 9350765 5370877 9350765 9350404 5370841 3730646 8190937 3730646 8790857
8190741 3700969 7980973 1030638 9350404 9350765 5370200 1760973 7310765 9350404 8190765 8190363 3731002 8190829 8190765 9350404 7310765 7310564 5370841 9350765 4880973 4880973 1030292 2370973 8190942 8790857 1030282 1030282 7310646 1030292 1030292 4880973 9350765 8190765 8190363 9350646 8190363 8190888 3731002 1760973 5370841 7980973 9350765 5370043 1030282 1030638 3730241 7310646 3730241 4880973 4880973 4880973 7310646 7310646 7980973 3730241 1760973 7980973 7310564 7980973 3730241 3730241 3730241 3730241 8190913 9350765 1030282 8870424 8190071 8190877 8190877 8190942 7310601 7980973 4880973 7310564 8190363 7530857 7530857
8190765 7530857 8190877 3950371 8190877 6990200
6990200 3950964 910928 3731002 7310646 7310564 1030638 4880973 4880973 7310601 7310646 9350404 9350404 8190829 4880973 4880973 4880973 4880973 4880973 4880973 2370973 5370200 5370200 9350404 8190942 8190942 8790857 8190071 8190937 8190765 6990200
3731002 7310646 3731002 3730200 3730829 7980973 3731002 3731002 1030282 3731002 7310646 3730241 3731002 3731002 3730404 7310564 3730519 3731023 7980973 3730200 7980973 7310646 7980973 3731002 3730765 3730200 7310646 6760857 6760857 3731023 7310404 7310646 3730765 1760973 7980973 3730519 3731002 7310646 1760973 3730241 3730404 7310601 3730241 7310646 1030282 3730241 7980973 3730404 3730519 7980973 7980973 3730404 1760973 3730241 3730829 7310601 3730004 3730200 3730200 3730519 7310601 3730601 3730200 3730241 3730765 7980973 3730829 3730404 3730829 7980973 7310646 7310765 1030282 7310646 3730601 6760404 7980973 3731023 3730404 3731002 7980973 7310601 1030282 7310646 3730829 7310646 3730241 3730519 6760404 3730519 7980973 7310646 7310646 7980973 7980973 3730404 7310646 6760857 3730829 3731023 7310765 7310564 7980973 3731023 5370877 7310601 1760973 7310646 3730241 3730200 3730241 7310404 7980973 7310646 3730241 7980973 3730200 3730404 6760857 7980973 3730004 7310646 3730519 7980973 3730241 3730241 7310646 7310601 3730241 3730241 3731002 3730519 7980973 3730404 7310601 1030282 3730241 7310646 7310646 3730765 3730519 7980973 7980973 3731002 7310404 7980973 7980973 3730829 7980973 3730404 3730519 3730200 3730519 3730241 3730241 7310646 3730404 3730519 7310564 6760404 7310646 7310646 3730404 3731002 3730601 1760973 3731023 7310646 3730601 3730241 3730404 3730765 3731002 7310646 3730519 3731002 7310646 3730404 3730404 3730404 6760857 7980973 7310601 3731002 1760973 3730404 3731002 3730829 3730829 7310564 1760973 3730241 3730829 3730241 7310601 1760973 7310765 3730200 7310601 3730200 7310601 6760857 3731002 3730241 3730601 7310601 3730241 3730601 7980973 2370973 6760857 3730241 7980973 3730241 3730241 3730519 1030282 7980973 7980973 3730601 7980973 3730200 3730241 7310646 7310646 4630200 7310601 3731002 3730829 1760973 7980973 3730404 1760973 3730829 3730241 3730601 6760857 3730200 3730519 3730241 6760857 7310646 3730241 3730241 3730601 3730829 3730829 3730241 3730200 6760601 3730765 6760601 7980973 3730829 3730241 1030282 3730646 3730241 3730200 7310646 3730519 5370877 7980973 3730241 6760404 3730241 7980973 3730765 5370200 3730765 3730646 3730241 7310646 3730601 7980973 7310564 7980973 3730829 6760404 3731002 1030282 3731002 4630200 3731002 3730519 3730404 3730200 6760601 3730404 3730404 3730241 3730519 7980973 3731002 7310601 7310646 6760857 3730765 7310646 7980973 3730404 6760601 3730404 3731002 7310646 3730601 7980973 3730241 3730404 3730404 7980973 3730404 7980973 3730241
3731002 3730404 3730241 3730601 8190877 3731002 8190829 4630200 3730601 3730765 8190829 6760404 9350765 8190942 3731023 6760601 3730241 8190877 6760404 3730404 6760601 8190942 8190942 8190770 9350404 8190765 8190877 6760404 8190765 8790857 8790857 8190942 9350646 8190829 3730646 8190371 8190829 8190765 8190829 8190363 8190765 6760404 6760601 3250857 8190646 3730601 8190877 8190765 3730404 8190765 3730829 8190765 8190937 8190942 8190942 8190942 8190765 8190942 8190942 8190765 9350646 8190765 8190888 6990200 8190371 3250857 8190765 8190765 8190363 3730829 9350646 3730765 8190942 8190829 6760601 8190765 8190877 8190560 3730765 8190829 8190765 8190752 8190765 9350404 8190646 8190913 9350404 6760601 8190765 8190877 9350765 8190829 8190942 8190942 8190942 8190765 8790857 3730765 8190765 3730765 8790857 6760601 8190765 8190363 8190829 8190829 8190765 9350404 8190646 8190942 5370877 8190829 8190765 8190363 8190942 8790857 8190829 6760857 8190363 6760404 8190765 8790857 8190363 9350765 8190942 8190829 8190765 8190765 8190829 8790857 8190363 8790857 8190942 8190942 8190765 8190765 8190942 8190877 8190829 8190877 8190765 3730404 8790857 8190363 8190942 3730601 8190765 8190741 8190829 8190743 9350404 8190829 3250857 8190877 9350765 8190937 8190765 8190942 3731023 8190829 8190942 9350404 8190877 8190829 8190829 3730646 8190765 8190877 3730404 8190877 3730601 3731002 7980973 5370200 9350765 8790857 3250857 8190765 8190942 8190942 8190942 8190829 7310646 5370200 4880973 4880973 7980973 5370200 8190765 8190829
8190877 8190877 3730646 3731002 8190877 7310404 3730829 8190829 8190765 3730646 8190829 8790857 8790857 8190942 8190877 3730404 1760973 3730241 3730404 8190829 6760601 8190942 8190646 3730601 9350404 8790857 3730241 8190829 3730765 3730601 3730646 9350765 8190877 8190765 8790857 8190765 8190829 9350765 8190942 8790857 8190942 3730004 8190942 8190765 3730601 3730519 3730829 3730519 8190942 6760404 3250857 3730404 3730601 8190765 6760857 8190877 6760404 8190877 8190646 8190942 8790857 8190829 8190942 3730765 8190877 6760601 6760404 3730404 8190942 8190765 8190877 8190913 8190363 8190560 8190765 6760601 6760857 3730829 8190363 9350765 6760857 8190765 6760857 8190371 3730601 8190363 8190765 3730765 6760601 9350765 8190877 8190363 3250857 8190765 6760404 8190765 8190877 3730404 8190765 8190877 3730646 8190829 7530857 3730765 8790857 8190829 8190942 8190363 8190942 6760404 8190913 8190942 8190371 8790857 3730765 9350646 8190765 8790857 6760857 3730601 6760404 3730404 8190829 8190877 6760404 8190765 8190363 8190877 8190765 8790857 8190877 8190942 8190765 8190829 8190829 8190942 8790857 8190363 8790857 9350404 8190765 6760601 8190937 8190765 7530857 8790857 8190752 8190877 8190765 9350646 8190877 3250857 7530857 8190942 8190937 8190829 8190363 8190741 9350765 8190765 8190877 8190942 7530857 3250857 8190363 6760601 8190363 9350765 8190937 8190877 3250857 8190829 8190363 8190765 8190765 7530857 6760601 3250857 8190765 8190913 3730241 9350404 8790857 8190371 6760601 8190363 8190942 8190913 3730765 9350404 8190765 3250857 8190765 3730765 8190937 8190942 9350404 8190829 9350404 8190942 3731002 3250857 8190765 7530857 8790857 8190829 8190942 8190942 8790857 6760404 8190363 3250857 8790857 7530857 3250857 8190937 6760601 3250857 8190363 8190752 8190363 7530857 7530857 8190937 8190765 8190829
8190969 8190765 8190937 9350404 8190741 9350404 6760404 9350404 7530857 8190371 8190829 6990200 8790857 8190371 8190829 8190937 8190363 8190765 8190741 7530857 8190363 8790857 7530857 8190829 8190765 8190937 8190765 6760601 8190765 9350404 8190765 8190877 8190942 8790857 3250857 8190071 8790857 6990200 8190363 3250857 3250857 8190363 8190829 8190877 8190829 8190942 3250857 8190942 7530857 3250857 8190765 8790857 9350404 8190646 8190741 9350646 8190363 8190765 3250857 8190877 8190363 8790857 9350765 3250857 8790857 8190765 7530857 8190877 8190937 8190942 8190741 7530857 8190765 8190937 3250857 8190937 6760404 8190646 8190942 9350765 8190765 9350404 3250857 8190363 8190741 8190646 8190829 3250857 8190877 3250857 8190913 6760404 7530857 8190363 8190829 7530857 3250857 8190829 8190829 8190363 8190942 8190829 9350404 8790857 3730829 6760404 8190942 8190942 8190646 8190937 6760857 8190765 8190829 9350404 8190765 8790857 8790857 8190363 8190829 8190937 8190363 7310765 7310646 1030282 7310564 7980973 7980973 7310646 7530857 3950371 3250857 8190877 8190829 8190071 8190765 8190765 6990200 8190765 8190765 6760404 5370877 7310765 6760404 1030282 1030282 3730241 4880973 4880973 4880973 4880973 7310404 4880973 8790857 8190765 7980973 4880973 4880973 3730241 3730601 8190877 3250857 7530857 8790857 8190942 8190765 8190877 8790857 6990200 8790857 6990200 3730241 3731002 9350404 8190829 9711023 8190829 3250857 8190363
null
1030292 1031010 1030638 1030292 1030638 7980973 7980973 1760973 6760601 1760973 3730829 1031010 1760973 1760973 1030282 5370200 1760973 5370043 7980973 5370200 1030638 4880973 7980973 7310646 7310404 4880973 2370973 4880973 7310646 4630200 1030638 7980973 7980973 4880973 4880973 4880973 1030638 1030282 5370200 5370200 1031010 1760973 4630200 1030638 1031010 1030282 1760973 1030282 1760973 1031010 1030638 1760973 1030292 1030638 1030292 7980973 1030638 1030292 1030292 1760973 1030282 3731023 1030638 1030282 730928
8190646 8870544 3950043 7790841 3950043 1760973 7980973 1760973 1030282 1030292 7980973 1031010 1030282 1760973 1760973 8190937 1030282 1030282 7980973 7980973 1030282 1030638 1030282 7310646 4880973 1030282 1030638 2370973 4880973 5370200 1030282 5370841 3950043 1030638 1760973 1760973 1030292 5370200 5370200 1030638 1030282 5370200 7980973 7980973 7980973 4880973 4880973 4880973 4880973 4880973 1030282 7310646 5370200 4630200 1031010 1030282 1030292 3730241 7980973 7980973 1030282 1030282 8790857 8871007 3700969 9710752 7790200 1760973 4630200 1031010 1030638 1031010 1760973 9350765 5370200 5370841
7980973 7980973 1030282 7980973 7980973 7310646 7980973 1030282 2370973 2370973 1030282 7980973 7980973 5370200 8870424 9350646 1030638 1030282 1031010 4880973 4880973 4880973 4880973 1030282 5370200 5370841 4630200 1030282 2370973 1030282 7980973 5370841 8190969 7310646 3731002 9350646 7980973 5370841 7980973 7310646 7980973 3731002 7310646 7530857 9350646 1030282 5370200 1030638 3731023 3730241 3731023 1760973 1760973 3731023 1760973 7980973 4880973 4880973 2370973 4880973 4880973 4880973 7980973 3731002 1030292 1030638 1030282 5370841 1760973 8870544 8190363 5370841 3731002 7980973 8870544 8190519 5370841 7530857 8190969 5370841
5370841 5370200 5370200 1760973 5370841 8190519 5370841 5370200 3731002 5370841 5370841 3731002 5370841 3731002 5370841 8190937 8190363 3731002 8190363 5370841 8190363 3731002 8190913 9350043 3730765 8190371 8190043 3731002 8790857 3731002 3731002 7310646 1030638 4880973 1030282 1030638 4880973 1030282 7980973 1030282 1030282 1030638 1030282 3731002 8190646 8190937 8190937 8190043 8190363 3731002 7980973 1030282 5370841 7980973 5370200 5370200 3730646 8190937 8190363 8190646 3730519 3730241 7980973 5370200 1030282 1030282 1030282 7980973 1030282 5370200 1760973 5370200 7310646 3730241 7980973 6760857 9350765 7980973 7980973 7310601
2760371 8190741 8190937 8190646 8190937 8190741
9350646 1760973 6270652 7980973 7310404 9350646 1760973 1760973 1030282 5370841 8870544 4880973 4880973 1030292 4880973 4880973 4880973 4880973 4880973 4880973 4880973 7980973 1030292 1760973 7980973 1760973 1030282 1030282 1030282 5370200 5370200 1760973 1030282 1030282 1030292 1030282 5370200 4630200 4630200 8190646 4630200 7090973 3731002 4630200 4630200 8190363 3731023 8190363 9350646 6760857 3731002 1760973 1030282 8190363 3730646 7090973 8190937 7090973 8190363 5370841 3731002 3730646 1760973 7980973 3731002 4630200 8190363 8190519 8190646 5370200 5370200 1030282 8190937 8190646 3730646 8190363 5370200 8190646 8190937 8190363 8190646 8190646 8190646 8190363 1760973 3731002 1760973 4630200 8190363 1760973 8190913 8190646 4630200 8190363
5370200 7790200 3730519
8870772 7790743 7790841 8190646 8190071 4880973 4720857 3730241 3730519
7790519 1760973 730928
8190770 7090973 4720857 8190969 8190519 8190969 3731023
9350043 3950043 3950043 3950043 9350646 8870544 5370043 8870544 9350404 9350741 3700969 4880973 9350404 8190937 5370043 3950043 3950043 8190942 7790857 8190765
8190646 1760973 4630200 2760580 8190765 8190913 4720857 8190913 8190765
2760928 7790580 7790580 7790913
5370841 1030292 8870544 8870580 8190646 8190043 7790841 8870544 4630200 8870544 3731002 8190969 1760973 8190646 7310646 8190519 7790857 7090973 1030638
1760973 7980973 4630200 7790857
null
null
3950964
