206
1030638 4630200 1031010 4630200 1031010 5370200 4630200 4630200 3731023 1030292 4630200 5370200 5370200 9350646 3950043 3950043 4880973 1030292 1030282 1031010 4630200 7980973 5370200 3731002 3730004 9350646 4880973 8190765 8190942 5370200 730969 7790200 3731002 1030282 1760973 3731002 1760973 1760973 7980973 4630200 5370841 5370841 5370841 1760973 1760973 8190937 4630200 1031010 1030292 1030292 1030292 1031010 4880973 1030292 1030292 1030292 1030292 4880973 1030292 8190363 8190646 8190646 8190913
1760973 3730200 3730646 8190646 3731002 8190913 8190363 4630200 4630200 7980973 8190913 8190560 5370200 7980973 8190969 8190646 1030292 1760973 4630200 7980973 3730829 8190913 4630200 7980973 9350646 8190646 9350646 8190646 4630200 4630200 4630200 8870544 9350404 8190765 8190741
null
null
null
8870580 3470857 7090973 5370841 7790741 1030292 1030292 4880973 4880973 4880973 3730200 1030282 1760973 9350646 8870544 7790200 5370200 7310646 1760973 1030282 5370200 1031010 4880973 4880973 1030638 1031010 1030282 5370200 7980973 1030282 1760973 1760973 4630200 3731002 4880973 4880973 1030282 1030282 5370200 1030282 4880973 4880973 1760973 4880973 4880973 1760973 5370200 8870772 7980973 3950043 2370973 1030638 8190363 8190363 4630200
1030292 4880973 4880973 4880973 4880973 4880973 1030292 1030638 4880973 1030292 1760973 1030292 1760973 1030292 1031010 1030292 4880973 4880973 1030282 1030282 8190519 4880973 4880973 5370200 1030282 1031010
1030282 3950043 5370043 1760973 8190646 2370973 4630200 1760973 4630200 4880973 4880973 1030292 4880973 5370200 5370841 4630200 4630200 1760973 1760973 2370973 4880973 1030292 4880973 4880973 1030292 1030638 4630200 1760973 4630200 4880973 1030282 1030282 4630200 4880973 5370200 9350646 7790200 8870424 4880973 1030292 1030282 5370200 9350765 7980973 1030282 4880973 4880973 2370973 4880973 1030292 1030282 1030638 3731023 2370973 1760973 1760973 1030638 4630200 9350646 9350765 1030282 1760973 5370200 1030282 1030282 1030638 7980973 1031010 7980973
9350043 3950964 3950964 730969 9350741 910928 8190969 8190363 3950371 8190765 8190363 8190969 8870544 8870544 8870544 8190770 9350404 3950964 8190765 5370200 7980973 6760857 3731002 1030282 1030282 3950371
7790964 7790580 7790071 3700519 3250857 3470752 9710741 3470519
8870772 9350765 7090973 8190877 8190937 8870544 1030638 8870544 9350404 8190363 8190765 7790200 9350646 9350404 7310646 9350043 8870424 8190877 3250857 7530857 8790857 7980973 7980973 7980973 7310601 7980973 7310404 6760857 7310404 6760601 3250857 3950964 8190877 8190969 8190765 8190888 8190646 3950964 3730404
5370841 5370841 7790913 7980973 5370200 9350646 9350646 7790200 7790200 5370200 8190646 4880973 1760973 8190937 8190363 7310404 7980973 9350043 6760601 9350646 9350765 8190363 8790857 3950371 7980973 8190765 8790857 8790857 7310601 3730200 8190913 3950043 1030282 1030282 7980973 9350043 8870544 9350580 8870544 4630200 4880973 4880973 7980973 8870424 8870544 3950371 8190877 9350765
3470580 3950964 3950371 8190937 9350404 8870544 8871007 8190752 3700580 9350404 6760404 5370200 5370200 9350646 9350043 9350043 9350741 3730829 7310404 730646 8870424 8190519 8870424 9350404 9350646 8190646 8870424 7980973 3731002 8190646 910928 8871007 3950964 3250857 3950371 8871007 7530857 4720857
9040580 7790580 7790841
9710969 9710752 6990200
4880973 3730004 7980973 8190363 7790857 6760857 7790752 7790743 8190913 9710752 1760973 3730004 9710071 6760601 3730765 1030282 8190519 3700770 3730601 1760973
9350765 4630200 9710857 8190071 8190770 8790857 3470200 3950371 5231023 2760371 3950371 9710857 9710920 9710071 730770 9710205 9710371 9710864 8790857 9350404 2760580 3700770 9711023 7530857 7530857 9350404 6990200 9350404 8190937
7790200 8870544 3470969 8870544 4720857 7790200 5370043 9710414 3470857 9710071 7090973 9710414 3700770 8190877 8190765 9710205
2760741 7530857 5370841 9710371 4880973 4880973 3470200 8190071 3700205 3731002 8190363 7310765 7310564 9350765 7310646 3730404 7980973 8190829 8190743 8190743 730071 9350580 3470200 8190888 3950371 3950964 3730404 3730765 3730646 3731002 8190829 2370973 2760371 9350765 8190363 7790743
7790857 5370877 5370841 9710969 3470200 6990200 1030282 2370973 1030282 1030282 8190937 8190363 7310601 6760404 5370841 8190646 3950043 3950043 5370877 1030282 1030638 7310646 9350765 7530857 7980973 7980973 9710752 8190741
2760580 9710006
9710752 3470969 7090973 8190519 9710770 9710752 3470752
7790200 9710205 9710969 2760770 9710371 3470752
8190363 8190741 8190560 9350646 8190752 4720857
6270652 7310471 7310471 7310471 7310471 7310471 7310471 7310471 6270652 7310471 7310471 6270652 7310471 7310404 6270652 6270652 7310404 6270652 6270652 6270652 6270652 6270652 7310471 6270652 6270652 6270652 6270652 6270652 6270652 6270652 6270652 6270652 6270652 6270652 7310471 6270652 6270652 6270652 7310471 7310471 7310471 7310471 7310471 6270652 7310471 6270652 7310471 6270652 6270652 7310471 7310471 7310471 6270652 7310471 7310471 7310471 6270652 6270652 7310471 6270652 7310471 6270652 7310471 6270652 7310471 6270652 7310471 6270652 6270652 6270652 7310471 6270652 6270652 7310765 6270652 6270652 7310471 6270652 7310471 7310471 7310471 6270652 7310471 6270652 7310471 6270652 6270652 6270652 6270652 6270652 6270652 7310471 6270652 6270652 7310471 6270652 7310471 6270652 6270652 6270652 7310471 6270652 7310471 6270652 6270652 7310471 6270652 6270652 6270652 6270652 6270652 6270652 6270652 6270652 6270652 7310471 6270652 7310471 7310471 7310471 7310471 7310471 7310471 7310471 7310471 7310471 7310471 7310471 7310652 7310652 7310471 7310471 7310652 7310471 7310471 7310471 7310652 6270652 7310652 6270652 7310652 7310471 7310471 7310471 7310471 7310471 7310471 7310471 7310471 7310471 7310471 6270652 7310471 7310471 7310471 7310471 6270652 6270652 7310471 7310471 7310471 7310471 7310471 7310471 7310471 7310471 7310471 7310471 7310471 7310471 7310471 7310471 7310471 7310471 7310471 7310471 7310471 6270652 7310471 6270652 7310471 7310471 7310471 7310471 7310471 7310471 7310471 7310471 7310471 7310471 7310471 7310471 7310471 7310471 7310471 7310471 7310471 7310471 7310471 7310471 7310471 7310471 7310471 7310471 7310471 7310471 7310471 6270652 7310471 7310471 7310471 7310471 7310471 7310471 6270652 6270652 7310471
7310471 7310471 6270652 7310471 7310471 7310471 7310471 7310471 7310471 7310652 7310471 7310471 7310652 7310652 7310471 7310652 7310471 6270652 7310471 7310471 7310471 7310471 7310652 7310471 7310471 7310471 7310652 7310471 7310471 7310471 7310652 7310471 7310471 7310471 7310471 7310652 7310471 7310652 7310652 6270652 6270652 6270652 7310471 6270652 6270652 6270652 7310652 7310652 7310652 7310652 6270652 7310652 7310652 7310471 6270652 7310652 7310471 7310471 7310652 7310471 7310471 7310471 7310471 7310471 7310652 7310471 6270652 6270652 7310471 7310652 7310471 7310471 7310652 6270652 7310652 7310652 7310471 6270652 7310471 6270652 7310652 6270652 7310652 6270652 6270652 7310652 6270652 7310652 7310652 7310652 6270652 7310652 6270652 7310652 7310471 7310652 7310652 7310652 6270652 7310471 7310652 7310652 7310471 6270652 6270652 7310652 7310652 7310471 7310652 7310471 7310471 7310471 7310652 7310471 7310471 7310652 7310652 7310652 7310652 7310471 6270652 7310471 7310652 7310652 7310471 7310471 7310652 7310652 7310471 7310652 7310652 7310652 7310652 7310652 6270652 7310471 7310471 7310471 7310471 7310471 7310471 7310471 7310471 7310471 7310471 7310471 7310471 7310471 7310471 7310471 7310471 7310471 7310652 7310471 7310471 7310471 7310652 7310471 7310652 7310471 7310471 7310471 7310471 7310471 7310471 7310471 7310471 7310471 7310471 7310471 7310471 7310471 7310471 7310471 7310471 7310471 7310471 7310652 7310471 7310652 7310652 7310471 7310652 6270652 7310652 7310471 6270652 7310652 7310471 7310471 7310471 6270652 7310652 7310471 7310471 7310652 7310471 7310652 7310652 7310652 7310471 7310471 7310471 7310471 7310471 7310471 7310652 7310471 7310471 7310471 7310471 7310471 7310471 6270652 7310471 7310471 7310471 7310471 7310471 7310471 7310471 7310652 7310652 7310471 6270652 6270652 6270652 7310652 7310471 6270652 7310471 7310652 6270652 6270652 7310652 6270652 6270652 6270652 6270652 7310652 7310404 6270652 6270652 7310652 6270652 6270652 6270652
null
7310471 7310471 7310471 7310471 7310471 7310471 6270652 6270652 7310652 6270652 7310471 7310471 7310471 7310471 6270652 6270652 7310652 6270652 7310652 7310652 7310471 7310471 7310471 7310471 7310471 7310471 7310471 7310471 7310471 7310652 7310471 7310471 7310471 7310471 7310471 7310652 7310652 7310652 7310652 7310652 7310652 7310652 7310471 7310652 7310652 7310652 6270652 7310471 7310765 7310652 7310652 7310471 7310652 7310652 6270652 6270652 7310471 7310471 7310471 7310471 7310471 7310471 7310404 7310471 7310471 7310652 6270652 7310652 6270652 6270652 6270652 6270652 7310652 7310652 7310652 7310652 7310652 7310652 7310652 7310652 7310652 7310652 7310652 6270652 7310652 7310652 6270652 6270652 6270652 6270652 7310404 6270652 6270652 7310765 7310765 6270652 7310471 7310765 7310652 6270652 7310652 7310652 7310652 7310652 7310652 7310652 7310652 7310652 7310652 7310652 7310652 7310652 7310652 7310652 7310652 7310652 7310652 7310652 7310652 7310652 6270652 7310652 7310652 7310652 6270652 7310652 7310652 7310652 7310652 7310652 7310652 7310652 7310652 7310652 7310652 7310652 7310652 7310652 6270652 6270652 6270652 7310652 7310652 7310652 7310652 7310652 7310652 7310652 7310652 7310652 7310652 7310404 6270652 6270652 7310652 7310652 6270652 7310601 6270652 7310652 7310652 6270652 7310652 6270652 7310601 7310652
7790741 730969 730580 7790071 3700519 8870580 3470205 9710414 3950964 3470969 910928 730371 9710006 730519 730043 730880 8190770 8190937 3470200
7790841 9710741 8190888 9710414 9710770 3470969 9710205 9710864 3700770 9710920 3700969 8190741 8190752 7790857 2760043 7790888 7790071 3700205 3700770 9350741 3730519 1030638 8190743 8190071 8190071 7790752 2760888 1760973 9710371 3700770 3470205 7790752 9710770 9710205 8190770 8190071 7790913 7790913 9710371 3470414 3470519 9710770 9710752 8190888 2370973 3470752 9710752 7980973 730519
3470857 8190913 3470857 7090973 7090973 7090973 3470857 3470200 9711023 8190560 3470857 3470857 3470857 3470414 9711023 3470857 8190043 9710371 8790857 730870 8190770 8190752 9710857 5370043 8190888 3950964 1760973 7790857 1760973 1760973 4630200 1760973 1760973 1031010 1760973 1760973 1760973 1760973 7090973 4630200 3731002 7980973 3730519 7980973 3731002 3730004 3731002 3731002 3730646 3731002 3730004 8190646 4630200 1760973 1030638 1031010 3731023 1760973 7980973 3731023 1760973 1760973 1760973 1760973 7090973 3730519 1760973 1031010 1760973 1760973 1760973 1760973 1760973 1760973 7090973 8190752 8190743 1760973 9710857 3730004 8190560 1760973 2760043 7790894 9710205 9710205 3470580 8190770 8190743 7090973 8190071 8190371 3700969 9350741 3730519 8190913 8190071 8190969 8190969 8190519 8190770 9711023 7790857 3950964 3470857
7790741 8870043 7790841 3470043 3470043 7790741 7790371 7790741 7790371 9040580 9040580 7790841 7790841 3950371 3950043 3950043 7090973 7090973 8190969 3730004 3730004 3730004 3730004 3730004 9350741 730770 730880 3470857 2760770 3731002 3731010 3730519 3731010 3730519 8190371 9710422 9710770 8711023 7790857 2760043 9710422 3470205 3470519 3950371 9350043 8190043 8190770 8190752 8711023 3470857 8190071 8190888 8190071 3730004 3730004 7090973 1760973 7090973 7090973 3730004 8190043 7090973 8190646 7090973 8190942 3730646 7090973 7090973 7090973 7090973 7090973 8190770 7090973 8190770 3470857 3471023 2760043 3730004 8190741 4720857 4720857 2760371 730519 2760371 3470519 3470200 9710371 9710864 3731002 8190942 8190942 2760043
3470205 9710414 7790741 9710741 7790743 8871007 730071 730770 7790580 8870544 7790580 8870580 1760973 3730004 1760973 8190969 7790894 8190043 9711023 2760964 2760924 2760741 730741 2760770 3470969 3470969 3470969 7790888 2760371 7790964 3470200 2760071 2760928 8870043 2760752 9710580 7790071 3950043 5370043 730371 730560 7790857 7790743 3471023 8190519 3700969 7790743 8190942 9710864 9710864 7790580 9710414 3731010 8190371 3470205 8190888 3470519 7790752 7790743 2760770 7790888 2760371 3730004 3730004 8190888 7790857 1760973 3730004 1760973 7090973 8190043 9710580 3700580 9040580 7790913 7790841 9040580 9350580 3730004 8190888 8190770 8190743 7790857 2760752 2760770 9710920 9710969 9710770 7790964 3470580 3470580 3470580 2760580 9710752 7790580 7790857 7790841 3700969 730741 730928
730371 3470969 9710857 9710371 3470969 3470969 3700205 2760371 2760071 2760043 2760071 9350043 730560 2760888 8190043 9711023 9710770 9710580 2760580 9710580 7090973 8190743 3470857 3470857 7790888 2760743 7790071 9710920 9710969 3700969 7790743 7790743 9710920 3731010 3470857 730928 8870580 3470857 8190743 7790752 7790857 7790857 3731010 3730004 3730004 9710857 8711023 9710770 3470580 2760071 730071 7790580 8190888 730880 3470580 8190743 8190071 9710071 9710752 2760752 3730646 730870 8870580 8190071 3470200 9710071 9710920 9710969 9710864 7790743 2760924 3470414 8190741 3730646 3731010 3730646 7090973 3730646 3950964 3470414 9710920 2760964 9710414 7790741 7790741 7790743 2760043 2760752 2760770 2760770 3731010 3730004 3730004 8190913 3950964 8190071 8190363 8190913 8190646 8790857 8190969 8190071 8190519 8190913 8190363 3470200 8190913 8190743 9711023 9711023 9350741 8790857 3730004 3730004 3730004 3730004 3730004
7790743 9710770 7790371 4720857 9710422 7790913 9710422 9710205 8190560 1760973 5231023 7790752 730743 9710770 9710205 9710205 2760743 8190942 9711023 9040580 9040580 8190743 3731002 1760973 1031010 1031010 1031010 7790743 2760770 5231023 2760043 2760071 3470043 9710519 3471023 7790894 7790857 3950964 3950964 7790857 7090973 7090973 3470857 2760043 7790071 8190043 8190043 3731023 3730646 7090973 8190646 8190888 8190770 9710857 9710857 9710857 8190942 3471023 9710071 9710071 3730646 8190646 8190888 7090973 8190646 8190888 8190646 8190913 7790888 8871007 9710580 9710071 9710071 9710071 9040580 9710071 9710071 8190743 8190743 8190071 8190913 9710205 9710071 3470969 7790888 8190937 4720857 7790071 7980973 7980973 7980973 9350580 3950371 3470200
3700519 3470857 7790071 3730519 8190043 3470580 3470043 7790857 3470857 7790857 7790857 7790841 8190043 2760770 7790743 9710205 3470969 7790071 2760752 5370043 2760043 7790752 8190043 1760973 4720857 3470519 3470200 5370043 1760973 1760973 5370043 7980973 3470200 5370043 5370043 9350043 8190743 3470200 9711023 2760741 1760973 8190741 8190942 730928 7790752 7790371 8190371 8190937 3730004 9710969 8711023 8190043 7790964 3700969 3731002 7790857 3730646 3730646 8190743 8190519 2760964 7790894 7790894 1760973 9710414 3470043 7790857 7790857 8190913 3731023 7980973 3730646 8790857 8190913 1031010 5370841 1760973 2760741 2760580 3731010 3730004 8190646 8190913 9350741 730743 730043 730371 8190937 7790857 7790857 3471023 7790857 3730200 3731023 3731002 9350043 9350043 8190071 1030638 3731023 1760973 7980973 5370200 7790743 7790743 7790743 7790894 7790371 730969 730928 730646 8870580 3700580 8870580 7790580 7790841 8870580 7790580 7790752 7790752 7790841 9040580 7790580 9040580 9040580 7790913 8870043 8870043 7790371 3950043 9350580 7980973 9350580 730371 5370841 2760928 3731023 3731002 4630200 5370200 7790200 4720857 7790841 7790913
8190560 3730519 3730004 2760371 2760371 3470580 3470519 9710006 3470580 8190770 3731010 3730004 3730004 8190371 8190043 2760043 7790371 3470969 8190043 2760043 7790752 2760743 7790964 8190043 8190043 8711023 8190770 3730004 9710857 8190741 7090973 9710006 4720857 9710864 3470414 9710741 3730004 3730004 7090973 3730004 3730004 3470857 3470857 2760752 3470580 8190741 9710857 9710414 9710414 2760924 2760924 3700770 9710770 8190741 3730004 3730004 3730004 3730004 3730004 3730004 3730004 8190371 2760580 9710414 3700770 9710580 7790841 9710770 3470200 3470519 2760770 9710770 730741 2760924 7790743 2760924 3470519 8190888 3470043 7090973 7090973 7090973 3730004 7090973 7090973 8190770 3470519 2760770 2760741 2760580 9710864 8870580 9040580 9710920 730741 9710741 8871007 5231023 3730004 3730004 3731010 3730004 3730004 8190043 8711023 2760752 2760580 3730004
3700580 3700205 7790857 8190043 7790580 3950043 8870043 730043 7790580 8870043 7790580 8870580 7790580 9040580 3700580 3470857 3470205 3470519 3730004 3731010 7090973 7090973 7090973 7090973 7090973 7090973 7090973 7090973 7090973 7090973 7090973 730743 3730004 3731010 3730004 1760973 1760973 3730004 3731010 3730004 7090973 3731010 3730004 7090973 7090973 7090973 3730004 7090973 7090973 7090973 7790857 7790857 8190913 3700770 3470752 7790857 1760973 3730004 1760973 7090973 8190519 2760770 3950043 7090973 9710580 3470200 8870544 7790841 7090973 7090973 4720857 7790200 7790200 7790857 8870043 8870043 7790200 7790841 8190913 8190765 7790857 7790580 8870580 7790857 7790580 730870 7790857 8870772 7790200 8870544 7790857 8870772 8870424 7790841 9710414 8190752 8790857 9710752 7790071 7790857 9710920 3470043 2760743
7790200 7790857 7790200 2760580 3700519 3700519 2760743 2760371 2760770 9710519 9710857 8190371 8190519 730743 1760973 1760973 8190969 2760741 3470580 7790841 2760770 7790743 7790894 2760964 2760752 8190071 8190071 8190071 9710770 3730004 9710969 9710422 9710414 3470580 2760924 3470580 3700969 2760770 730928 730928 2760752 3470205 7790841 7790913 730519 9710519 2760741 2760741 730371 2760743 9710519 2760743 8190519 9710519 2760741 2760071 730371 7980973 8870580 7790841 7790913 3700519 8870580 730580 9710205 5370043 5370043 7790200 8870580 730580 8870580 9710580 8190770 2760741 2760741 2760928 2760741
730880 2760580 2760964 2760580 7790894 3470519 7790741 7090973 8190519 7090973 3730646 3730646 8190913 7790913 7790913 9040580 7790580 7790913 3731002 7790857 8870580 8870580 7790200 8870580 8870580 8870580 8870580 9350580 2760770 730560 2760043 730043 8190888 2760043 2760043 2760071 2760580 730519 2760043 730071 3730004 7980973 3730004 2760770 2760071 2760752 8190743 8190743 8190743 8190743 8190743 8190071 2760071 730741 730743 7790913 7790841 2760924 9710371 2760752 2760770 2760743 2760043 2760043 9710920 7790964 7790888 3470043 8190519 2760580 2760924 2760770 7790841 5370841 730969 9710519 9710864 730371 3700969 1031010 8190519 7790519 8190519 7790519 7790913 9040580 7790752 730928 8870544 730928 8870424 730741 8870424 3700205 730928 8870043 8870580 2760371 2760741 9350765 3730004 8190371 730870 730371 730870 9710580 3470969 3470205 3470205 2760743 7790580 9710920 2760741 2760580 7790964 2760924 7790741 7790741 8870580 8871007 730741 8870580 8870580 730560 730560 8871007 8871007 9710864 9710006 2760752 2760371 7790071 2760743 9040580 9710864
9350580 730870 730770 9350741 730741 730928 9350741 730646 3731002 3731002 9710205 730071 7980973 730371 7790200 730071 9350741 9350580 3731002 8790857 3470857 2760071 730770 730071 730969 9710580 9710205 730969 3470043 2760888 2760752 2760888 2760770 2760770 2760371 2760964 3731010 3731010 3730004 3731010 8190743 8190646 2760888 3731023 3730004 730371 9710371 9710770 9710770 730580 3730004 9710205 8190743 2760043 2760043 730770 8190770 910928 8190969 7790200 2760770 2760043 7790371 7790371 8190913 8190969 9350043 9350580 9350043 9350580 8190519 8190829 7790841 8870580 8870580 7530857 730743 7980973 730741 9350741 7530857 8870580 9350043 9350043 9350043 730043 3731002
9710741 3470414 3470200 730870 9350580 2760752 2760043 2760741 8870772 2760743 9710371 3471023 3471023 7090973 8190043 9710580 3470580 3470857 8190560 9040580 2760770 2760770 2760770 9710071 8190560 8190888 9710519 2760964 3470857 8190363 5370043 5370043 8190646 8190043 2760928 5370043 7790200 7790200 7790371 7790841 7790857 8870043 8190043 8190071 8190519 3730004 2760888 2760964 2760743 5370043 8711023 3700969 9711023 2760752 2760371 2760743 9710519 3470519 3470205 730770 730743 730770 730743 9710864 7090973 8190913 9350646 8190937 8190560 3470200 8190071 4720857 4720857 4720857 3950371 7090973 8190646 3470200 9040580 9710864 9711023 5231023 9710414 9710741 730969 730560 8190043 8190043 7790841 730928
7980973 2760580 7980973 1760973 8190371 730770 730743 3730004 2760770 2760043 2760888 9710770 730043 9710205 8190071 8870544 7790913 8190043 7980973 7980973 7980973 7980973 7980973 7980973 7980973 7980973 9350646 9350580 9350580 9350580 9350580 9350580 8190519 3731002 2760071 2760071 2760888 8190519 9710752 9710422 2760888 2760071 8190371 3250857 730741 9350043 2760964 3731002 3730004 3730004 8190519 3731002 2760580 2760770 2760752 8190829 7790857 1760973 3730004 3730004 8190942 8190937 2760928 8190043 8871007 9350646 730741 2760043 8190519 8190371 8190937 8870544 9350580 8190043 5370841 7790741 730646 7790857 8190043 7790200 7790841 8870544 7790200 8870544 7790580 7790857 7790841 7790913 8190363 3730646 7790964 5370043 5370043 7790894 2760743 7790888 7090973 3730646 8190043 8190043 2760964 2760888 7790519 7790071 2760964
730043 3700580 730928 730770 730870 3730241 7790752 2760043 730770 730741 730880 730580 730870 730580 730580 3470205 9710857 3470857 3470519 3470752 3470414 9710741 9710580 9710741 2760371 2760964 3950964 9710752 730043 730043 9710519 7790743 7790071 730870 730928 730870 8870580 8870580 730870 730646 730870 8870043 7790841 7790841 7790841 3470752 3470205 2760371 9710770 9710519 8711023 730880 9710580 3470580 2760743 2760071 9710920 730580 730519 7790580 2760071 9710519 3700205 2760888 8190071 9710205 8190743 9710857 3470580 9710371 8190888 8190646 3700205 9710770 3700770 730880 730928 9350580 730071 9350580 730928 730743 730646 730743 730928 730580 730928 730371 730560 730741 730870 730519 730928 730043 8870544 730580 730969 730969
8190646 8190913 730928 730928 730646 8190913 3470580 8190969 8190519 9710519 8190913 3700580 3700580 7790841 910928 730928 3730004 8190560 9710071 9710371 730928 730043 8870424 7790888 7790743 730741 730580 730043 7790200 8870043 8870043 8871007 730870 2760580 2760928 2760741 9350741 730371 730928 730741 730928 730928 8871007 730928 2760964 730770 730770 8870580 730741 730928 730928 8870580 9350580 3730004 3730004 3730646 3730004 7790200 2760770 2760770 2760741 1760973 3730004 8190770 7790752 3470752 3700580 3700580 3470752 8870772 2760752 8871007 8870772 7790752 7790841
730969 730928 730371 730580 730741 730928 730928 8870544 730371 730870 730371 2760964 8871007 730580 730580 730870 8870043 730519 7790857 2760752 8870580 730043 2760043 730043 8190942 3730004 3730004 9710864 8870043 9710741 730770 730969 4720857 8190752 8190969 7090973 7090973 7090973 8870043 8870043 730043 730928 2760043 9350741 9350580 730880 9350580 730880 730743 8870580 8870544 2760580 2760770 3470043 8870580 730646 730880 7790841 9040580 8190363 8190071 8870424 730928 2760071 2760580 730519 7790580 7790743 8190519 3730519 730071 730071 730519 730519 9710519 2760371 2760741 7790964 2760752 3470519 9710969 7790071 7790519 7790071 2760928 2760741 2760741 2760770 2760043 3470519 7790894 8190560 730371 730371 730371 730371 2760741 7790841 3950043 1031010 1031010 2760741 2760770 9711023 7790913 9710580 3470580 7090973 7090973 8870772 7790519 730519 7790752 8870580 730580 5370043
8870580 7790200 730969 730928 3700969 9350741 8871007 3731010 3731010 730928 2760580 2760743 7790580 730928 730043 730928 730928 730928 8870580 730928 9040580 7790580 7790580 730043 730371 3470519 7790519 2760741 2760770 9710519 3470519 7790841 730969 8870580 730371 730870 730743 730043 730743 730743 730371 730770 730770 7790580 9350580 2760043 9350580 2760770 730560 730770 8870580 730928 730928 8190043 9350043 9350580 9350580 2760924 9350580 9350580 9350580 3700205 2760043 2760928 7790200 730928 2760580 3470043 3470200 730743 2760371 2760964 2760888 3731010 3730004 8190743 3700580 730580 8870580 730580 730580 8870580 730928 2760928 2760928 2760928 8190969 9710857 3950371 9710519 730519 8870580 2760580 2760580 730928 730928 730519 730519 730519 8870580 8870580 730646 8870580 9040580 7790580 2760770 2760770 8711023 8190043 7090973 7090973 7090973 7090973 730928
9350043 730870 7980973 730043 730870 9350580 5231023 8870580 8870424 730741 730519 2760924 730519 730770 5370043 2760928 8870043 2760043 2760580 8870580 8870580 9350580 9350043 8870580 7790741 7790580 2760043 7310646 2760928 7790071 7790964 7790841 7790741 730371 9710741 4720857 2760752 2760924 7790741 730371 730870 8870043 2760928 7790913 7790857 7790200 7790200 7790857 7790841 7790841 7790200 8870043 730071 730969 730928 730928 9350580 730928 730870 730071 9350043 730580 9350580 730580 9350043 730741 730580 9350580 8870580 730870 8871007 8870580 9350580 8870043 8870424 8870424 8871007 8870424 8871007 7790200 9710414 2760928 3470752 3470519
9710371 9710770 9710519 8190071 4720857 3470580 3470752 8190770 7090973 7090973 7090973 7090973 2760924 7790519 7790741 2760770 7790371 7790841 3470519 7090973 7090973 7090973 7090973 7090973 7090973 7090973 3730004 7090973 9350580 7790071 730043 3470200 8870043 730743 730371 730043 730371 8870580 7790580 7790580 7790857 7790857 730071 730770 2760743 3731010 3730004 8190363 7090973 4630200 1031010 1760973 1760973 7790841 730880 8871007 730519 3700580 3700580 2760752 8190560 7790580 2760043 2760964 2760580 730580 2760043 3470043 7790894 3470580 9710752 730870 730870 7790371 2760741 2760371 7790752 7790857 730519 730519 9711023 2760928 9710205 3700519 9710519
4720857 1031010 3731023 4630200 8190363 7790857 7790857 7790200 730928 9350043 5370043 9350043 9350043 9350580 9350580 9350043 5370043 5370043 5370043 730043 8190519 2760928 7790200 730043 8870043 8870043 8870043 8870424 8870424 9040580 9350580 9350741 5370043 730646 730928 730043 2760924 730043 9350580 9710857 2760741 8870043 2760924 2760928 8711023 8190519 3470043 9710857 3470857 8190942 8190071 7790857 8870043 8790857 9710770 8190743 3730646 3730519 7790894 7790857 8190741 9710205 9710006 7790841 8190741 3730004 3731010 3730004 3950043 3700770 1760973 9710770 2760752 8190937 7530857 3470857 9710969 730741 8190752 7790857 7790857 8190043 2760770 8190741 2760043 2760580 8190752 8190043 8190043 9710752 3470752 8871007 8190913 8190519 3470857 8190071 9711023 7530857 9710741 9710414 5231023 9711023 3730241 8190770 8190371 8190741 8190969 3470857 2760580 8190741 8190913 3950043 8190646 8190371 1760973 8870772 8871007 8190741 1760973 730371 8870424 8870043 8870424 8870043 730741 9350043 9350043 2760580 730928 2760043 730519 8871007 2760580 7980973 2760928 8870043
7790841 5370043 8870043 8190888 8190743 8190770 3470752 8190752 1760973 1760973 8190519 8190752 7790857 9710006 5231023 9710371 8711023 3731002 3730241 9710857 8190752 3730004 3730200 1760973 5370043 2760888 3730519 2760371 2760371 7790200 8190363 8190371 3731010 3730004 8190043 8190741 7790200 7790371 3700519 3470200 8190752 8190937 8711023 9711023 8190913 9350741 8190888 3950964 3950964 8190519 8190519 8190519 730770 9710414 9710752 9710071 8190519 3730646 3470857 9711023 8190770 8190969 3470857 9350741 8190752 8190071 7790580 7790200 7790741 7790200 7790200 7790841 8870043 3950043 2760043 8190888 8190752 8190043 8190646 7790857 8190043 8790857 2760964 7790857 7790752 8190765 1760973 3730004 5231023 8190043 9710371 730371 3731002 3730004 7790580 2760371 2760071 730770 9710422 3730646 4630200 8190043 8190743 8190043 9710752 9710371 7790964 8190969 1760973 3730004 2760743 9711023 2760888 3470200 3470200 1760973 7790371 730969 730560 910928 8190646 8190519 7790200 7790371 2760924 7790371 5370043 5370043 730646 730580 730580 8870580 8870580 730580 730580 5370043 7790580 730580 730580
2760580 9710920 3471023 3470580 3950371 9350646 9710371 9710770 3470200 3470519 9350043 5370043 9350043 730580 3470969 8190071 9710371 8190969 9710006 8190071 1031010 2760371 7790741 2760964 3700205 730580 8870580 3470200 3470580 3470414 7790071 7790894 3470969 7790752 730743 9710205 9710205 3470580 9350043 9350580 8870424 2760580 7790752 8190969 9710205 3470752 7980973 730880 730770 4630200 3730646 730580 8870580 8870580 9040580 3731023 4630200 1760973 7090973 3470414 3470200 7790857 7090973 7790857 7790857 8870580 7790964 2760371
3700969 730870 3730004 7090973 5231023 3470857 8870580 9710422 5231023 2760928 2760924 2760371 2760924 9710414 2760371 2760371 8870043 3470043 8870772 7790857 8870580 8870580 2760752 730743 2760071 7790857 9710920 3700969 3700205 8190913 8190519 3700519 3470205 7790894 3700519 9040580 8870043 3950043 3950043 7090973 3950043
9710580 730071 2760770 7790888 2760071 7790888 7790857 9710422 730519 7090973 2760743 2760580 7790580 7790752 2760770 9710205 730770 8190752 3470519 9710969 730870 2760928 7790519 7790857 3470200 3470043 730880 2760743 7790841 7790841 2760071 2760741 730043 730560 730043 9710414 8870580 3470205 7790519 7790741 910928 910928 910928 910928 910928 910928 910928 7090973 730071 2760371 2760888 7790519 730870 730743 2760743 2760743 4720857 3470857 9710006 730371 730743 2760071 2760071 7790964 2760770 7790519 2760964 2760580
3950043 8190741 5370043 7790071 7790857 8190646 8711023 9711023 8190765 8190071 5370043 2760043 2760770 8870772 3730004 8190371 2760770 8190646 8190770 730646 2760924 7790371 3700770 3470857 7790741 7790964 7790200 2760964 9710770 9710920 8190888 8190071 7090973 7090973 8190646 8190741 2760741 3470205 7980973 8190519 8190888 8190888 3470857 9710414 3470857 9710752 7090973 8190770 3730004 3730004 8190071 9710857 8190770 2760752 2760752 9710741 9710414 2760371 2760924 9711023 9350741 3470200 9710752 9710741 9710741 9710752 9710414 5231023 3470200 8190770 9710006 8190770 7790857 7980973 1760973 9710519 9710920 8711023 3471023 9710071 2760071 2760071 7790752 2760743 8190071 8190888 3470519 3470414 8190969 8711023 3470205 7090973 3471023 2760964 8190519 7530857 7790888 3470200 3470205
3471023 3470580 3470580 8870580 5370841 9710519 9710371 3731010 3731023 3730646 8190752 8190519 7980973 2760741 730969 9350646 3731023 4630200 8190043 3950043 8870580 8870580 3950043 9350580 9350580 7980973 9350580 9350646 9350043 730870 9350580 9350646 730646 3700770 3700770 3700770 3700770 8190646 9350043 2760752 3470752 9710770 3470519 3470519 3730519 3730241 2760741 9710864 2760741 9350580 8870580 730741 3470969 2370973 7980973 8190937 8190969 9710969 9350043 5370043 1760973 1031010 1030282 2370973 1031010 1031010 9710519 2760743 2760743 5370043 3700770 9710770 2760743 8190519
730519 2760741 7790580 2760928 7790200 2760371 730043 2760043 730043 730043 2760928 2760043 2760043 2760043 2760043 2760741 5370200 730371 2760928 9350580 730969 9350580 8190043 8190371 8190043 3730004 3730004 3730004 2760888 3730004 3730004 3730004 1760973 8190519 2760043 8190646 8190519 8190646 8870580 3700519 3700519 730928 2760580 2760770 7790964 8190888 3730646 3730004 3730004 3730004 3730004 4630200 1760973 1760973 1760973 8871007 5370841 8871007 8190741 3250857 9040580 8190913 8190913 8190969 4720857 730743 8190043 5370043 1760973 3731023 3730004 1760973 3730004 1760973 1760973 3730004 9710071 5231023 730580 730560 8871007 8871007 9350646 9350646 730371 730870 2760371 9350646 8190519 730870 7980973 7980973 7980973 2760752 8190942 8870043 8870580 1760973 8190646 9710071 9710519 3950371 7790071 7790857 3470043 730043 730928 730519 730519 730519 3700580 730580 730580 8870580 730580 730646 8190043 2760580 7980973 7980973 2760580
9710864 8190071 730071 9710864 3700519 7790580 3470580 2760580 2760888 2760071 2760580 2760580 3470580 2760580 2760752 730580 2760580 2760580 3470580 2760580 7790519 9710205 2760580 9710006 7790888 2760964 2760371 2760371 2760924 2760371 9710371 8870580 8870424 2760928 3700519 7790519 7090973 7090973 3470043 8870424 3700580
3470205 2760043 730743 2760071 8190646 2760371 2760741 8190560 2760743 2760580 2760580 9040580 2760043 2760043 7790841 1760973 2760770 2760580 2760770 2760770 7790519 2760580 7790580 7790580 2760741 2760741 2760071 7790519 2760964 7790894 7790964 2760580 2760741 7790580 7090973 8870043 730580 730043 5370200 8190560 3471023 3470414 8190371 8190371 8190519 7790841 3470519 7790841 8190560 3730004 7090973 7090973 7090973 7090973 8870772 730646 7790841 8190043 7790857 7090973 3730646 7090973 7090973 7090973 7090973 7090973 7090973 730560 3470414
730560 2760928 7790888 7790743 730969 730741 730880 730969 8190560 1760973 8190560 7090973 8190741 2760928 2760928 5370841 8870544 5370043 8870043 730519 2760928 2760743 2760071 2760743 3470519 3470752 2760928 9710519 730741 2760743 3700519 2760743 7790888 5370043 730969 3950371 3470857 3470857 3470857 3470857 5370043 5370043 1030638 3730004 9710422 8190560 2760743 2760741 7790964 8870580 9040580 2760580 2760964 7790580 9710969 3470969 3700969 730969 2760741 9710770 3470752 3700770 7980973 730741 3730601 7980973 9710580 2760888 8190043 2760071 2760580 7790371 7790857 8190741 730770 2760580 2760752 2760770 2760580 7790580 2760964 2760924 730519
7790371 2760371 2760371 2760928 2760371 2760371 730560 2760743 2760743 730071 2760752 730371 2760888 2760371 730646 730371 8190071 8190743 2760888 2760743 730928 730928 730519 2760371 2760743 2760928 7980973 7980973 2760888 8190371 2760371 2760371 2760964 730743 2760888 2760928 9710422 8870544 8870580 2760928 2760928 8870544 3470200 8190371 3250857 3470857 7790964 9710920 2760888 7790964 730646 730071 730969 730969 2760964 9710969 2760743 730743 730560 2760888 2760743 2760741 2760924 9710519 3700519 8190519 2760743 2760741 730743 9350043 8190969 7790888 3700580 730743 3470969 2760924 9710741 2760964 2760924 2760924 2760964 2760770 2760752 7790200 9710969 9710770 2760752 2760928 2760964 9710205 7790519 7790743 2760043
9350646 3950043 8190519 7790857 5370841 8870580 7790857 7790857 5370841 8190560 3950043 9350043 9350043 5370043 5370043 8190646 8190519 8190969 8190519 3950043 8190646 1760973 8190043 8190519 8190646 8190043 8190743 3730241 730580 730743 730043 8870772 730043 730043 8190519 1760973 7790519 730770 7790857 8190519 8190519 3731002 1760973 4630200 3950371 3730646 1760973 1760973 8190646 730646 730870 2760928 730870 730870 730870 4720857 7790857 7790371 7790857 7790741 7790371 7790913 7790741 7790913 7790841 7790913 7790741 7980973 8790857 8190371 8190071 3700519 3700580 2760928 3700580 3730241 5370043 3730241 7980973 8870580 730969 7530857 2760964 2760071 2760888 2760071 5231023 2760924 9710205 8190043 7790964 2760888 8190519 8190743 3730004 1760973 8190942 1760973 7790857 7790752 2760924 2760770 2760924 8190888 8190043 2760752 730743 5370841 8190770 3730241 3730004 3731023 3730004
9710371 7790743 7790913 9710580 730043 7790580 7790580 3471023 730519 730071 7790200 3470043 7790743 7790743 9710969 730741 730928 8871007 8870772 730043 730580 730580 730770 730741 7790841 730928 3470519 3730004 3730004 3730004 8870580 7790580 7790580 7790841 730928 9040580 8870043 8870043 8870043 730741 730043 730043 7790857 7790857 730969 730043 7790580 8870043 2760043 3470580 2760071 2760580 5231023 730371 8870772 2760043 7790741 3470969 730880 730880 9710580 730928 730969 730519 730969 8190888
3250857 3700205 8190043 9350043 9350580 5370043 2760928 730043 730043 9350580 5370200 7980973 8190937 5370043 9350043 730580 2760924 9350580 9350580 730928 9350580 9350741 7980973 7980973 730928 9710752 730770 2760371 730928 2760752 730770 730770 9350580 730580 2760043 2760888 730580 2760580 730519 730928 8870772 7980973 8190770 7980973 5370043 8870043 9350646 3730241 2760043 730743 5231023 9710864 730880 9710422 2760752 2760743 7790519 8870424 7980973 730770 8190752 9710770 9710864 2760071 2760752 2760043 7790841 7790200 8190770 6760857 3730004 3730004 9350741 8190969 3730241 3730241 3730241 8190043 7790857 7790857 7790857 3950043 7790857 5370841 9710371 2760743 7790743 730969 2760580 5370043 7790841 7790200 7790580 7790841 7790580 7790913 7790913 7790580 7790913 7790580 7790752 7790580 7790580 7790580 7790580 7790580 7790580 7790841 7790580 7790752 7790580 7790841 7790580 7790841 3730004 3730004 1760973 1760973 1760973 1760973 8190071 8190888 8190071 7790857 7790857 7790580 7790741 7790913 1760973 3731010 7090973 3731010 7090973 7090973 7090973 7090973 8190363 7790841 7790857 2760371 3470043 7790752 3470414 3471023 7790752 7790752
2760928 7790841 7790071 8870772 3470857 8190888 2760071 7790894 9711023 3470414 5231023 2760371 8790857 8190743 9350043 8190752 5370043 9350580 9350043 2760741 8190752 7980973 2760371 3470200 8190752 2760924 9350741 9710864 9710006 1760973 8190371 8190371 7790857 5370841 4880973 7980973 8790857 2760752 7790964 7790741 3470043 7790964 8190752 7790371 3470043 730043 7790857 7790200 7790580 8190519 2760580 3470519 9710519 7790752 7790913 7090973 7090973 7090973 3950964 3470414 3470969 9710371 9710371 730580 7790519 2760741 9710414 9710741 9040580 9710414 730043 2760043 3470043 9710580 8870580 3731002 730741 730770 730580 9710580 3700580 9040580 7790964 2760071 730043 2760752 2760770 2760770 7790519 7790841 8190519 8190888
7790841 2760924 2760741 2760371 2760371 2760770 2760770 2760043 7790964 7790841 2760752 730741 8190560 9710580 730560 2760741 730560 730560 7790857 2760741 2760071 3700969 3700969 3470580 3470200 3470205 9710864 9710422 9710205 8190071 9710371 2760924 7790741 3950371 7790371 3470969 3470752 2760752 2760071 7790071 7790071 7790894 1031010 3700519 730741
9710519 730371 8870580 730580 9710371 2760580 730043 730043 1030638 8870580 9710580 3470580 2760770 2760580 730580 730071 9710580 8870580 9710580 9710920 730969 730741 7790580 7790580 9040580 3470580 730071 2760741 730519 2760924 2760741 8711023 730043 2760964 2760580 7790580 9350741 2760371 9710580 730770 730770 730560 730741 730371 730880 2760743 7790580 2760924 3950371 9710864 8870043 2760924 8870043 8870544 8870580 8870580 2760580 3470580 3470580 3470200 3470519 3470969 3470519 7790841 3470200 2760770 9710205 9710519 9710422 9710205 9710519 5231023 730870 730770 8711023 8711023 2760371 2760928 9710969 2760928 2760043 2760928 3700969 3700969 9350580
3470969 730071 730580 3470580 9040580 7790964 3950964 9710422 730743 9710519 3730004 7090973 7790371 9711023 2760043 9710864 8190043 8190363 8190371 8871007 3470580 3471023 7790743 7790743 9710770 2760752 9710920 9350580 9710580 2760743 730560 2760924 3470519 7790741 7790743 8190969 8190363 3730004 6760857 8190371 9710752 3470200 2760770 2760770 9710752 2760580 8190937 3730646 2760770 9710205 2760752 2760371 9710422 8190071 8190937 8870580 3470200 9040580 7790580 8190519 7790841 9040580 8870580 8190770 7790752 2760770 8870580 730928 730071 5231023 9710422 3730004 8190371 8190043 8190071 8190519 2760741 9710864 730880 7790741 7790841 3730004 3730004 8190043 3470414 5231023 9350043 7980973 730770 730870 7790580 2760770 8190071 7530857 3470969 7790519 2760924 3470969 2760071 730071 9710371 3730004
3700770 2760770 2760741 7790200 9710414 3700580 3470752 9710752 7790752 3700770 9710770 2760928 7790580 2760770 9710519 3700770 7790752 2760770 9710519 3470752 9710770 9710752 2760770 2760770 2760770 8870043 2760580 9711023 7790580 7790752 2760752 3700770 9040580 7790752 730519 2760770 2760741 2760770 9710519 2760741 9710752 8711023 9710580 9710752 9710752 9710770 3470752 9710422 3470752 8190646 8190770 8190752 9710857 3250857 4720857 4720857 4720857 3471023 4720857 4720857 8190752 7530857 8871007 8871007 8711023 9710864 2760924 8711023 9710857 9710857 730743 9710422 9710580 9710580 9710580 9710857
7790841 3730004 3730004 8190770 9710857 9710857 9710422 8870580 7790888 3700205 8190560 7790743 7790841 2760964 2760743 2760743 8870043 730043 7790894 7790841 8870580 2760580 2760928 3470752 7790857 730870 2760752 730770 9710770 2760743 2760071 730770 2760043 2760743 7790964 7790964 8870043 8870580 730969 730969 7790519 730870 2760928 7790071 7790857 7090973 7090973 7090973
2760071 2760071 3470519 7790071 730560 730880 2760888 3470519 2760928 3470519 8190519 6760857 3730004 3730004 8190743 9710580 730928 7790752 3700519 3700519 9710519 8190743 2760043 2760043 7980973 3730004 3730004 1760973 3730004 3730765 3730004 2760928 6760601 2760752 9710519 3470200 730560 9710422 2760580 7790964 7790894 730071 730969 730646 7090973 3730004 7090973 2760580 7090973 7090973 3470857 1760973 1760973 7090973 8190888 8190888 8190913 2760752 3700770 7090973 7090973 7090973 3730004 3730004 3730004 8190363 7090973
7790071 9710371 7790752 7790888 7790888 7790071 7790519 7790519 2760043 3470519 7790894 7790888 4720857 8190752 9710920 7790071 7790071 7790743 7790894 7790741 2760928 9711023 8870580 730969 2760043 730560 9710920 9710580 8870580 2760964 9710519 3470205 3470519 8870043 8871007 730043 2760964 8870580 9040580 7790743 7790894 7790857 7790857 7790964 3700969 730580 730580 730770 730371 730969 7090973 8190969 730580 2760580 2760752 3470580 2760371
3950371 9711023 8190371 3470857 8190741 9710857 7790857 7790857 9710752 7090973 3470200 3730004 9710752 9350741 3470205 8190363 7090973 8190913 8190371 8190071 9710857 8190741 8190913 3470857 3470200 3470200 8190969 8190646 9710969 8190888 3470200 8190770 8190043 3730004 3730004 9710422 2760752 3470580 2760743 8190519 730741 9710580 730743 8190743 730741 8190371 5231023 9710864 8190071 9710857 9710857 9710741 9710741 9710422 9710741 9710857 8190071 8190071 7530857 5231023 9710371 9710741 3470200 3700770 9710414 9710414 3470857 9710857 9710857 8190371 9710770 8711023 9710770 9711023 3470200 8190071 4720857 3470200 7790752 2760371 9710752 9710422 9350741 9710371 9710422 8790857 3470857 3470857 8190071 7980973 3730200 730741 8190741 8190519 8871007 7530857 7790857 7790857 8870544 7790841 3470200 3471023 7790857 8190519 8190743 8190363 9350043 8870772 8870043 8870043 3950964 7790200 7790741 7790857 2760043 7790894 7790964 2760043 3700770 8190071 9710752 3470752 9710519 3470752 1760973 3730519 8190743 8190071 8190519 3470519 3700580 9710071 9710752 9710920
730770 2760743 3470580 9710920 3470580 7790888 7790743 9710414 8190770 8190741 9710071 3470857 8190770 4630200 1760973 7790200 7790743 5231023 9710857 7530857 9710371 9710770 3471023 9710920 1760973 1760973 2760752 7790580 3470043 7090973 1760973 9710857 8190371 8190770 8190363 3470752 9710770 3730200 3730519 8190743 9710770 3731023 3730004 2760752 8711023 9710857 3470580 2760964 7790752 8190071 9710371 3470414 9710371 3470752 7790888 9711023 3470580 8190371 9350043 8190913 9350646 8870043 730043 3470043 7790857 7790200 7790841 9710864 8190741 9710752 8870043 8870544 7790913 9710371 9710857 1031010 1760973 8190741 3470857 7790743 7790964 7790371 3470580 9710864 9710770 3470200 8190071 8190888 2760741 3470580 8870424 8190071 2760071 8711023 8190752 5370043 8190770 8190752 8190071 5370043 2760888 8190743 8190743 1031010 3731023 7090973 3730004 7090973 5370043 7790894 7790519 7790857 5370043 5370043 5370043
3470969 8190969 8190752 8190969 8190969 7310646 7980973 8711023 3700969 8190969 9711023 9710969 7790741 3700969 730969 3470200 7790857 8870424 7790857 7790741 730880 9710969 9710857 8190741 3470200 8870043 9710414 2760924 7790752 9710371 8190519 9710371 9350741 9710969 9710422 2760752 9710205 9711023 7790371 9710371 9710371 9710371 9710371 9350741 9710857 3250857 7790071 7790371 3470969 730646 3470200 8871007 730071 9350741 730743 7790580 8870043 8190942 8870043 7790857 8871007 8870424 7790371 8870043 9350580 730741 9710519 8870544 9711023 7790741 8190741 8190913 8190942 4720857 3250857 7790857 8870580 7790371 8870580 7790580 730880 2760580 8870580 730560 7790580 8870580 8190770 8870580 8870580 730741 8870580 8870580 8870580 8870580 8870580 8870580 8870580 8870580 8870580 7790580 8870424 8870580 730743 2760741 8190741 9350580 8190646 7530857 8190741 3470857 8190913 9350580 8190646 9350741 8190043 8190969 8190770 8870043 9711023 9710857 2760770 7790857 4720857 730870 730770 8190519 8190519 9350580 8190519 8190741 7980973 8711023 8190071 3250857 8870580 8190519 8190752 8190913 7790857 8190371 6760857 8190363 8871007 3700205 8190519
7790857 7790857 7790857 7790857 7790913 9710006 3730004 9350646 730371 2760743 9711023 3730004 7090973 7090973 7090973 7090973 8190770 7790741 3470969 8190969 2760752 2760071 9710741 9710741 2760924 9710414 3470043 9710422 7790071 3470043 8190043 2760741 3470200 3470043 3470205 3470205 3730004 3730004 3470200 3470205 7530857 9711023 9710864 2760071 730560 7790371 7790857 3950043 7790857 7790857 7790857 7790857 7790857 7790200 7790580 7790841 8871007 9710422 2760371 3730004 9710857 9710752 8190752 3730004 3730004 1760973 3730004 2760964 8190743 3700205 9710414 9710752 3470200 7090973 9710857 3470857 8190752 2760924 8870580 9710857 8190371 9710741 8190743 9710770 7790580 8190752 2760371 3700969 3731010 7090973 7090973 7090973 7790857 2760770 7790743 2760071 7790371 7790841 7790071 7790200 7790752 7790841 2760743 7790519 7790200 9710422
7790888 7790743 8190752 9710920 7790857 2760752 3470752 8190770 9710414 1031010 8190741 7790200 2760071 2760770 2760770 9710770 7790519 7790841 7790888 3730004 730770 730580 2760071 7790752 3470043 7790888 8190770 7790857 7790741 730969 730969 730969 730928 8870580 8190937 8190752 8190363 8190937 8190043 3950043 8870544 730371 9710857 9350646 8190969 730519 8870580 3731002 8190646 8190519 5370043 2760043 7980973 730770 9710752 7980973 730043 3730519 730071 730043 7980973 730969 9350741 9711023 9350043 9350580 3731002 7980973 7980973 9350741 9350741 7980973 3250857 7790200 7790857 9350580 3700580 7980973 5370841 5370043 2760043 8190770 730519 3250857 8190752 9350043 3731002 730580 2760752 8190743 3250857 8190752 8190770 730770
8870043 7790371 7790841 7790857 7790857 3470969 8871007 8870043 7790857 8190043 3950043 8190560 7790894 7790857 7790743 7790964 7790857 7790964 5231023 9710580 3250857 7790964 7790743 9040580 3470200 2760964 9040580 7790752 3470580 8190519 7790894 7790519 7790519 7790519 3700580 4720857 3700580 3730646 3730004 3700580 8870580 3700580 8870580 8870580 7790964 4720857 7790743 9710371 8871007 7790913 9710371 3470519 5370043 2760928 7790200 8870043 3950043 2760043 2760371 2760043 7790841 2760741 7790894 3470043 730770 3731010 8190741 3470857 9710752 8190770 7090973 7090973 7090973 7090973 8190646 8190969 2760071 8190043 3470043 3470043 8870043 3470205 3470519 9710752 8871007
7790743 7790371 7790580 8870580 9710741 9710969 9710969 7790841 7790841 3700519 9710519 2760924 5231023 2760741 9710371 9350043 730043 730043 2760924 730580 730741 2760043 3470752 8870043 910928 730870 730043 730741 730043 730071 2760043 2760043 2760043 7790841 9710741 9710741 2760743 2760888 3950964 7790894 7790894 2760752 730519 8870043 7790200 8870580 8870424 8870043 7790371 7790913 3470580 7790741 8870580 730880 730928 8870580 9350741 730928 730371 730928 730870 9350580 730741 8870580 8870580 8870580 8870043 730646 7090973 8190363 730741 9710741 8870580 7790580 9040580 7790071 7790752 7790913 7790841 1760973 7090973 730928 730741 3730004 7090973 8190363 8870580 730770 730646 7790752 7790371 3700519 7790888 8190363 4630200 7090973 7090973 3470857 3731002 3730004 7090973 7090973 7090973 8190770 8870043 730928 7790580 3470043 7790071 2760071 7790071 3700969 3700969 3700969
8190371 9040580 2760043 7790743 7790741 3470043 8190888 7090973 7090973 7090973 7790841 7790841 2760071 2760928 730580 730580 730580 730928 730646 7790841 7090973 7090973 7090973 7790857 8870043 5370043 7790741 7790752 2760580 730928 2760043 730870 730770 730371 730371 9350580 730870 2760580 2760928 730560 2760924 2760371 730371 2760924 730928 2760743 2760741 2760743 9710864 2760580 3470043 2760770 2760580 7790743 2760770 2760580 3470043 3700519 9710920 3950043 3950043 730928 730770 730371 730741 730741 730371 9350580 730928 730043 730371 730880 730371 730043 2760928 2760071 7790841 9710580 8870580 8870043 8870580 9710519 9711023 7790888 2760770 7790371 3470519 3470519
7790752 7980973 7980973 3731002 7980973 7980973 8190969 3950043 7790857 3700770 9710422 9710422 8870043 730870 9710920 3950964 8190741 2760888 8190071 8190071 3470200 8190741 2760770 9710205 9710422 9350580 2760071 3471023 9710371 9710371 9710371 9710864 7790371 7790857 8190888 7790071 3470200 9710519 3470414 9710857 7790888 3470857 3470857 3470857 9710770 5231023 9710205 9710770 4720857 8190743 3470200 8190363 9710857 3470752 9710770 8190752 3470857 7790071 8190743 8190071 8190743 3730004 3731002 3730004 8190560 7090973 8190888 8190071 8190071 8190888 8190071 3471023 3470857 7090973 8190519 3470857 8190743 8190071 8190770 3470969 3470580 7790857 3950964 8190646 7790857 7790857 3950043 7790857
8871007 730743 730071 8871007 9711023 9710205 8190743 3730004 7980973 7790888 8190743 9711023 9710920 8190888 9710920 9710770 9710741 9710006 9710580 9710864 9040580 9710920 8190888 3470414 9710770 9710414 9710414 9710422 3950371 9710741 9710071 3470414 7090973 7790857 9710741 3470969 3470205 3700205 3470205 3470857 9710422 3950371 3730004 3471023 9711023 7090973 9710071 2760071 9710071 8711023 9710371 9710857 7090973 3950964 3950964 2760371 3731010 1760973 3730004 3730004 7090973 2760770 3730646 8190519 5370043 730928 2760071 2760043 7790580 7980973
730560 9710422 3470414 3470200 9710422 7790857 8190519 8190560 8190519 7790857 730741 2760928 7790580 3470200 7790857 8190371 8190363 3700519 9710414 9710414 9710741 7790580 730580 730880 730741 9710920 9710422 9710006 7790743 2760741 9711023 9710752 3470752 2760752 7790580 3731010 8190888 7090973 8190743 8190071 8871007 730743 3730004 3730004 3730004 8190752 9710519 3700969 7790888 2760580 8190071 730928 9350580 9350580 730580 3470580 730580 730043 730928 730043 8190371 730928 3730004
7790857 7790857 3950043 7790857 7790857 3950043 7790857 7980973 8190043 2760770 2760071 7790857 7790743 7790743 7790519 7790888 7790894 3470857 2760770 2760770 8190646 3470043 7790894 8190743 9350580 5370043 730371 9710371 8870580 9040580 8190770 8190913 9710969 8870580 7790964 3470857 2760371 2760741 2760043 9710741 8190071 730928 730928 730743 7310646 7310646 3731002 3700580 4720857 8190560 5370043 7790200 7790200 7790913 9710580 3730004 3730004 7090973 7090973 7090973 7090973 8190741 730743 5231023 3730004 3730004 7090973 3730004 8190770 3700205 3470519 2760741 2760770 9710422 7790371 9710580 5370043 5370043 7790857 7790857 7790857 7790857 7790913 730071 8190043 9710770 9710770 7790752 5231023 7790371 7790964 7790964 7790743
7790964 7790888 730743 7790580 8190752 3730004 7790580 7790888 3470414 9710580 8190888 7790857 7790519 7090973 8190043 5370043 8190519 8711023 8190071 8190888 730928 8870544 8871007 3700519 8190942 3700969 3470857 3470519 3700519 3730004 3730004 3730004 7090973 8190770 8190770 7090973 730560 730560 8190770 730519 4720857 7090973 8190969 8871007 730646 730880 7790580 7090973 3730004 3730004 7090973 730770 8871007 730519 730580 8870580 2760580 2760752 7790913 3950371 8870043 7790894 730880 3700770 7790580 9040580 3470752 730580 730580 3730004 8190043 3700205 3470969 3470857 3470580 3470580 9710580 7790752 2760580 730560 730646 8190560 3470200 7790071 3731010 3731010 3731010 7090973 8190888 3950964 8190071 8190741 3730004 8190646 9710414 8190770 8190646 8190071 3470969 7790964 2760924 3470519 7790071 7790741 9710519 7090973 2760580 3470969 7090973
7790752 8711023 7790519 7790519 7790580 7790580 7790580 7790580 7790857 4720857 7790857 9040580 3470752 7790752 7790580 2760580 3470580 3700580 730928 7790752 7790580 7790580 7790841 7790964 7790913 3470519 730741 7790913 7790580 7790071 9710920 7090973 7790857 7790888 7790841 7790913 7090973 7090973 8870580 730580 730580 2760371 7790580 8871007 730880 7790857 9710864 7790857 3950371 8711023 7790743 8870043 7790519 2760928 7790913 7790071 3950964 730519 8870580 2760924 3470969 7790857 7790200 7790580 7790857 7790741 7090973 3950371 7790371 3700969 730928 730928 8870544 8870580 7090973 7090973 7090973 7090973 4720857 8190071 730519 8870580 9710920 8870580 2760043 2760043 2760043 2760043 2760580 7790580 7090973 7090973 7090973 2760752 3700969 3471023 730928 730770 730928 730741 730646 9710414
3470043 3470580 8190942 2760580 8870043 8870043 7790894 9350043 3700580 9350580 3700580 2760043 5370043 8190913 7790857 7790857 9711023 8190071 2760743 8870043 7790743 2760043 7790743 730880 730646 9040580 3700205 7790857 730560 7790841 9710969 9710741 9710920 9710920 2760888 8190770 8190519 8870043 7790894 7790857 8190560 7790857 7790580 7790857 8190043 8190913 7790857 7790913 8871007 730646 8871007 5370043 7790200 7790519 7090973 730741 9040580 9710864 8190043 9710864 7790741 2760924 7790519 3471023 730043 8870043 7790913 2760924 8190519 3700770 8190043 7790071 7790894 8870772 730519 9710422 3470580 9040580
9350646 8870580 7790888 8870772 8870772 7790071 8870772 7790964 7790519 2760071 7790964 2760928 2760043 9711023 3470200 2760924 9350580 730580 730580 8870580 8870580 2760371 8190371 8870544 730560 7790371 2760928 2760043 7790964 9350043 7790913 7790894 7790913 7790913 9350646 5370043 5370043 7790857 7790857 7790888 7790964 730646 8190969 910928 3700519 730646 7790743 7790913 730969 9710371 730519 730519 7790580 7790371 9350741 730519 8870772 730580 7790580 730770 8870772 730928 3700519 8871007 7790200 7790200 3700580 5370043 730646 730928 730580 7790580 3470580 730646 7790580 8870580 730928 730928 7790200 8870580 730928 730646 7790580 7790913 7790580 7790913 7790200
7790857 7790071 3470043 3470043 9710920 8190560 8190770 9710770 2760371 2760043 2760043 2760924 2760043 7790371 7790888 7090973 7090973 7090973 8870772 2760924 730880 7790371 2760580 730928 730870 2760071 3700519 730928 2760888 2760924 7790888 7790964 7790888 7790888 2760580 2760752 2760964 2760888 7790888 730371 8870772 730646 730880 730870 7790894 7790580 7790752 730870 730043 8870580 2760580 730043 7790580 7790371 7790741 2760371 730071 2760371 7790964 2760043 2760580 2760043 7790913 730969 8190371 8190969 8190913 3471023 7790857 2760888 2760924 7790741 7790071 2760741 2760888 2760043 2760580 2760743 7790743 7790743 2760371 730071
8190646 7790580 7790371 2760924 2760741 2760741 2760071 4720857 7790743 9040580 3950964 7790857 2760043 2760043 2760752 7790964 3470200 2760071 2760752 7790071 2760928 2760071 7090973 7090973 8190969 7090973 7090973 7090973 3470857 730580 8870580 730560 9710864 7790580 9040580 7090973 7090973 7090973 7090973 2760924 730071 9710920 9710920 7090973 4720857 730580 8870580 7790580 8870580 3950371 9350580 2760043 2760580 7790857 7790857 3730004 7090973 8190371 730560 1760973 1760973 1760973 3700969 9710741 730870 730071 7790200 7790857 7790200 7790752 3470752 9350646 7090973 7090973 2760043 3470580 3700969 8190969 8190888 7090973 7090973 7090973 9040580 7790580 7090973 7090973 7090973 7090973 7090973 7090973 7090973 730580 2760043 8870043 7790741 7790857 7790857 730870 730580 730870 730870 730870 730043 730646 730043 8870580 730870 4720857
7790580 8870580 7790857 730928 7790857 730928 730519 730870 5370043 730928 730928 8190519 7790857 7790857 730928 7790857 8870580 2760580 730580 7790857 8190043 8870043 7790857 9350043 730741 2760580 2760580 8870580 7790857 8190043 9040580 730928 8190043 7790857 7790200 730741 7790841 9710770 9710770 9710422 730770 3700580 3470580 9040580 9040580 3950964 730646 8870043 730043 2760043 730580 8190071 8190743 7790888 3471023 7790913 7790913 7790913 7790841 3470200 5370043 8190752 7790857 2760741 2760741 9350043 730071 730770 7790200 7790913 7790519 7790913 7790743 7790371 7790913 7790841 3470519 2760752 2760964 2760371 3470519 730870 730870 730870 3730004 7090973 7090973 7090973 7090973 7790857
7790752 3471023 9710920 8871007 8871007 9710920 9710920 8870580 8870580 730043 7790743 7790743 7790964 9711023 7790888 9710071 7790964 7090973 8190888 7090973 9350580 8871007 8870580 8870580 7790888 3950371 7790743 910928 8190741 8190888 7790841 8870580 8870580 2760741 7790888 7790857 7790200 730741 8870580 8870043 3470580 7790580 9710071 9710969 7790071 7790371 2760071 2760770 7790894 2760580 2760964 7790964 3950964 7790894 9711023 8190743 7090973 730928 2760043 730560 2760043 7790913 7790371 3470580 730071 9710519 3700969 7790894 2760043 7790752 7790752 7790741 7790580 7090973 7790580 2760043 7790371 7090973 7090973 7090973 7090973 2760580 730043 730043 8870043 730928 730928 2760928 7790857 2760924 9710519 910928 730928 8871007 730580 8870580 8870580 9040580 9040580 8190770
7790964 3470519 7790894 7090973 7090973 7090973 7090973 7790857 2760043 8190043 8190043 7090973 3950964 3470752 8190752 8190071 7090973 4720857 4720857 730870 7790200 7790519 7790519 7790913 2760043 3950043 7790371 3950043 7790857 730043 2760043 730043 730043 8870043 7790741 7790371 8870043 9710422 7790894 7790964 3950964 7790580 7790580 7790071 7790857 730870 730043 3950371 3700969 3950964 9710422 9710920 3950371 8870043 7090973 7090973 7090973 7090973 7090973 7090973 7090973 9710071 3700969 7790580 9350580 730071 9710969 7790580 2760071 2760888 7090973 3470857 2760580 2760043 2760770 3470580 3470580 2760043 9350043 2760043 2760770 9040580 9040580 7790752 7090973 7090973 8190937 730928 910928 2760743 9710071 7790200 2760964 7790519 8870544 2760580 7790580 7090973 7090973 7090973 7090973 7090973 7090973 730770 8870580 730580 2760043 7790580 7790580 9040580
730870 730870 730870 730870 730870 730870 730880 730880 8870772 7090973 730969 730646 730870 730519 2760580 730870 730519 730928 730646 7790894 3700969 7790913 4720857 7790888 7790913 3471023 7790964 3470580 7790841 2760071 3470519 2760770 2760043 7790894 2760888 2760071 7790519 7790743 9710864 3700770 8870580 7790580 730646 730880 8870580 7790580 2760580 7790888 3470519 2760071 7790964 7090973 7090973 7790857 7090973 8870772 8870772 7790519 730043 8190743 5370043 7790200 8870772 2760888 8190743 5370043 9350043 7790200 7790200 2760928 8190043 7090973 910928 8190969 3950043 9350580 8190741 7790580
9710770 8870043 9710770 9710071 730743 3700969 2760964 9710920 8190363 3471023 730743 9350580 9710969 9711023 9710920 8711023 9710071 9710006 730928 9710752 9710920 3470580 9710006 7790857 2760743 5231023 730770 9710920 8190743 730741 3470200 730371 730580 730928 3950964 3470200 9710920 9710422 2760071 2760924 7790200 9710071 9710071 3470043 3700580 8870580 8870580 8190646 8190043 3471023 3470200 2760924 7790857 7790200 7790857 7790888 8190519 2760371 3731023 8190743 3950964 3731002 3730200 3730646 8190770 8190743 8190371 7790741 5370841 9350580 9350043 730743 730741 730969 3470200 7790371 2760071 3470205 3470752 7790743 7790841 7790580 9710414 3470200 7790071 7790071 9710519 3470519
7790964 2760924 3730004 9350580 8870580 730870 730560 5231023 9711023 9710969 2760888 730928 910928 3470200 2760043 730870 8870580 8870580 8190969 2760964 8870424 2760964 7790857 3730004 3730004 9350741 2760371 3470200 2760752 3730200 3730200 3730241 2760743 2760888 2760964 2760071 2760888 2760888 3731002 9710864 3731002 3730004 8190770 3730004 2760743 3731010 3730004 3730004 9710205 2760928 2760964 2760741 2760924 7790071 2760888 7790519 2760964 730870 7790741 730870 2760043 2760964 7980973 9350043 2760043 2760371 2760924 3731010 3731010 8190519 8190752 8190752 730580 730043 3700580 730870 730580 730580 3700580
5370200 1031010 4630200 4630200 1030282 1030282 1030282 8190560 3731002 4880973 1030282 3730241 1030282 8190770 8190937 8190646 8190646 730741 9710741 8190071 4720857 9710864 8190363 730880 3470580 2760371 3700205 2760371 2760043 2760770 8190071 8190770 8190743 8190071 9710422 730770 2760752 9710071 910928 2760964 3470752 2760770 7790752 3470043 8190969 4630200 3470200 7980973 5370200 5370200 3730004 1760973 1030638 1760973 1030282 4630200 3731023 8190743 9710857 9710770 8711023 3730004 3730004 1760973 8190071 5370043 7310646 2760743 2370973 9710741 9710770 3470752 3700205 1030638 4880973 2370973 2760924 3730241 1760973 7790743 7790857 3470043 2760043 3470043 4880973 8190043 8190371 7790888 3470200 2760071 3730646 3950043 3730200
8870580 9350580 8870580 9350580 730580 2760580 7790580 7790071 7790913 7790857 9710422 8870580 8870580 8870580 8870580 9040580 1760973 7790913 8870580 7790200 8870544 8870772 7790857 8870424 8190519 7790913 8871007 8190913 9350580 9350646 8870424 8870424 730071 8870424 8870580 7790857 730969 3730200 3730646 730560 730371 730560 730743 2760580 9710422 8870424 7790200 7790741 7790913 3950964 5370043 730071 2760928 3731023 7980973 3730241 3731002 9350580 7090973 2760580
3470200 730928 7790857 3730004 7090973 9710580 3730004 730928 910928 7090973 7090973 7090973 7090973 7090973 3470857 7790371 8870043 7790580 3700580 3470580 3470414 7090973 7090973 910928 3470519 7790888 7790752 7790371 7790580 7090973 3700580 3700580 730870 730969 730870 730371 8871007 2760743 3470043 8870043 7090973 3470857 9710371 3730004 7090973 3470043 7790857 730371 730969 9710864 7790071 9710414 3470969 7790857 8190913 3470200 8190969 2760580 5231023 9710969 9710205 2760924 7790752 7790741 7790964 7790913 3470200 8190969 7790857 8190560 7790071 9710969 9710969
7790071 3470200 2760888 8190071 3730004 3730004 3730004 3730004 3470857 3730004 3730004 8190043 9710969 8190071 730071 8870043 9710857 3700580 8871007 3700969 3470857 3470857 8190888 2760371 2760371 2760371 730560 3700205 9710969 7790888 730928 2760071 2760580 8190741 2760043 2760043 2760752 7790580 7790580 2760580 8870580 2760741 7790371 2760752 730870 730519 730870 7790841 7090973 7090973 7090973 2760071 2760580 7790894 2760743 2760580 2760580 7790200 2760580 2760580 9710969 7090973 9710969 2760371 9710519 9710519 9710371 3470519 3700519 9710371 9710371 8190071 8190913 8190741 9710864 2760580 8190560 8190937 3700205 3700969 7790071 3470205 7790894 2760580 8190560 7530857 9710414 3470519 2760043 2760580 7790857 2760928 9040580 7790741 9710205 8870544 2760743 2760743 730743 2760741 2760752
8870580 9710422 9710741 8190560 8190071 9710920 8190071 8711023 7790888 2760071 9710920 3950964 8190560 9710857 7790580 7790888 9040580 1760973 9710857 8190560 730880 730880 8870772 7790913 730580 7790894 2760043 3471023 7790580 7790200 2760043 730969 730928 730560 7790841 2760371 2760043 730580 7790580 730371 730560 8870424 730646 2760741 8870772 730580 2760580 3470580 7790371 7790841 7790071 3470043 2760580 2760741 2760580 2760924 7790964 2760752 2760752 7790964 2760752 730880 730646 730928 7790071 3470580 730560 7790894 7790743 7790743 7790841 2760043 7790200 7790200 7790913 7790841 730743 8870043 7790964 9710006 3700205 3700969 3950371 7790894 7790888 730969 2760964 2760964 2760743 730743 8870580 7790580 3700205 730928 730371 8871007 8870043 730580 9710422 7790841
8870580 8190937 8190765
null
8190743 3250857 7790857 7530857 8190765 5370200 2760928 8190363 8190363 7530857 7530857
null
8870544 1031010 1031010 4630200 8190646
null
null
5370043
null
1030638 1030282 1030282 1030638 1030282 1030282 3731023 7980973 1030282 1030638 1030292 1030282 1030282 1030638 1030282 7980973 1030282 1030638 1030282 7980973 1030282 1030282 7980973 5370200 7980973 5370200 5370841
null
7790857 5370200 8870544 7790200 7790913
3950043 1030282 7790200 7790841 730969 8870544 9350404 8870424
3731002 4630200
null
8870544
null
8870544 7790857 8870544
null
7790200 7790841
8190765 8790857 3250857 8190363 8190969 8790857 4720857 9350404 8190363 7980973 8190969 9350765 9350765 7980973 7310601 7310601 7980973 7980973 7980973 1760973 3730646 4630200 6760601 8870424 7530857 8190770 9350646 9350646 8190646 3470200 8790857 3470857 3730404 8190363 5370877 8190765 7530857 7530857 8871007 3730765 8790857 9350043 7530857 7790857 8790857 9350404 8790857 8790857 9350765 7530857
null
730646 8870544 8870544 730646 730928 730646 8870544 8870580
null
null
null
null
9350404 4630200 3730241 7980973 7530857 3250857 7980973
null
null
1030292 1030292 1030292 1030282 4880973 1030292 1031010 1030638 4630200 1030292 1030638 1030292 4880973 4880973 1030292 4880973 1030292 4880973 1030292 1030292
4880973 1030282 7790200
7790857 8870544
null
null
null
null
4720857
null
null
null
null
null
null
null
null
null
null
null
7790857
1030282
null
4720857 8870424 8870544 3950043 8870544 5370200 1031010 1030282 1030638
null
null
null
1030282 1030292 1030638 1030292 1030282 1030282 1030292 1030292 3731023 1030292 1760973 4630200 4630200 4630200 1030282 1030282 8870544 8871007 8190765 3730004 7980973 8190646 4630200 1760973 1760973 3730646 3731023 7980973 7980973 7310646 5370200 730928 8190765 1031010 1030292 1031010 4630200 1030292 1030292 1760973 2370973 1760973 1760973 7790857 4630200 1031010 3731023 1031010 4630200 5370841
1030282
7790200
null
null
null
5370200 7310646 7310646 1030638 3730241 1030282 1030282 1030638 1031010 1030282 1030292 8190071 1030292 4630200 1760973 1030282 5370841 1030638 5370200 1760973 7790841
null
null
7790857
null
8870580
null
8870043 8871007
4630200 1030292 1030292 3731002 7980973 1030292 1030292 1030282 7980973 1030282 1030282 1030282 5370200 1030282
3250857 5370200 3730241 7980973 7310646 3730241 7310646 1760973 5370200 9350580 2370973 7310564 7310646 9350765 7310404 3730241 7310765 7980973 2370973 1030282 2370973 2370973 4880973 4880973 2370973 4880973 4880973 4880973 4880973 4880973 7310564 1030282 9350765 7980973 7980973 5370877 7310601 4880973 4880973 4880973 4880973 4880973 4880973 4880973 2370973 9350404 9350765 5370877 9350404 8790857 9350404 9350404 6760601 5370841 9350765 3730200 2370973 7980973 3731023 7310765 2370973 4880973 4880973 4880973 4880973 2370973 4880973 4880973 2370973 4880973 4880973 7310601 5370200 9350765 1030282 9350404 8190363 7980973 4880973 2370973 1030282 6760601 5370877 8190071 9350765 8190877 7980973 4880973 4880973 4880973 4880973 4880973 4880973 1030638 7310404 9350765 8190765 1760973 1030282 7980973 3730404 9350765 7980973 4880973 4880973 2370973 7310601 4880973 4880973 4880973 4880973 9350404 6760601 8190363 6760404 9350404 6760404 8190829 8190363 6760601 6760404 5370877 8190765 8190765 8190942 8190829 9350765 9350404 6760404 9350404 6760404 8190877 8790857 3730765 8190371 6760404 8190765 8190877 6760404 9350765 8790857 9350404 8190942 8190877 1030282 7980973 7980973 8190829 8190942 8790857 6760601 6760404 5370841 5370877 9350404 8790857 9350404 8790857 5370877 9350404 8790857 8790857 9350765 9350404 5370877 5370877 9350765 6760404 8190877 8190942 8190829 3250857 3730601 8790857 3731002 8190765 9350404 9350404 8190765 3731002 6760601
7310646 6270652 7310404 1760973 7310404 7310765 7980973 9350404 2370973 3731002 2370973 3730200 6760601 3730200 7310765 7310646 2370973 7310601 7310601 7310765 7310601 7310646 7980973 1030282 7310765 3730601 7310646 2370973 3730241 8190829 6760601 6760404 3730519 9350404 9350765 6760601 5370200 3730601 8190829 2370973 5370877 3730765 8790857 7980973 9350646 9350404 7310404 7980973 7310765 6760857 7980973 9350765 5370841 7310404 4880973 7310404 5370200 3730519 7310404 7310601 7310646 9350043 7310646 7310404 7310404 7310765 7310404 7980973 7310765 7310765 9350765 7310564 7310601 9350404 7310765 7310404 7980973 7310646 7310404 9350404 8190043 8190765 6760601 9350765 3731002 9350580 8190765 9350404 5370877 5370877 9350404 6760601 9350765 8190765 6760601 9350765 9350765 5370841 9350404 9350404 7310564 7310564 3250857 7980973 9350765 7980973 8190765 5370877 9350580 3731002 7310646 5370200 1030282 7310646 7310646 4880973 4880973 7980973 6760601 1760973 7310601 1030282 6760404 7310601 4880973 4880973 4880973 4880973 4880973 4880973 7310765 7980973 7310765 7310601 7310601 7310601 8790857 9350765 9350404 7310564 1760973 7310601 9350404 9350404 9350404 8190877 6760404 8190877 5370877 3730765 6760404 9350765 6760404 9350765 3730601
8871007 8790857 6990200 8190765 4880973 3730519 8190942 8790857 6760404 5370877 9350404 8190877 8190877 4880973 7980973 4630200 4880973 7310564 7980973 9350404 7980973 5370877 3730765 6760601 8190829 8190765 8190937 7310404 7310601 8190829 8190363 6760601 9350404 7530857 8190942 3250857 3731002 7980973 1030282 1030638 4880973 4880973 4880973 4880973 4880973 4880973 4880973 4880973 2370973 8190765 3730601 3730241 8790857 4880973 8190829 6760404 8190765 9350765 6760404 7310601 5370200 7310564 7310765 7310601 7310601 9350404 6760404 8190877 8190877 8190765 6990200 8190829 8190877 8190765 8190829 8790857 8190829 6990200 8190829 6990200 8790857 8190877 6990200 8190752 8790857 8190363 8190877 3250857 6990200 8190937 8190371 8190765 6990200 8190877 8790857 8190942 8190942 8190942
8190829 6990200 9350765 3250857 3250857 9350404 6990200 8190829 8190942 8190765 6990200 6990200 7790200 9350404 8790857 8190937 6760404 6990200 8190877 6990200 8190877
3730601 3250857 8190765 8190942 8190942 8790857 8190829 7530857 3250857 8190829 8190937 6760404 8790857 8190363 8790857 8790857 8190829 8190765 8190829 9350741 8790857 8190877 9350765 6760601 8190765 8790857 8790857 8190877 8790857 8190765 8190765 8190942 8190765 8190765 6760404 8790857 8190877 8190877 6990200 9350765 3730601 8190877 6990200 8190877 8790857 8190877 8190371 8190942 2370973 9350765 9350404 3730765 6990200 8190765 3730765 6990200 7530857 8190765 8190942 8190646 3730404 8190829 6990200 6760404 3731002 8190877 8190877 2370973 8790857 6760404 8190829 8190765 8790857 8190765 8190877 8190765 8790857 8790857 8190363 3731002 3250857 3250857 8190765 8790857 8190942 3250857 8790857 6990200 7310564 8190877 8190765 8190877 8190877 3250857 8190765 8190765 2370973 8190829 8190877 8790857 6990200 6760404 8190942 8190942 8190765 8190765 8190829 7310646 6990200 6760404 8190765 8790857 6760601 8190765 3730601 4880973 1030292 8790857 6760601 8190741 7310564 7310765 3731023 6760601 8190765 8190942 3730829 3250857 6990200 8190942 8190765 8790857 3730601 8190942 3250857 8790857 5370877 8190877 6760404 8190765 8190765 8190942 8190363 9350404 6760601 7530857 8190765 8190877 6760404 8790857 8190877 9350404 8190765 8790857 8190765 7530857 8190829 8190942
8190765 9350404 8790857 3250857 3250857 8790857 8190765 8190765 8790857 3250857 8190765 8190877 8190765 3250857 6990200 8190942 8190765 8190913 8790857 8190877 8790857 6760404 8790857 6760404 9350404 8790857 8190877 8190877 7530857 8190877 9350404 6760404 8190765 8790857 6760404 8190829 8190765 7530857 6990200 6990200 4880973 8790857 8190765 8190937 8790857 8190877 3730241 8790857 8190765 8790857 6990200 8190877 8190765 8790857 6990200 6990200 8190829 8190829 8190877 8190877 8190829 8190877 8190877 8790857 8790857 8190877 8190829 8790857 8190765 8190877 8190877 8190829 3730601 3250857 6990200 8190942 6990200 8190942 6990200 9350404 8790857 3250857 8190829 8790857 8790857 8190829 3250857 8190829 3250857 8790857 1030292 8190363 3250857 8790857 9350765 8190877 8190877 8190371 3730404 8790857 3730404 8190765 3250857 8790857 8190877 8190877 8790857 3250857 8190765 8790857 8790857 8190043 8190942 6990200 3250857 8190942 8190829 9350404 5370877 8790857 3730829 7530857 8190765 8190765 8190877 8190937 8190877 8790857 8190765 8190942 8190877 8790857 8190765 8190829 8190829 3250857 8190765 8190765 8190829 6760404 6990200 8190765 6760404 8790857 8190829 4880973 1031010 6760404 8190829 8790857 3250857 8790857 8790857 9350646 7530857 8790857 8190829 8190829 6990200 8190829 8190942 8190829 8190829 7530857 8190877 8790857 8190765 8190765 3250857 8790857 8790857 3730404 8190765 3250857 8190829 6990200 6990200 8190765 8190877 6990200 8790857 7530857 8190877 6990200 8190877 6990200 8190829 8190877 8190765 8190877 8790857 8790857 8190877 8790857 3250857 8190765 8190829 8790857 6990200
8190765 8190877 3250857 8790857 8190646 8790857 8190877 6990200 8190937 7530857 8190937 3250857 8190765 7530857 6990200 7310404 6990200 8190829 8790857 6990200 7530857 8790857 8190829 3250857 8190942 6990200 6990200 8190877 8190765 8190741 8190765 8190877 8790857 8190765 8190877 8190765 8190765 6990200 3250857 3250857 3250857 6990200 9350404 8790857 3730601 9350404 8190942 8790857 8790857 8190877 8190829 8790857 8190942 8790857 8790857 8190937 6990200 8190942 8190765 8190877 8190829 6990200 8190765 6990200 8790857 3250857 8790857 8190752 3730404 8190829 7530857 8190877 6760404 3250857 8790857 8790857 7530857 8190877 3250857 3250857 8190765 6990200 7530857 8790857 8190765 8190765 3730601 8190741 8790857 4720857 8190829 8190829 8190942 6990200 8790857 8190829 3250857 8190877 8190877 8190765 8190363 6990200 8790857 2370973 9350404 3250857 8190765 8190937 3250857 8190829 8190877 6990200 8190937 8790857 3250857 8190877 8790857 8190765 8190877 6990200 8790857 3250857 8190942 8190829 8190877 6990200 6990200 8790857 8190829 3250857 8790857 8190765 8190829 8190765 8190765 8790857 8190765 8190765 6990200 8190877 5370877 8790857 8190765 8790857 3250857 8190877 7530857 8790857 8190877 8790857 8190829 8190877 6990200 6990200 6990200 8190942 8790857
8190877 3250857 8790857 8790857 8190877 8190942 8790857 8790857 8790857 8190829 8190829 8190765 9350765 8190363 4720857 8790857 8190765 8790857 8190829 3250857 8790857 8190877 6990200 7530857 8190829 8190829 6760857 6760404 8190877 3250857 8190877 9350404 8790857 8190829 6990200 5370877 8190877 3250857 8190877 8190877 8190877 7530857 8790857 8190942 8190829 3250857 8790857 3250857 8190765 8190765 8190829 7530857 3250857 8190829 6990200 8790857 9350646 8190877 8190877 8190765 8790857 8190877 6990200 8790857 8190363 8190877 8190765 8190877 6990200 9350765 6990200 8190765 6990200 6990200 8790857 8190765 9350404 8790857 8790857 3250857 7530857 8190942 8790857 3250857 8190765 8190942 6990200 6990200 6990200 3250857 8190877 8190765 6990200 8190877 8190765 8790857 8190942 3250857 8790857 6990200 8790857 2370973 8190765 3250857 8190765 8190765 3250857 6990200 8790857 8190829 8190560 8190765 8790857 8190765 8190877 6990200 6990200 8190765 8790857 3250857 8790857 8790857 6990200 8190765 8190765 3250857 8190765 8190363 9350646 6990200 8190877 8190942 8190829 8190877 7530857 8190646 8790857 8790857 7530857 6990200 8190765 8790857 8790857 8190877 6990200 8790857 6990200 8190937 6990200 6760404
8190877 3250857 8190752 8190942 6990200 8190765 8790857 8190829 3250857 8190829 7530857 8190877 8790857 3250857 3250857 8190765 3250857 8790857 3250857 8790857 8190829 8190937 3730829 8190071 8790857 7530857 8190765 3250857 8790857 6990200 8790857 3250857 3250857 3250857 7530857 8190765 8790857 8790857 6990200 8190765 3250857 8190829 8190829 8790857 8190829 8190765 6990200 8790857 8790857 8790857 8790857 8790857 3250857 6990200 8190765 8790857 8190765 5370841 3250857 8790857 8190877 3250857 6990200 8190765 8790857 6990200 9350404 6990200 3250857 7530857 8190765 8190829 6990200 7530857 3250857 8190765 8190829 3250857 6760404 8790857 8190829 8190363 8190765 8790857 6990200 8190829 7530857 8790857 6990200 8190829 6990200 8190829 8190829 6990200 8190765 8790857 8190877 8190765 8190877 8790857 8790857 3950371 7530857 8190829 7530857 3250857 730519 8190765 8190765 6990200 8790857 8190877 8790857 8190877 6760404 8190877 6990200 8790857 7530857 8790857 6760404 8790857 8790857 6990200 8190829 8190741 8190877 3250857 8190829 6990200 3250857 8790857 6990200 8790857 6990200 8190765 8190877 8190765 8190877 8790857 8790857 8190877 8190363 6990200 3250857 3950371 3950371 3730404 3730829 3250857
8190877 6990200 6990200 6990200 8190942 6990200 8790857 8190765 8190877 6990200 8790857 6990200 6990200 6990200
7980973 8790857 8790857 8790857 6990200 8790857 6760404 6990200 8790857 6990200 6990200 6990200 8190829 6990200 8790857 6990200 3470200 6990200 8190942 6990200
6990200 6990200 8790857 8190877 8790857 3730765 9350404 8790857 6760601 9350765 6990200 3730829 8190829 8190363 3250857 6760601 7530857 6760404 8190363 6990200
8190942 7310646 4880973 7980973 7310646 7310404 7980973 7980973 7980973 3730519 5370877 1760973 5370877 7980973 3730241 3730404 3730829 7310564 6760601 6760857 6760404 7980973 3730765 7980973 6760857 3730004 1030282 3731002 3731002 3730404 6760857 6760601 6760601 7980973 3731002 6760857 6760404 7310564 3730241 3730601 3731002 7980973 3730004 3731002 7980973 1760973 6760857 7980973 7980973 3730765 6760857 7980973 9350765 7980973 7980973 3730829 7980973 7980973 3731002 7980973 7310601 6760857 7980973 8790857 3730601 3730404 7310646 8190877 7980973 7310765 9350580 9350404 8190743 7310646 3730829 3730601 3730601 9350765 9350404 7310646 9350404 7980973 3730519 8190942 3730601 6760601 9350765 7980973 8190829 6760857 6760601 7980973 3730601 9350765 9350765 5370200 3730646 3731002 9350404 5370877 6760404 7980973 7980973 5370877 7980973 9350765 3730241 6760601 3730765 3730829 8190363 9350580 3730004 6760601 8190829 3731002 7980973 3731002 7310646 3730765 7980973 9350646 3731002 7310646 7980973 3730829 9350404 3730829 9350765 8190942 9350765 6760404 7980973 4630200 9350765 7980973 8190752 3731002 9350765 9350765 3731002 5370841 3731002 9350765 6760857 9350765 7980973 9350404 7980973 3731002 6760404 3731002 9350404 3730404 3731002 6760601 3731002 3730404 7980973 8190942 3730765 6760857 3731002 3730601 5370877 3730765 7980973 7980973 8190765 8190877 6760404 6760601 3730004 7310646 3730241 3730765 6760601
3250857 8190877 8790857 8190765 8190877 8190765 3730404 7530857 8190877 8790857 3950371 3250857 8790857 8190765 8190877 8190765 8790857 8190877 3250857 8190765 8190765 8190765 8190829 3250857 8190765 8190765 8190942 8790857 8190765 3470857 3250857 8190829 7530857 8790857 8190765 3730404 8190765 3730646 8190765 1760973 3730404 2370973 7310601 4880973 4880973 7310564 4880973 7310646 4880973 4880973 7310404 2370973 7310765 2370973 2370973 2370973 4880973 7980973 7310404 7310646 2370973 3731023 7310765 7980973 1030282 2370973 2370973 7310765 2370973 2370973 4880973 7310601 7980973 7310601 2370973 7310564 1030638 7310646 2370973 7310601 3731002 7310404 7310601 2370973 4880973 7980973 2370973 4880973 2370973 7310404 7980973 7310765 3730200 7310404 3730200 7310646 3731023 2370973 2370973 1030282 7310601 7310765 3730241 2370973 2370973 7980973 2370973 2370973 2370973 3730200 3730200 7310564 7310765 7310404 7310564 7980973 1030282 7310404 3730404 7310564 3730200 1030282 7310765 3730200 7980973 2370973 7310646 3730829 7310765 7310646 7310601 2370973 7310601 2370973 7980973 2370973 7310564 2370973 1030282 7310564 2370973 7310564 7310646 2370973 2370973 4880973 7310765 4880973 2370973 4880973 7310601 7310601 4880973 4880973 4880973 7310601 4880973 2370973 7310601 7310564 4880973 2370973 2370973 3730200 7980973 7310765 7310564 2370973 2370973 3730200 2370973 1031010 7310601 4880973 2370973 4880973 7310564 2370973 7310765 4880973 2370973 7310765 7310765 7310404 2370973 7310601 4880973 7310765 7310601 7310601 2370973 7310601 7310601 7310646 4880973 7980973 7310564 2370973 7310646 7980973 7310404 7310646 7310564 2370973 7310564 4880973 7310765 7310601 7310404 7310646 2370973 7310765 7310601 7310765 7310601 7310404 1030282 7310765 1030282 7310765 4880973 7310601 2370973 1030282 7310601 7310601 7310564 3731023 7310564 7310601 7310601 7310404 3730200
3730404 8190829 8190765 8190829 6760404 3730601 5370877 8190765 8190877 6760404 8190765 5370877 6760404 8190765 5370877 9350765 3250857 3730601 9350404 9350404 8190765 6760404 8190765 8190942 8790857 9350404 5370877 7310765 5370877 5370877 6760404 5370877 9350404 8790857 3730404 6760601 6760404 6760404 9350765 6760404 6760601 9350765 6990200 3250857 6760404 8190877 6760404 6760404 8190765 6760601 9350765 6760404 8190765 8190765 5370877 8190829 8190829 6990200 5370877 9350765 7310564 1030282 7980973 7310404 4880973 4880973 4880973 4880973 4880973 2370973 7310404 7310601 6760404 9350765 9350404 8790857 6760601 3730829 7310404 3730241 6760404 5370877 3730404 7980973 7310564 7310646 7310404 9350404 9350765 8190969 5370877 8790857 8790857 8190829 9350404 8190829 7310404 9350404 9350404 8190829 6760404 8190829 6760404 6760601 9350404 9350765 5370877 9350765 9350404 6760404 5370877 5370877 6760601 9350404 6760404 9350765 6760601 9350404 9350404 730969 9350404 9350765 9350404 9350765 8190969 9350404 9350404 6760404 8190765 5370877 6760404 9350765 7310601 9350765 9350404 8790857 8790857 8190765 3250857 6760601 9350404 9350404 9350404 2370973 7310646 2370973 1030282 4880973 7980973 7310564 9350404 9350404 6760601 730870 9350404 5370877 9350404 9350404 9350765 9350765 6760404 9350404 7310404 7310564 9350404 8190765 7980973 9350765 6760404 7310765
7310601 8190765 7980973 6760404 8190829 1030282 9350404 8190942 9350404 8190765 8190942 8190765 8190829 3470200 1760973 7310765 7980973 8190765 1030638 1030638 3730519 6760404 7980973 8790857 8190765 8190877 3730241 3730765 6760404 9350765 3730765 8190765 8190765 3730829 3730404 7310564 2370973 2370973 7310765 4880973 3730241 3730829 3730601 5370877 6760404 9350765 7980973 2370973 3731023 3731002 8190765 8190829 8190765 3730004 7310601 1760973 7310765 7980973 3730004 7310601 9350404 8190765 8190877 8190877 9350765 3731023 3730765 7980973 3250857 8190363 8790857 7980973 4880973 1030292 4880973 4880973 4880973 2370973 1030282 9350765 6760601 6760404 6760404 9350765 3730829 3730404 7310646 3730241 7310765 7980973 8190829 6990200 8190765 8190371 6760601 9350404 8190363 6990200 4880973 2370973 8190877 9350404 8190877 6760601 8190765 6990200 8190765 6760404 8190765 8190877 8790857 3730601 7310601 3730241 6760404 8190765 8790857 1030282 7980973 3730829 7310564 1030282 5370877 6760857 3730829 6760857 5370200 4880973 4880973 4880973 6760404 9350765 9350404 3731002 3730200 9350404 3730829 3730404 6760404 3731002 7310601 3250857 8190765 8190877 8190363 8190829 9350404 5370877 9350404 9350765 5370877 6760601 8790857 5370877 7530857 5370200 7310601 7310765 7980973 3730829 3730404 2370973 7310765 7310601 7980973 7310765 4880973 7310564 7310564 6760601 3731002 7310564 2370973 6990200 8190942 6990200 8790857 8190877 3730241 3730601 6760404 3730765 3250857 6760404 8790857 8790857 8190829 6760601 8190765 9350404 8790857 7530857
null
3250857 8190877 8190765 8190829 8790857 8190942 8190765 8190829 8190937 8190829 8190829 8190829 8790857 8190765 8190877 6990200 8190765 8190877 7530857 8790857 7530857 6760601 8190363 8190765 8790857 8790857 8790857 9350765 7310601 7310601 8190765 3250857 8790857 8190829 5370877 8190741 9350404 9350765 8190829 8190877 8790857 7310404 6760404 8190765 7530857 8190765 9350404 7980973 7310765 2370973 7310601 8190519 3250857 8190877 6760601 7790857 5370877 7310646 7310646 8190877 9350404 6760404 2370973 3731002 6760601 6760404 5370877 9350765 4880973 4880973 4880973 4880973 5370877 6760857 8790857 9350765 6760404 6760404 8190363 8190765 6760404 8190829 6760404 8190765 8190942 5370200 3730241 7310646 4880973 7310404 6760404 6760404 8190829 3250857 8190942 6760404 9350765 5370877 3250857 8790857 8190877 8190942 3250857 8790857 8190363 8190829 9350765 7310646 1030638 4880973 2370973 4880973 4880973 4880973 4880973 4880973 4880973 4880973 7310646 1030282 8190877 5370877 4880973 4880973 2370973 4880973 4880973 4880973 4880973 4880973 4880973 4880973 4880973 4880973 7310564 7310765 9350404 6760404 7980973 7980973 4880973 4880973 4880973 4880973 4880973 4880973 4880973 7310404 4880973 9350404 8190765 8190363 8190829 8190829 7530857 6760404 9350765 6760404 8790857 8190877 6760404 3730519 6760601 7310765 9350404 2370973 3730200 6760601 6760404 5370841 3730519 2370973 2370973 8190877 9350404 5370877 8190877 7310404 9350404 5370877 8190877 7980973 8190765 8790857 6760601 9350404 8190765 8190765 3250857 8190877 8190765 8790857 8190765 8190942 8790857 7310601 8190765 3250857 6990200 8190765 7530857 7310404 9350404 7310564
1030282 7980973 8190942 3730829 8190829 5370877 5370200 5370200 5370877 6760601 8190765 6760601 3730765 3730829 8190937 6760857 8190363 3730519 9350765 7980973 4880973 4880973 4880973 4880973 4880973 4880973 1030638 1030282 3730601 3730241 6760601 8190765 8190765 8190646 3250857 7980973 1030282 3730519 8190942 3730241 3730765 8190765 8190765 3730601 4880973 4880973 1030282 7310564 7980973 7310564 7980973 3730241 3731002 7980973 7310765 7310646 7310601 7310646 7310646 3250857 8790857 7980973 7310564 1030282 7310646 7310601 7980973 8190741 8190765 6760601 8190877 7530857 8190765 6760857 3730601 8790857 9350765 8190942 4630200 3730765 4880973 7310646 8190043 3730765 8190877 8190765 8190877 8190765 4880973 4880973 4880973 4880973 7310601 7310404 6760601 8190942 8190937 8190937 8190829 3730829 8190363 8190877 3730601 7310404 7310765 6760404 7980973 7980973 1030638 7310765 3250857 6760601 1760973 5370200 4880973 4880973 4880973 4880973 7310601 7310404 7310601 7310765 7310404 7310404 7310646 9350404 9350765 7310765 8790857 8190942 4880973 4880973 4880973 4880973 6760857 7980973 7310765 7310765 7310601 7310646 8190829 8790857 8190363 8190829 8190942 8190829 6760404 8190765 8190942 8190913 8190765 8790857 8190937 8190765 1760973 3730241 8190829 6760857 8190877 3250857 8190765 9350404 8190765 8190765 8190829 8190942 8190829 3730519 5370877 8190937 8790857 8190071 8790857 7310601 7310601 6760857 8190765 6760857 9350765 3730829 9350404
3731002 8190913 6760404 8190877 3730601 8190877 8190877 3730404 3730829 8190765 8790857 9350404 3730646 9350765 6760404 8190829 8190765 8190765 8190937 3730601 8190942 5370877 8190363 8790857 8790857 8190363 3730601 8190877 8190765 8190765 3950371 8190765 8190829 8190829 6760404 3730404 3730829 8190765 8190877 3730241 7530857 8190765 8190829 8790857 8190942 9350404 6760857 8190363 3730646 8190765 6760404 9350404 8790857 3730765 3730765 6760857 8190877 9350765 6760404 6760857 8190765 8190942 9350765 8190765 6760601 8190942 8190765 8190829 8190942 8190829 3731023 9350404 8790857 9350404 8190829 8190829 8190765 8790857 9350765 8190942 8190877 9350404 8190765 8190765 6760601 8190829 9350765 8190942 8190829 8190829 8190765 9350765 8190877 8190765 6760601 8190942 8190942 8190942 8190829 3250857 9350765 8790857 8190829 8190942 8190765 8190877 8190363 3730004 8190937 8190829 9350765 8190765 8190829 8190765 8190765 8190877 8790857 8190765 3730404 8190877 9350404 8190765 9350765 8190877 3730646 9350404 8190765 8790857 3730601 8190765 8190829 8190765 8190942 8190765 8190363 8190829 8190752 3250857 8190519 8190765 8190829 8190829 8190942 8790857 8190942 8190765 3730241 5370877 8190646 8190765 8190829 9350404 3250857 8190765 6760601 8190765 6760404 8190829 8190765 8190765 8190942 8190942 8190765 8190829 8790857 9350404 8790857 6760601 8190741 8190829 8190765 8190942 8190363 8190765 8190765 3730601 8190371 3731002 8190363 8190765 3730601 2370973 6760404 9350765 8790857 8190877 8190765 8190888 9350765 6760601 8190942 8190765 9350765 8190765 9350765 8190765 8790857 8190942 8190877 8190765 3730829 8190942 8190765
3731002 7980973 3730004 7980973 3730646 3731002 3731002 7980973 3731023 7980973 3731002 6760857 5370200 1030282 3731002 8190765 7310646 7310404 1760973 3731002 3730601 7310646 3731002 3730200 1760973 4630200 1030282 4630200 3731002 1760973 4630200 1030282 1760973 1760973 3731023 5370200 7980973 2370973 4630200 3730241 7980973 5370200 1760973 1760973 7310646 4630200 1760973 1760973 7980973 1760973 8190363 3731023 1031010 1030282 1030282 7980973 3731002 3730241 3730646 7980973 7980973 3731002 7980973 7980973 1760973 7980973 3731023 7980973 1760973 3730004 7310646 3730004 3731002 1760973 1030282 3731002 3731023 7310646 4630200 1030292 4630200 1760973 3731002 7980973 3731002 7980973 7980973 7980973 3730004 1760973 7310646 3731002 5370200 3731002 4630200 1760973 7310646 1760973 1030282 3730241 7980973 3730646 3730241 7980973 3731023 7980973 7980973 4630200 3731002 3731002 3731002 3731002 7980973 3730646 7310646 7980973 7980973 7980973 3731002 1760973 3730646 1760973 1760973 7980973 1760973 7310646 7980973 1030292 3731002 7310646 5370200 7980973 7980973 1031010 1760973 7980973 4630200 8190937 1760973 5370043 3731002 5370200 8190043 3731023 7310646 7980973 7310646 8190937 7980973 7980973 7980973 1030282 7980973 3731023 7310646 7980973 3731002 1030292 7980973 3731023 7980973 7980973 7980973 5370200 3731002 7310646 1760973 1760973 5370200 3731002 3730241 3731002 5370200 3730200 7980973 3731002 1760973 7980973 3731002 1760973 7980973 7310646 3731002 7980973 7980973 1760973 5370200 7310646 1760973 1760973 7980973 6760857 7310765 7980973 7310646 7310646 7980973 8190770 3730241 7980973 7980973 3731002 1760973 1760973 1760973 7980973 1760973 7980973 4630200 7980973 4630200 1760973 4630200 7980973 3730200 1760973 1030282 1760973 3731002 7980973 1760973 3731002 3731023 7980973 7980973 7980973
7790857 3950371
9710920
1030638 1030292 1030638 4880973 1031010 7980973 1030282 5370200 1760973 1030292 3731023 1031010 3731002 1030292 5370043 5370043 9350646 3730200 8190829 7790894 7980973 5370841 2370973 6990200 910928 6760857 5370200 5370841 1030638 1030292 1030282 5370841 4630200 1030282 7980973 8190937 5370841 1760973 4880973 4880973 4880973 4880973 4880973 4880973 4880973 4880973 1030282 2760964 3700969 730560 3730241 7980973 9350646 730519
3731002 3730241 1760973 7980973 1030282 1760973 1760973 1760973 7980973 3731002 1030282 1031010 1760973 7980973 3731002 1760973 4630200 3730241 1030282 3731023 3731002 1030282 7980973 1760973 7980973 7980973 7980973 3730519 3730829 3731002 1760973 7980973 4630200 7980973 4630200 1760973 7980973 1760973 7980973 1760973 3731002 3731002 7980973 4630200 1760973 4630200 3730519 1760973 1030282 7980973 3731023 4630200 3731002 3731002 3731002 3731002 1760973 3731002 3731023 3731002 4630200 7980973 5370200 7980973 3731002 1030282 1760973 3731002 1760973 1030282 3730519 7980973 3731023 1760973 5370200 3730519 1030282 5370200 3730519 1760973 3731002 7980973 3730519 7980973 3731002 3731002 5370200 1760973 3730646 3730200 7980973 7980973 6760857 7980973 1030282 1760973 1030282 1760973 1760973 3730241 5370841 1760973 3731002 3731023 7980973 7980973 7980973 3731002 3731002 3731002 3730519 7980973 3730646 7980973 5370200 6760857 7310646 3731002 3731002 3731023 5370200 3731002 3731002 3731002 1030282 7980973 1760973 3731023 1030282 3731002 7980973 3730646 1760973 7980973 3731002 7980973 3731002 3730519 3731002 3731002 1760973 3731002 3731002 3731002 3731023 3731002 1760973 7980973 3731002 1030282 3730829 1760973 7310646 5370200 3731002 1030282 1760973 7980973 3730765 1760973 5370841 6760857 5370841 8190519 5370841 5370841 8190363 1760973 5370200 7980973 7980973 4880973 5370200 1030282 7980973 1030282 1030282 5370200 7980973 5370200 8190765 1030282 1030292 1030282 1030282 4880973 7980973 1030282 7980973 7980973 1030282 1030282 7980973 5370200 3250857
7310601 8870580 3730200 2370973 7980973 8190765 5370841 8190071 5370841 8190877 3730241 9350404 7790580 7980973 4630200 1030292 8190071 730870 7790894
8190646 8870544 1760973 4720857 3730646 3731002 7980973 8190560 8190969 8190969 7090973 1030292
8190969 8190969 8190969 730043 4880973 4630200 730928 730928 8870544 8870544 9710920 8870544
3731002 7980973 3731023 3731002 5370841 8190913 2760928 3731023 8190888 8190646 3950043
7790841 910928 3731002 8190752 8190770 7790913 7090973
null
3950964 910928 8870544 8190519 4880973 7980973 1030282
4630200 4630200 3731023 4630200 1030282 4630200 3950371 8190765 7310765 8871007
4630200 3700580 8870544 8790857 7790200 8870544 8870544 3950043 1760973 7790200 730969 5370841 2370973
