207
2370973 8190765 1760973 9350646 8190519 7310404 9350404 9350646 4880973 1030282 9350580 9350765 9350043 5370877 7980973 1030292 1030638 1031010 7980973 5370200 1030292 1030282 1760973 1760973 7980973 7790752 5370877 4880973 4880973 1030292 1030638 3730241 5370200 7980973 1030282 1031010 7310646 7980973 5370043 1760973 1030282 1030282
1031010 1030638 1030292 1030282 3730200 4880973 1030282 4880973 4630200 1030292 4880973 4880973 4880973 4880973 4880973 4880973 1030638 5370841 1760973 1030282 1030282 5370200 3730200 4880973 4880973 4880973 4880973 1030282 1030282 5370200 5370200 4880973 4880973 4880973 4880973 3731023 2370973 1030282 7980973 1030282 1030282 1030282 7980973 1030292 7980973 1030282 1030282 5370200 1760973 1030282 1030282 3731023 1030292 4880973 4880973 4880973 4880973 4880973 1030292 4880973 1030282 4880973 4880973 4880973 5370200 1760973 4630200
null
null
null
7790913 9350404
1030638 1030638 1760973 4630200 8190829 1030292 7790200 4630200 4630200 4630200 8870043 730770
7790580 2760741 7310646 8870772 8870544 3730646 8711023 5370877 5370200 7530857 730646 8790857 3470200 8190646 8190363 6760857 8870544 8190519 8790857 8190937 8711023 7310404 7310404
5370841 8190071 8190363 3950964 7980973 8190765 1760973 3730829 3250857 6990200 7530857 8190363 3471023 3470752 8790857
6990200 3470752 9710969 9710006 730741 9710741 9710770 9710770 9710371 9710920 3700770
910928 910928
null
9710864 9710006 9350741 2760071 2760752
9710770
7530857 9710414 9710969 3250857 8190770 8190765 8190942 8190942 9710071 8711023 8190752 6760404 3730404 3730004 8190765 8190071 3950964 3950964 8190646 3250857 8190969 9710752 7790841 3950371 3730241 8190646
9710414 730071 6990200 3950371 2760752 3470752 3700770 3470752 9710071 9710741 9350404 6760404 9350404 8870544 8190969 3470969 3470752 8190877 9710071 9710071
8190071 7310646 8190741 3700205 9710071 8190743 3950371 9710205 2760888 2760743 8190913 8190829 8190765 8870544 3470857 7790857 4630200 1030282 3950964 8190743 3470200 1760973 9710857 9350646 7530857 8190363 8870043 7790752 8711023 8870544 1760973 3731002 1760973 3731023 1030282 8190519
7530857 3731002 7980973 8190765 8190363 8190519 1030282 8190765 8190363 8790857 8870580 9710071 7790071 3700770 8870544 3950371
4880973 8790857 9350765 8190969 7530857 9350043 7980973 9350043 730741 7310601 7530857 730743 7790071 7980973 8190743 7310601 8790857 8190942 6760601 7530857 9350580 3731002 9350741 9350765 3250857 7790743 3950964 6760857 8870544 3250857 8190913 5370200 9350404 8190363 5370200 9350646 7310646 7310601 9350404
8190765 5370043 7790371 8871007 3950043 8870424 9350646 9350580 730371 9350765 9350404 9350404 9350646 8871007 9350404 9711023 8190741 9350404 7790743 8190937 3730200 8190942 6760857 8190765 5370200 3731023
3731002 8190752 8190765 8190829 7310601 9350580 7790913 730043 8190969 8190770 9350404 8190765 3730004 3730241 7530857 730646 3731002 2370973 8190765 9350765 5370841 8190363 8190877 9350404 7980973 7530857 9350580 7310404 7530857 8190646 9350765 6760857 9350765 910928 9350646 8190877 9350404 3250857 3731002 3730004 3730004 8190770 3730004 9710752 9350741 8190071 8790857 8190363 3950371 7530857
null
8790857
6270652 6270652 7310471 7310652 7310471 6270652 6270652 7310652 7310652 7310652 7310652 6270652 6270652 6270652 6270652 7310471 7310652 7310471 6270652 7310652 7310652 7310652 6270652 7310471 7310471 7310471 7310471 6270652 7310652
7310471 7310471 7310471 7310471 7310471 7310471 7310471 7310471 7310471 7310471 7310471 7310471 7310652 7310471 7310471 6270652 7310471 7310471 6270652 7310471 7310471 7310471 6270652 6270652 7310471 7310471 7310471 7310471 7310471 7310471 7310471 7310471 7310471 7310471 7310471 7310471 7310471 7310471 7310471 7310471 6270652 7310471 6270652 7310471 7310471 7310652 6270652 7310652 7310652 7310652 7310652 7310652 7310471 6270652 6270652 6270652 7310652 7310471 7310471 7310471 7310652 7310471 7310471 7310471 7310471 7310471 7310471 6270652 7310471 7310471 7310471 7310471 7310471 7310471 7310471 7310471 7310471 7310471 7310471 7310471 7310471 7310652 7310471 7310471 7310471 7310471 7310652 7310471 7310471 7310471 6270652 7310471 7310471 7310471 7310471 7310471 7310471 6270652 7310471 7310471 6270652 7310471 7310471 7310471 7310471 7310471 7310471 7310471 7310471 7310765 7310471 7310471 7310471 7310471 7310471 6270652 7310471 7310471 7310471 6270652 6270652 6270652 7310471 7310765 6270652 7310404 6270652 7310564 6270652 7310471 6270652 6270652 7310765 7310471 7310471 7310471 6270652 7310765 6270652 6270652 6270652 6270652 6270652 6270652 6270652 6270652 6270652 7310471 6270652 7310471 7310471 7310471 7310471 6270652 7310471 7310471 7310471 7310471 7310765 6270652 6270652 6270652 6270652 6270652 6270652 6270652 7310471 7310765 6270652 7310471 6270652 6270652 7310471 7310471 6270652 7310471 7310471 7310471 7310471 7310471 7310471 6270652 7310471 7310471 7310471 6270652 6270652
7310471 7310471 7310471 7310471 7310471 7310471 7310471 7310652 6270652 7310471 7310652 7310471 7310471 7310652 7310471 7310652 7310471 7310471 7310471 7310471 7310652 7310652 6270652 7310471 7310471 7310471 7310471 7310471 7310471 7310471 7310471 7310471 7310471 7310471 7310471 7310471 6270652 7310652 6270652 7310471 7310471 7310471 7310471 7310652 7310471 7310471 7310471 7310765 7310471 7310471 7310471 7310471 7310471 7310471 7310471 7310471 7310471 7310471 7310471 7310471 7310471 7310652 7310471 7310471 7310471 7310471 7310471 7310471 7310471 7310471 7310471 7310471 7310471 7310471 7310471 7310471 7310471 7310471 7310471 7310471 7310471 7310471 7310471 7310471 7310471 7310471 7310471 7310471 7310471 7310471 7310471 7310471 7310471 7310471 6270652 7310471 7310471 7310471 7310471 7310471 7310471 7310471 7310471 7310471 7310471 7310471 7310471 7310471 7310471 7310471 7310471 7310471 7310471 7310471 7310471 7310471 7310471 7310471 7310471 7310471 6270652 7310471 7310471 7310471 7310471 7310471 7310471 7310471 7310471 7310471 7310471 7310471 7310471 7310471 7310471 7310471 7310471 7310471 7310471 7310471 7310471 7310471 7310471 7310471 7310471 6270652 7310471 7310471 7310471 7310471 7310471 7310471 7310471 7310471 6270652 7310404 7310471 7310471 6270652 7310471 7310471 6270652 6270652 6270652 6270652 6270652 6270652 6270652 6270652 7310471 6270652 7310471 7310471 7310652 6270652 6270652 7310471 6270652 6270652 6270652 6270652 6270652 7310471 6270652 6270652 6270652 7310471 6270652 6270652 6270652 6270652 6270652 6270652 6270652 7310471 6270652 7310471 6270652 6270652 6270652 6270652 6270652 6270652 6270652 6270652 7310471 6270652 7310471 6270652 7310471 7310471 6270652 7310471 6270652 6270652 7310471 6270652 7310471 6270652 7310471 7310471 7310471 6270652 6270652 6270652 7310471 7310471 6270652 7310471 7310471 7310471 7310471 7310471 7310471 7310471 7310471 7310471 7310471 7310471 7310471 7310471 7310471 7310471 7310471 7310471 7310471 7310471 7310471 7310471 7310471 7310471 7310471 6270652 7310471
7310652 7310652 7310471 7310652 7310652 7310652 7310652 7310404 7310404 6270652 6270652 6270652 6270652 6270652 6270652 6270652 6270652 6270652 7310652 7310652 7310652 7310652 7310652 6270652 7310652 7310652 6270652
8190752 7790888 7790888 2760371 3470200 7790857 8190519 2760964 7790071 7980973 4720857 7790071 4720857 9710006 3470752 8190043 9710371 9710414 9710741 9710414 9710741 3470414 8871007 8190371 3471023 2760888 7790743 7790371 7790580 8190913 3470200 9350741 8190371 8190969 9710422 3470857 3700969 3731002 8190043 8190741 9710006 3470857 3470519 9710857 9710969 8190043
4720857 7790888 7790888 3470519 730743 9710580 3470580 7790894 7790857 3470519 8190071 8711023 1760973 4720857 8190519 3950964 8711023 2760752 2760770 7790743 2760071 7790857 9710519 8190770 3471023 7790071 3470205 7790888 7790743 2760964 7790200 7790964 8190888 7980973 9350043 8711023 2760888 2760043 3950964 8190741 1760973 2760741 3700205 3730004 3730004 8190646
7790888 7790857 9710205 3470969 7790200 3950043 730646 3700770 9710071 9710920 8190519 2760770 7790894 3470969 8190770 8190741 9710414 3470752 7790519 7790519 3950964 7090973 7090973 7090973 8190770 910928 3470969 9710752 8190071 8190071 9710752 8190969 3470200 8190969 8190969 9710857 9710857 8190371 8190770 3471023 8190741 9710205 2760043 3730004 7090973 8190942
3470969 8190741 8190741 8190371 8190371 730071 730071 3950043 9710969 3700770 3470752 9710770 3470969 3470043 730519 2760741 730928 7790371 9711023 730043 730743 9710580 9710920 3700580 3470752 7980973 9710770 8711023 3700770 9710770 3470205 8190743 9350646 9350646 3470200 8190969 8190969 4720857 9710920 8870043 8190770 3470752 2760043 2760043 2760580 2760743 9710006 2760071 7790071 2760964 7790752 7790200 7790200 8870580 9040580 730043 2760043 730043 7790371 8870043 8870043 3700580 8870580 8870580 8870580 7790894 3470752 9710969 8871007 3470200 3700519 8711023 5370043 5370043 3470752 9710519 3470519 3471023 7790752 2760964 730043 5370043 730580 730741 730741 730741 9710770 9710752 3470857 3470857 8190770 8190770 8190752 8190752 8190752 3470752 3470752 3470857 3470857 8190770 8190770 8190752 8190770 9710857 8190043 8190969 8190371 5231023 2760741 730646 7980973 9350580 9710741 730741
3950371 7790857 3950964 7790857 4720857 7790964 7790743 3950964 3470580 730741 9710205 3470969 3470200 8190743 8190888 1760973 9710071 730371 3731002 3731023 3730519 8190743 3470200 2760741 9710752 9710414 9710770 9710414 730770 9710864 8870424 8870043 9710414 9710741 2370973 8711023 7790743 9710519 3470752 9710414 3470414 9710414 9710414 9710752 2760580 7790964 7790894 2760043 730770 2760043 7790964 8870580 3700770 8190071 7790857 7790743 3950964 3470580 3470200 8190770 3470857 8190888 8190937 3470857 3470200 8190743 3470200 3950964 3470200 8190888 3950964 3700580 3470857 8190752 3470200 8190913 3730004 3730004 8190071 8190363 8190888 2760741 2760043 3470200
9710857 3470857 3470857 8190560 8871007 4720857 4720857 4720857 8190646 7790580 3731023 3730004 3731002 1760973 4880973 3731002 7980973 7980973 7980973 8190043 7980973 7980973 7980973 8190913 7090973 3731002 8190969 8190937 5370841 5370043 7790371 8190519 8190646 8190646 8190646 8190043 8190752 8190752 9710752 7090973 3470857 3700969 9710752 8190888 3470857 7530857 3470857 8190560 9711023 730371 730743 8190752 8190770 3950371 8190969 8190913 8190770 730743 730770 9710580 8711023 3700580 7790888 730580 3731002 3730004 8190969 8190969 9710857 1760973 1760973 3731023 1760973 3730004 9711023 8190071 3730004 8190752 9710371 8190371 8190371 8190371 7790857 8190888 7790857 8190743 3730004 8190752 2760371 3470857 8190969 7790857 8190888 2760371 7790857 3950964 3471023 9710414 3470857 3950371 7790741 8190371 8190371
2760964 3470043 730580 730071 730371 9350580 7790894 730770 8870580 9350580 9710371 730580 3470580 3950371 8870580 7790913 8870544 730743 9710864 3470580 7790071 8190937 8190888 9710371 9710371 7790371 9710770 9710770 9710864 2760071 2760964 2760928 9710414 9710422 7790752 730646 2760043 7790964 9710969 9710969 730043 730880 2760964 2760580 730560 7980973 7980973 9710580 2760580 730371 730371 730071 730743 730560 730741 9350741 730928 730580 730043 730770 730743 2760964 2760043 730743 8870424 8870580 8870580 730580 730071 730580 730741 730741 730646 730580 9350580 730043 730969 730969 730880 730371 730928 730580 730741 730741 730770 730743 730969 2760371
7790857 730928 2760371 3950371 7090973 7090973 8790857 2760964 2760888 2760741 2760924 3470519 9710752 7790741 2760741 3730004 2760770 2760770 7790894 2760752 3470752 8870043 9710371 730741 3470857 8190743 730969 730071 730770 8190770 730071 2760888 2760964 9710864 3470043 730969 730928
8870580 9040580 4720857 8190560 9710205 9710857 8190646 3470857 8190371 730560 2760924 8190743 8190071 8190371 7980973 7980973 3731010 3731010 3730004 3730004 3730004 8190646 8190646 8190043 9710580 3730004 3730004 3730646 1760973 3730004 7090973 730580 9710770 1760973 1760973 2760928 730743 2760743 2760743 3731023 3731010 8190937 2760743 2760371 2760371 2760964 3730004 3730519 1760973 8190743 8190969 2760043 9350741 9710770 730560 8870043 8870580 7790200 730646 730646 730928 730519 730646 730928 8870043 730371 730043 730741
7790964 7790371 910928 8870580 2760580 2760752 730043 730743 730969 730928 2760580 730770 2760741 730928 730880 730928 730928 730560 730371 730646 8870580 8871007 730928 8870043 7790580 8870580 7790888 730743 7790371 730646 7790743 2760928 8870580 730646 7790841 5370841 7790200 8870580 2760071 9710864 2760741 730870 9350043 9350580 2760580 8190937 3470200 9350580 4720857 7790841 730870 3731002 3731002 3700770 730580 5370043 9350043 5370043 8870580 730646 8870580 730870 730870 730580 730580 9710519 9710752 3470752 8190752 4720857 910928 9350646 8190969 8870424 9710205 3470414 5370043 730043 730646 7790841 7790200 730928 910928 3470752 8870580 8190371 7790580 7790580 7790580 9350043 9350043 9350580 9350580 7980973 7980973 7980973 8190519 5231023 3731002 3730004 7090973 7090973 1760973 7090973 7090973 8190043
7790857 8870424 3950043 8870544 8871007 7790580 730646 7790841 8870424 8870772 7790913 8871007 8871007 8871007 3950043 730580 8190937 8190043 8190043 8190937 8190741 8190969 2760580 9350580 4720857 8870424 7790580 730519 8870580 7310646 8190519 730646 8870580 7790371 8870580 8190646 730741 9350741 9350580 8870580 9350646 910928 9350043 730870 730646 730519 730646 730071 730928 730741 730371 730880 730560 730580 730560 4720857 8190560 8871007 8871007 8870544 8870043 7790200 8870580 8871007 9350043 9350580 730880 730770 730770 9710422 9710580 730560 2760888 9350741 730743 2760580 3700519 3730519 9350580 730043 9350580 2760371 730560 8870580 730770 730580 730969 9350580 730770 9350741 730560 8871007 730580 730580 9350580 730770 730580 8870544 8871007 9350580 730743 730743 730071 9350580 8870772 730560 8870424 730646 9710519 8190071 3470857 8190937 730043 730743
7790841 7790519 7790200 7790841 7790913 3700519 2760752 2760964 2760371 2760964 2760741 3470519 7790888 7790964 7790743 7790519 3470857 2760924 3470519 8190071 3730004 7090973 7090973 7090973 9710205 5370043 2760924 8870772 730880 3700519 7790752 2760371 2760924 7790841 2760371 2760371 7790894 7790964 7790964 7790841 7790913 5370043 5370043 5370043 8870580 3950043 8190942 3470043 3950043 3950043 6990200 3950964 8190741 7790964 7790857 7790857
7790841 7090973 7090973 7090973 7090973 730371 730371 8190741 5231023 5231023 3730004 8190770 7790841 730880 730969 2760888 2760752 2760043 8190043 3730004 7090973 7790857 2760964 7090973 9710857 3470200 9710414 9710519 9710770 730371 7790888 7790964 7790888 7790888 2760043 730071 2760770 730741 730043 730741 8870580 730880 3470519 8190043 910928 730928 8870580
730043 9350404 730743 730071 730071 2760928 2760371 730741 7530857 8190363 8190937 3250857 8871007 8870424 8870580 3700580 8870424 8870043 7790580 8870544 7790580 8870424 7790200 8870424 730646 3700519 9350646 3470200 2760741 8190363 9710770 8870424 2760371 9350580 9350580 2760928 730741 730928 9350043 730371 730928 9350580 9350580 730646 9350580 9350043 9350580 9350580 9350580 730741 9350741 730928 730071 7980973 7980973 9350580 9350043 5370841 9350043 7310646 7980973 9350580 730071 9350580 9350580 9350043
730969 7790857 730580 730870 730560 8870580 8870580 7790841 1760973 7090973 7090973 8870580 730560 730743 8870580 3700580 9710580 9350580 730580 9350580 9710580 3470580 730580 730741 8871007 8871007 3700580 8870580 8870580 9040580 8870544 1760973 7090973 3700205 7090973 7090973 7790857 8871007 8870043 3700969 3700205 3700969 7090973 7090973 9350646 2760371 8870043 7790841 8190363 3700969 730560 730880 8870043 8870424 730371 730743 730870 730580 730580 730371 9350043 730870 730580 7980973 730071 9350043 730743 730770 9350580 730646 2760043 2760770 730646 3470043 730043 730646 5370043 730770 8870043 730969 9350043 730928 8870043 730560 7790580 7790371 2760928 730880 8870580 9350043 730519 730928 730519 730519 730519 3730004 7980973 7980973 1760973
7090973 7980973 2760928 8870580 2760752 2760752 2760371 2760770 2760741 2760964 3470519 7790964 730741 730371 8870580 8870580 7790580 8870043 7790841 8870043 7790841 730560 7790580 7790200 3700580 8870580 7790371 7790580 9040580 9040580 8190969 1760973 2760964 3730004 7090973 8190043 2760770 730770 730371 730646 730646 7790841 730880 730560 7790913 7790857 9710371 3470969 3470519 7790741 7790964 8870580 9040580 7790913 8870580 5231023 7790519 9710519 8870544 9710205 3700205 2760043 8190043 3730004 3730004 1760973 1031010 1760973 8190043 730560 730741 7790519 2760741 730646 730371 3250857 7790894 7790071 7790894 7790888 7790743 7790743 7790857 7790519 7790580 7790857 730741 730043 2760928 8870043 7790857 3700205 8870043 8870043 2760924 2760743 2760964 3730004 3730004 7090973 3730646 3730646 3730004 8711023 730580 730071
2760964 730743 730371 9350580 730870 730741 730560 730560 5231023 2760371 730928 730560 2760928 730519 2760580 2760371 2760928 730870 3700580 3470580 3470580 2760580 2760741 2760741 8190743 3470580 3470580 9350580 9350580 3700580 8870580 7090973 730928 3731010 3471023 9710519 7790519 7790519 7090973 3700580 3470519 3470752 9710920 8870580 7790841 9350580 8871007 730743 730580 730580 730071 730371 730928 730371 730928 730741 730870 730880 730928 2760928 730870 2760580 8870424 8871007 730519 730519 8870580 3730004 8190646 2760924 9040580 9040580 7790071 9040580 9040580 8190646 730880 730519 730743 730371 730880 730371 730928 730928 2760371 8190363 7530857 730743 9350580 2760928 8190519 3730200 8190519 9350580 8870580 7790841 2760741 8190969 9710864 9710519 2760371 9710752 2760924 2760770 9350043 2760752
2760580 2760371 7790371 7790371 5370841 9350580 3950371 730560 730560 730880 730580 730928 8870580 8870580 9350580 9350580 730371 730770 9350580 730770 730580 730580 730071 730870 730928 730928 730741 730071 730580 9350741 2760580 730580 9350580 730928 9350741 730371 8870580 730071 2760928 730071 2760928 2760580 3730004 730770 2760043 2760741 730519 9710422 7790580 2760770 2760752 2760741 3730004 3730004 8190043 3470857 7790857 7790857 1030282 730371 2760964 730646 9350580 730743 730870 730928 730741 730741 730928 5370841 9350580 730928 730043 730371 9350043 730770 9350580 730580 9350580 3250857 3700580 8870580 3700969 3700580 3700969 3700205 3470857 8870580 730071 3700205 9710422 9040580 7790519 7790200 7790200 730928 730928 730743 730071 730770 730928 730928 730928 730928 9350580 730928 9350043 730371 9350580 730741 730969 8870043 730371 8870580 9040580 3950371
9710752 3700770 2760924 2760071 7790519 7790580 2760071 2760743 2760071 3470580 7790519 2760770 7790752 2760770 2760752 7790841 4720857 7790371 8190560 8190741 730741 2760580 730580 730560 8870580 9350580 9350580 9350580 9350580 730043 730928 730580 9350580 730928 2760924 8870580 2760043 730043 730371 730043 730043 730580 9350580 8870424 2760580 8870580 730371 730560 2760924 730371 8870043 2760741 2760928 2760741 9350646 730928 9350580 7790200 8870580 9040580 7790200 8870580 3470200 7790580 4630200 3730004 9710414 7790888 2760071 2760770 3731010 3730004 8190519 8190519 2760888 8190888 7090973 730519 2760752 2760770 2760770 2760743 2760743 3470519 2760743 3470752 3470519 7790071 7790580 730928 3700580 730646 730071 9350580 730928 730870 730928 730646 730580 9350580
2760924 3470519 3471023 8190519 3700519 3700519 730969 730969 2760741 2760928 9350741 2760928 2760741 2760043 3730004 9710580 7980973 8190752 2760580 2760580 2760743 2760043 2760741 3700519 9350741 730071 730743 2760043 2760888 2760071 2760741 2760741 2760928 2760741 3700519 5231023 2760928 9710519 2760071 730870 2760770 730870 2760888 730071 2760741 2760924 2760741 2760770 730519 2760928 2760043 730580 9350580 730519 9350580 730580 730560 2760964 2760964 5231023 9710371 9710422 7790200 2760752 730580 2760580 2760580 2760071 2760752 2760071 2760888 2760888 9710864 8190888 9711023 7790371
8870580 730560 3470043 7790913 7790071 7790071 7790741 7790371 7790743 730741 730043 730741 730371 730560 9710422 7790371 7790841 7790580 7790888 7790580 3950964 8870580 9710371 730371 8870580 730743 9350580 9350580 9350580 730560 9350741 9350580 9350043 730928 9350580 9350580 9350580 730928 9350580 9350741 730741 9350580 9350580 7980973 5231023 8190741 8190371 730969 730043 730969 730770 1760973 3730004 7090973 7090973 7090973 730969 730580 730969 3950043 730043 2760924 3731023 1760973 7790743 1760973 8190071 5370841 9350646 8870580 730580 2760964 8190743 8190560 2760888 2760888 8190519 2760043 3470043 2760043 2760043 2760924 8190043 3470580 8870580 8190371 9710205 730371 9710414 730969 7790580 8190913 7090973 7090973 7090973 7090973 2760071 2760928 730560 2760580 9040580 7090973 7090973 7090973 7090973 7090973 8190969
2760043 730043 730741 730870 730580 730870 730580 3730004 1760973 3730004 7090973 8190043 2760043 3730004 3730004 3731010 2760043 730870 730969 8871007 2760043 2760043 2760928 2760043 3730004 3731010 2760580 2760743 2760743 2760071 730870 730371 730928 730928 2760580 9350580 9350580 9350580 9350043 9350580 9350580 9350043 9350580 730928 730371 730870 730371 9350580 730928 730928 9350580 9350580 730646 730928 730580 9350580 730071 9350580 9350741 9350580 9350580 9350580 9350580 8870424 9350580 8870580 8870580 3470580 8870544 9350580 8870043 8870043 7790913 8870043 7790580 8870580 7790841 7790894 7790743 9710920 2760964 7790371 8190888 7790752 2760964 3700519 3470200 7790913 7790743 7790743 3700580 9040580 7790743 7790913 8870544 7790580 7790913 9710371 9710205 2760752 2760043 2760752 1031010 1760973 3730241 2760741 9710741 3470752 3470200 8190770 3950043 3470200 7790841 7790888 2760043 9710205 9040580 7790841 3950964 2760071 2760752 2760770 8870772 7790841 3470205 8190646 4720857 730043 8190043 8190043 8870043
730741 730519 8190519 2760741 7790857 7790857 7790519 8190560 5370043 8870043 7790857 7790857 7790857 2760752 7790857 7790857 7790841 7790964 7790964 730043 730371 730371 730071 730371 730371 730870 2760770 730741 9710864 8870424 8870580 8870424 730646 8870580 7790580 730580 730646 8870580 8870580 8870580 7790580 8190043 7790200 8870772 8870043 8870424 730560 730741 8190363 2760888 2760043 7790580 8870580 7790841 8870043 8870043 730743 730560 3730004 730646 8870043 2760752 3470857 2760371 9710864 730870 8870043 730071 8870580 730928 3470205 3731023 3731023 730880 730969 9710969 7790741 8190969 730770 730043 730870
7090973 7090973 7090973 7090973 7090973 3470580 730741 2760741 730580 7980973 8711023 8190071 1760973 3731023 3730004 3730004 7090973 2760888 7790888 730560 730743 2760888 7530857 9710071 2370973 2370973 9350741 3700205 2760371 9710519 730928 8870580 3730200 7980973 3730004 3730004 1760973 3730004 2760043 7790580 2760770 7790857 7790841 9350043 8870580 9350043 9350580 8190043 8190519 2760043 3730004 1760973 1760973 3730004 7980973 2760071 730519 8190743 8190519 7790743 7790894 2760580 7980973 3730004 3730004 3730004 9350580 5231023 730743 730770 2370973 1760973 8190770 3470200 8870580 7790743 2760964 2760964 2760071 2760752 2760964 2760888 2760888 2760371 2760770 2760928 2760928 2760928 2760770 2760752 2760071 7790888 7790894 9350580 3730241 1031010 1031010 1031010 9710071 9710580 8870580 730928 730580 730519 730880
730560 2760964 7790071 2760580 730969 730580 2760964 2760580 2760964 7790964 730870 7790841 7790841 9350043 7790964 7790857 7790752 7090973 7090973 7090973 9710752 2760580 7790519 1760973 1760973 3470414 8190752 7090973 7090973 8190560 8870043 9711023 7790857 3950371 7090973 9350580 3250857 9710857 8190519 1030282 2760371 1760973 7090973 8190741 7090973 3470969 7090973 7090973 7090973 7090973 7090973 7090973 7090973 7090973 3470200 730770 7090973 7090973 7090973 2760928 730969 730969 2760743 7090973 7090973 8190071 730870 2760888 2760743 730969 730043 7790071 7090973 9710864 5231023 8190741 9710741 8870043
2760752 2760770 2760741 2760743 2760888 7790857 7790200 7790200 7790580 7790857 5370043 5370043 8190043 8190043 910928 9350646 9350646 8870580 7790200 7790071 7790964 2760743 9350043 5370043 7790857 730560 8870043 7790841 7090973 7090973 8190741 3470969 7790752 3470205 7790857 8190371 9350765 3700969 9710770 3470200 8190043 8190371 9710864 9710422 8190752 9710741 9710752 3950043 8190969 9350646 7980973 8190969 8190969 8190969 9710414 8190741 7790200 7790857 7790857 7790857 9710006 9710205 9710969 9710969 8870580 9350646 8871007 3470857 8190913 3470200 8190646 9710920 7790580 8190741 8190646 7790857
8870580 7790580 7790580 7790371 3700519 3471023 9350741 2760043 730043 2760924 9040580 7790371 1760973 8190741 7790841 9710741 7980973 9350043 730043 730928 730928 730580 730580 7980973 730928 3700969 730741 730770 730928 730928 8870043 8871007 8871007 3700580 9040580 3470969 9350646 7790857 7790743 7790200 7790857 7790841 8870544 8870043 8870544 8870544 7790200 7790200 8870772 3471023 2760928 9710969 8190371 9350646 8190646 7790841 8190752 8190071 7790071 2760924 7790200 7790857 7790841 7790857 2760964 7530857 7790857 7790913 8190519 3950371
9710205 9711023 7790741 7790743 3950964 8870772 9040580 7790743 7790071 7790071 7790894 7790888 3700969 3950371 2760371 2760924 7790071 730741 2760580 2760580 2760580 2760371 2760743 2760371 2760043 2760071 2760964 7790841 2760964 2760743 2760580 3470580 2760580 2760752 7790841 2760924 2760580 7790580 3700205 2760924 2760371 9710371 9710205 2760888 7790841 7790841 2760924 3470580 2760071 8190043 7790580 730741 2760071 8190560 7790913 7090973 7090973
730646 8870544 8870544 9350404 8870424 3471023 8870544 730646 8870424 8870544 8870544 730646 8190043 8870424 730741 2760770 730741 8870424 730043 730741 3470969 8190969 3470857 8190363 8190969 7790913 730043 8190071 9710770 8190770 3730004 1760973 3730004 3730646 3730004 3730646 8190043 8190043 7790857 7790913 7790519 730519 730870 2760888 2760964 730870 730043
730043 730043 8870043 730580 730043 730928 7790741 2760043 3470414 9710422 9710580 7790371 7790580 8870580 8870043 9350043 7790841 7790752 3700519 7790741 2760371 2760752 8870772 730560 8870580 7790371 7790841 2760071 2760071 1760973 1760973 7090973 7090973 5370043 730743 7790071 2760043 7790752 2760071 9710422 2760043 730371 730880 8870580 3700580 730071 9040580 8870043 9040580 8190043 730969 730880 9710770 730043 9040580 8190560 8190519 4630200 4630200 4630200 730743 8870772 7790580 7790741 7790580 9710580 3470580 2760964 2760928 2760888 2760888 7090973 7090973 7090973 7090973 7090973 7790752 3470043 3470580 3470414 7790964 730646 730870 730043 7790371 7790371 7790371 7790741 9710006 9710422 7790913 7790841 7790200 2760043 7790894 7790841 9710857 9710006 3470969 9711023 9710920 2760964 3950964 8190371 2760924 3950371 2760924 9710741 7790200 2760770 730043 730043 730741 730043 730580 730580 730870 3700205 9710752 3730004 7090973 7790071
8190969 8790857 8190913 7790752 3470043 8190363 9710006 9710006 8871007 8190519 7790894 8190560 8190043 7790857 8190646 3470857 8790857 3470857 8190371 9710864 7790964 7790741 7790857 8190937 8190741 2370973 1760973 1760973 1760973 1760973 8190765 7790857 3730404 1760973 8190519 2760580 2760580 2760371 2760741 2760371 2760741 2760043 7790741 7790519 7790519 7790519 7790519 7790894 7790752 7790752 730519 730519 9710205 9710371 2760371 2760752 3470519 2760741 3470519 9710422 3470200 8190371 3470969 8190913 3950043 3950043 5370841 8190969 8190752 5231023 8870580 9040580 3470580 8190969 8190770 8190969 7530857 9710006 9710006 9710071 9710969 8190888 730071 3470580 5231023 9710371
7790888 3470043 9711023 2760770 2760770 3470752 3470752 1760973 8190743 8870043 730770 9710422 5370043 2760580 730741 7790752 2760964 9710580 9710741 3470969 2760964 7790519 2760928 8871007 8870580 9711023 7790371 8870424 8870043 730928 730741 5231023 7790743 730969 9710371 730043 3470200 730071 730560 8190519 8190937 7090973 7790752 3470969 730371 730870 9710071 9710752 9710864 8190560 2760071 3731010 3730004
3700580 3730004 9710969 3470205 7790888 730770 730580 730743 730371 730560 730560 730560 7790841 9710741 7790964 7790857 7790857 7790913 9710071 8870580 2760928 730880 3730004 3730004 7090973 7090973 7090973 730928 730043 3470969 730743 7530857 3950371 9710422 5231023 9710580 730560 730043 2760770 2760752 730743 9710920 7790857 7790857 9710422
2760043 2760770 7790841 7790841 7790580 7790964 7790888 7790888 730580 8870580 8871007 8870580 2760580 730580 2760580 7790580 7790841 8190741 730043 9350043 8190043 8190043 3950371 7790741 8870544 730870 730743 2760071 2760743 730580 730043 8870043 730043 8870043 8190888 730519 730743 730928 730580 8870580 2760888 730043 730870 730043 5370043 8870772 7790200 7790580 7790913 9710006 9710580 3470580 9710920 5370043 730371 8190969 8870580 3470580 9040580 8870544 5370043 8871007 730646 4720857 8871007 8870424
2760043 7790964 7790071 8711023 9710770 3470043 3470580 7790888 7090973 7790200 9710580 9710580 9710752 730743 730743 730371 3730004 2760924 2760752 2760770 7790519 3470857 2760741 730880 730870 9710969 3700519 3470969 7790913 7790743 3700969 910928 910928 3730646 3730646 730928 730928 730928 8871007 730646 8871007 7790913 9040580 9710422 7790964 8190942 7090973 7090973 7090973 7090973 7090973 730870 2760928 2760888 2760752 2760770 2760752 8190770 7090973 8190752 7090973 7090973 3700969 2760741 2760752 730741
7790857 7790580 730770 2760928 2760752 2760743 7790964 730580 2760770 7790888 2760770 2760964 8190560 8870580 8870424 730646 7790752 3700519 730519 730580 2760043 2760580 730043 730043 4720857 730969 8870580 8190646 7090973 7090973 7790200 730043 730770 7790857 7790964 5231023 7790913 3700969 3700969 3700969 730969 730770 2760580 8190770 7790857 4720857 7790841 2760580 730580 8870580 2760928 8870580 7790580 2760580 7790743 7790071 7790841 7790071 7090973 7090973 7090973 2760043 2760964 3470043 7790200 730071 5370043 3470200 2760743 730580 730519 730580 730741 9710414 7790743 730519 2760580 730580 2760888 730580 2760580 3470580 7790580 7090973 7790580 730043 7790913
730580 730743 7090973 3470580 730743 730743 7790964 9710519 7790743 7790743 730043 7790841 3470200 8190743 730770 730519 730770 7790580 2760888 2760964 2760043 2760743 7790071 7790371 9710371 2760924 2760924 2760741 2760964 2760743 2760964 2760071 2760888 3950964 2760043 2760741 7790071 7790841 7790741 7790741 7790371 7790913 8870043 7790841 7790743 3950964 7090973 7090973 7090973 7090973 7090973 7090973 7090973 7090973 7090973 7090973 7090973 7790857 3470519 3700770 8190913 730043 730646 8870580 3470043 3470752 9710920 3700770 9710920 7790964 7790888 7790888 9710414 2760888 8190043 7090973 7790857 3950043 7790857 7790857 8870043 7790741 3700205 9710205 910928 9040580 730969 730371 730880 730743 9710864 8190560 730969 8871007 2760371 7790741 7790519 2760924 3470414 7790743 7790743 7790888
730969 8870580 7790371 7790841 7790741 7790741 9710969 2760371 7790519 3470414 3470969 7790841 7790894 7790371 2760071 7790857 3950043 7790857 3950043 7790857 3470414 9710205 3470857 7790857 7790857 7790964 7790894 7790580 2760580 2760741 3470580 7090973 7090973 7090973 7090973 8190646 7790200 5370841 5370043 5370043 730043 8870544 5370043 7790913 3470969 8871007 730560 730646 730969 730870 730880 730928 730880 9350741 730741 730928 730928 8870580 730928 2760928 730928 730928 8870580 730928 8870580 730743 9350580 2760928 8870043 8190913 7790519 9710741 7790841 3471023 3470205 8870043 2760924 8870043 7980973 2760741 730580 2760928 2760580 7790841 2760043 730743 2760928 2760964 2760741 2760043 2760043 2760770 9710371 730043 7790580 7790371 7790580 7790580 3700205 7790200 3700519 8190646 7790857 8190913 8190646 8190752 3950043 730371 8871007 8870043 8870043 8871007 730371 8871007 730928 730928 730371
3731002 8190371 2760043 7790964 2760743 9350043 7980973 3731023 3731023 3730004 7980973 7980973 7980973 8190519 8190519 2760888 8190888 2760743 7790857 8190743 8190371 7790964 1760973 7980973 7980973 730560 3700770 2370973 2760924 5231023 2760924 8190363 8190371 3731023 3731023 8190043 8190043 8190043 8190043 7790857 3730646 4630200 8190043 3950371 3950043 8190043 3731002 3950043 7790857 9710519 9710752 8190770 7980973 7980973 7790857 8190371 9711023 9710857 9710371 9711023 2760888 1760973 3730004 3730004 1760973 8190043 3730004 8711023 3700580 730770 3731023 3731023 8190043 1760973 7980973 3731002 8190043 8190043 8190913 8190371 9710414 8190913 7790200 7790200 5370043 8190371 3730004 7980973 7980973 7980973 8190969 9710969 7980973 2760371 8190969 3250857 8190043 7790741 3730519 3470200 8711023 2760741 3731023 730743 9350741 9350741 2760741 8190371 8190371 2760580 8190741 2760928 8870772 730646 730646 8870043 730560 9710864 8190363 9350741 1760973 7980973 730646 730969 730741 730743 7980973 3730004 2760964 9710519 2760741 730969 3730004 3730200 7980973 7980973 2760924 5231023 5231023 2760924 3470200 3470969 8190969 7980973 8190371 2760743 8190371 730743 7790371 2760371 2760924 7790894 8190519 730969 730928 730371 730741 9350043 730371 9350043 8190043 3730004 3730004 7980973 7980973 730743 7530857 9350741 9350580
730560 7790071 730043 2760964 2760928 730743 7790743 7790200 2760371 9710414 910928 730928 730969 730371 730580 730743 730580 9710371 730371 730371 730646 730371 730580 730043 730928 2760770 730580 730580 730580 730870 730870 7790841 7790841 9710580 3470580 8870043 7790371 2760043 2760043 2760371 3470200 7790371 7790888 7790964 7790580 7790857 7790857 7790200 7790841 2760928 7790841 2760580 730580 2760741 730880 9710580 9711023 730741 730043 730043 730969 730969 7790841 7790371 3470043 2760924 2760924 7790894 7790894 9040580 3470969 3731010 730646 730969 730580 730580 730770 3730004 7790857 8190043 2760580 2760043 7790752 7790371 7790741 1760973 8190371 9350646 730928
8870580 9350580 8870580 730071 3700580 730743 8870544 8870580 8870580 8870580 9040580 8870043 9350741 8190363 8870580 8870580 8870580 730928 8870424 3700580 9350646 730646 3730200 3730200 9350741 3470414 9710371 9710071 3730519 3730004 3730519 3730004 8190363 3470580 730770 7980973 7980973 7980973 3731023 3730004 3730004 5370841 8711023 2760743 7790857 1760973 3730519 4630200 9040580 3700580 9350580 8870544 9710741 9710071 5231023 9710371 9710071 2760752 9710770 8190071 730969 9350580 9710371 730560 9350404 9710422 9710422 9350741 730928 8870580 9350580 9350741 3700580 730770 3700580 3700580 3700205 730928 9350741 7980973 9350404 9350043 730770 9350043 9350741 9711023 2760752 9711023 2760071 730770 8190071 8871007 9710414 9710752 4720857 8870424 2760580 730071 7790888 9710580 7790964 3470857 8190646 7790964 2760043 3470043 7790580 3470043 8190743 7790743 3950371 730741 3700205 3470200 7090973 3731010 3730004 7090973 3730646 8190969 8870043 9350646 8190043 9350043
7790857 7790857 7790857 7790857 730928 3700205 730928 7090973 4720857 2760752 8190770 7090973 3700580 3470043 9710580 7790200 2760964 2760071 3470519 3730004 3731010 7090973 3731010 7090973 7090973 7090973 7090973 7090973 9710422 730646 7790841 9710580 9710864 1760973 7090973 8190743 3700969 9710414 8190646 3730004 8190741 730560 9710371 3950043 730741 7090973 3470205 9710006 3730004 3730004 3730004 7090973 7090973 8190770 9710580 7790752 7790752 7790200 7790841 7090973 9710857 730743 9710519 2760071 2760580 8190519 7790857 8190519 9350741 8870580 3731010 8190741 8190071 7790857 9710741 9710752 9710741 9710414 8190752 8870043 8870043 8870580 7790857 3950043 8190043 9710864 9710864 9710864 3950371 9711023 7790580 730880 8871007 8871007 730880 2760924 7790741 7790371 7790371 7790371 2760043 3470205 9040580 7090973 7090973 7090973 7090973 9710741 3730004
3470969 8190888 3730200 3730200 3730241 8190071 9710857 2760888 1760973 3730004 2760770 7790371 2760371 9710205 8870772 3730004 3730004 2760924 9710006 9710920 2760752 8190071 3731023 1760973 4630200 3730004 3730004 8190560 8190743 8190560 3700770 5231023 9710519 3470752 9710920 9710920 8190913 3731023 3730004 3730404 730371 730043 2760741 7790894 8711023 8190519 8190519 2760752 2760888 9350646 3700580 7790857 7790857 3700519 9350043 7980973 9350043 8190363 7790857 7790857 8190363 8870772 7790841 730043 9350043 8870043 730880 8870043 7980973 8190560 7790580 9040580 730043 8870043 9040580 3470200 9710006 4720857 730043 8190519 7790857 8870043 3950043 8190765 9350741 7790857 8190519 8190519 8190363 3700519 730071 8870580 7530857 730928 730043 7980973 9350043 8190937 8190519 9350043 730043 730043 7980973 7790857
9710920 9710580 8870580 1760973 1031010 1030292 1760973 1760973 5370841 8190071 8190371 4720857 8190071 3471023 8190743 7090973 7090973 3700770 3730004 7090973 7090973 8190770 8190888 2760770 9710770 9710920 730743 9710741 9710580 9711023 9710741 9710864 7790200 7790200 9350043 7790857 8190043 7790371 7790857 8190043 7790857 8190560 7790857 7790841 7790857 9710422 9710752 9710770 9710770 9710580 9710580 3731010 3730646 3730004 9710857 9710519 8190752 8190770 8190743 2760888 4720857 7790371 8190519 9710770 9710071 9710770 9710920 8190770 7090973 9710071 9710071 9710006 7090973 7090973 3950964 7090973 7790071 7790964 7790071 3950964 5370043 7790841 730560 9710920 9710969 9710969 8190071 8190560 3470857 9710422 9710920 9710071 3470752 9710071 8190646 7090973 9710071 8711023 9710071 8190770 3731010 3731010 7090973 7090973 7090973
9710006 3470519 3470519 7790071 2760580 2760964 9710205 3470519 3470200 3470752 4720857 9710969 9710205 3470969 9710741 9710414 9710519 9710864 3471023 3470205 9710006 9710770 9710752 9710414 2760752 2760770 7790071 3470519 7790857 2760770 2760580 9710414 7790519 9710414 9711023 3250857 8870424 8190913 8190043 7790857 8190969 8190942 3471023 8190913 9710519 3470200 3470752 8190770 3470752 8190770 9711023 8190752 3470752 9710770 8190519 8711023 9710752 3470752 9710741 9710752 3470519 9711023 9710071 3470043 3470043 7790888 3470200 8190770 2760770 8190071 8190752 9710414 9710752 3700770 2760741 3700580
3470205 3950964 3470200 7790741 3471023 3950371 7790580 3950964 9710071 3950964 9710422 3470857 9710864 8190888 9710857 3470857 3470857 3471023 3950964 7790841
7790200 3950964 8190888 7790857 7090973 8190646 9710864 8711023 9711023 3470857 3470414 8190071 9711023 7790888 7790371 7790857 7790857 8190646 8190937 6990200 7790071 3470752 2760752 2760071 9710920 3470752 3470857 8190770 8190752 8190646 9350741 8711023 9350741 9710857 7790857 3470200 3950964 8190646 7790857 730969 3470200 9710006 7790894 8190560 3950043 1031010 9350741 3470580 3470200 3470580 8711023 8190371 3470857 8190770 3731010 3730004 8190071 9710422 3470205 8190913 3470752 2760770 9711023 9710371 3470043 8190519 730560 8190942 9710857 3470857 8190770 9711023 9710920 9710741 9710864 9711023 8190829 9710857 8190942 8190913 8190071 3470857 3470857 3470857 3470857 3470857 8190560 8190743 3470857 3470857 8190071 3470857 8190770 3470414 3470857 9710920 2760888 2760964 3471023 730580 2760770 8870580 3471023
3700580 9710071 7790752 3950043 8870043 3470043 8870772 730741 7790857 8870772 7790857 8870580 7790913 730371 8190741 9350741 8870043 730043 7790371 7790371 7790371 2760888 7790888 2760924 3950043 730880 8870772 730770 8870043 8870580 8870580 9040580 7790580 7790743 3700969 3700205 3470969 8870424 9040580 3470580 2760924 8190519 7090973 8190888 7090973 730646 7790913 3950371 7790371 7790913 7790752 730928 9710371 730580 730043 730646 8870580 7790913 7790071 8190043 7790200 7790200 7790200 7790857 7790857 7790857 7790857 7790857 7790857 7790857 7790857 7790857 7790857 7790857 7790913 7790857
8870580 9040580 3470580 9040580 730580 4720857 7090973 3730004 8190646 3700969 3700969 730969 730928 9710371 9350646 7790857 8870544 8870772 3700580 3471023 8190560 7790857 730043 730743 2760071 2760928 3470205 2760071 7790071 7090973 8190071 8190519 2760752 730741 2760928 8870580 8190646 3950043 9711023 3470752 8870580 730880 730560 8870580 9040580 3471023 7090973 7090973 9711023 9710414 7790741 3700519 3700519 3470205 7790894 3950371 3470969 3470414 8190363 7980973 3730004 9350043 730560 8870580 730880 730043 2760928 3470043 7790071 9710864 3731023 3730241 1760973 3730200 3731010 3730004 3731010 9350580 8870580 730928 730741 9710371 2760371 2760371 9710371 9710371 3730004 3730004 3730646 2760928 2760741 7790888 2760770 2760924 9711023 7790071 7790888 7090973 7090973 8190043 8190043 8190043 8190043 7790857 7090973 7090973 7090973 9710371 9710422 8190371 3470414 7090973
1760973 3730004 7090973 8190519 730043 9710422 3700205 9710580 730770 8870580 730580 3700580 9710580 3700580 8870580 3470580 3470580 4720857 8190743 730580 730580 7790519 730646 3950371 3700580 8870580 9040580 9710422 9040580 730928 730870 2760741 9710414 3730004 1760973 3730004 1760973 3730004 7090973 7090973 3700205 9710371 3700969 3700969 8190969 1760973 7090973 7090973 3700580 7090973 8190770 9710422 3700205 9710422 3730646 8190043 8190043 7790857 7790857 2760928 7090973 7790964 3730004 3731010 3731010 3730004 8870772 8190560 8190942 3731010 3470414 2760741 9711023 2760924 2760928 8190519 3470519 910928 2760743 7790519 9710519 2760741 7090973 7790857 3950043 3950043 8870580 3700580 730880 7790519 3700519 2760741 3700969 3700969 3731010 7090973 7090973 7090973 7090973 8190646 7090973 730043 730043 730928 8870772 8190646 3700969 3950964 9710741 7090973 8190913 730870 730580 2760043 3700969
7790964 2760043 2760043 2760071 2760580 3470414 9710006 9350580 3470857 730371 3730004 7090973 3470857 2760043 2760043 7790894 7790894 3470043 2760371 2760043 2760043 3470043 9710205 3950964 730580 9710920 2760043 9710969 3730004 8190741 7090973 4720857 730741 3470969 3470200 3950964 9710741 7790741 730560 9710519 8190770 2760741 8190071 2760743 2760964 3250857 2760580 3470857 3470752 7980973 9710864 3471023 9710864 9710422 4720857 2760924 1760973 8190043 3700580 3470580 3470752 3700770 8190071 3950964 4720857 7790888 9710857 7790741 2760743 3700770 3470857 9710371 9710422 9710920 3700205 3700205
7790519 2760741 2760741 730371 8870772 9350741 8190741 9711023 730880 910928 3700969 8870043 9710580 2760770 3470200 9710519 7790913 9710414 9710580 9710414 3470414 3470969 7790741 8870580 3470580 7790888 7790371 8870043 7790371 730071 3730004 3730004 3730004 730969 730519 730519 730519 730928 730580 2760371 2760043 7790519 8870043 8870043 7790841 8870580 730043 730928 730646 8871007 730646 730043 7790857 7790857 7790741 730580 730741 730928 8870424 730969 8870580 730969 730646 8871007 730928 8870424 8871007 8871007 730969 730371 730969 5370043 730969 8871007 730969 8870043 8870043 730969 730371 730928 8871007 730043 730043 5370043 7980973 730928 3700969 730741 3700519 9710519 3470969 9710205 2760043 7790200 2760371 7790741 2760924 8190043 8190770 730519 730043 2760770 2760770 2760770 7790752 7790894 7790888 7790894 2760741 8870043 8870043 7790371 7790741 7790071 2760043 7790071 7790894 7790741 7790964 8870043 9350043 730741 8870043 8870043 7790741 7790071 2760371 7790741 7790371 7790894 7790743 8870043 7790894 8870043 8870580 730969 730969 730928 730519 730580 730580 8870580
7790857 5231023 9710741 2760371 7790519 2760770 2760371 2760043 2760580 8870580 7790200 7790743 730646 730043 2760043 2760043 8870580 730870 5370043 7790752 730043 8870043 2760924 730371 8870424 2760043 9350043 8190043 7790841 7790888 9350741 7790752 2760964 7790894 8870544 8190071 3730004 3730004 8190741 730743 7790894 730770 730646 8870043 9710580 2760752 8711023 8190071 7790857 7790071 7790841 730371 3470969 9710741 9710414 3700969 3700205 7790894 910928 7790580 7790741 7790580 8870580 8870580 7790580 7790580 7790580 7790913 5370043 7790580 7790580 7790580 7790519 7790371 7790371 7790741 730969 730969 3470519 3470969 9710414 7790857 730770 8870580 9710371 9710414 9710422 730969 3700969 910928 2760071 9710920 8871007 730580 9710422 2760071 2760770 3470519 7790743 8190743 730580 730560 8870580 3700580 9710580 8870580 9710752 9710414
7790371 9710006 3471023 7790894 9711023 9710770 9710864 3700205 3470414 9711023 9710752 9710752 3470752 7790752 7790841 7790071 7790752 3470043 9710414 3950964 9350741 9710414 9710752 3470200 3470200 3470043 9710371 7790964 3470580 7790071 9710371 3470200 9710006 9710371 730741 9710969 3700969 3470969 3470043 7790741 9710741 9710414 9710920 3470969 3470414 9710741 2760770 7790743 7790743 7790743 7790071 7790888 3470200 3470752 9710422 9710920 3700969 3700770 9710071 7790371 7790071 7790519 7790913 8870043 730371 730371 8190942 8190043 8870424 2760924 730969 730519 730519 2760741
8870580 730870 2760580 7790580 7790741 7790580 730770 7790752 7790580 8870580 8870580 7790519 730646 7790519 9040580 7790913 3700969 9711023 5231023 3470414 7790580 910928 3700519 9710519 9711023 8190371 7790741 7790580 2760043 2760043 7790519 7790519 9710741 7790857 3470200 3470205 3470580 8870043 8871007 8870043 8870772 8870772 7790580 2760580 7790071 7790071 7790071 7790913 7790913 7790913 730770 7790371 8190741 7790371 7790580 2760043 2760043 2760043 2760741 2760924 2760043 7790519 2760043 2760043 2760043 3470519 7790071 7790913 7790913 7790888 7790743 7790580 7790071 7790888 7790888 3470043 3470043 7790964 7090973 7090973 7090973 2760741 2760741
7790741 7790371 730646 730880 730071 7090973 7790913 8870580 2760741 730580 730560 3470200 8190371 7090973 7090973 7090973 7090973 3470857 9710414 9710741 730560 730870 8870043 3470519 2760928 8190743 7090973 7090973 7090973 730770 2760043 7790752 2760752 3471023 730519 730880 9710920 9710864 730969 7790743 8870043 730043 7090973 7090973 7090973 8190969 9350741 9710519 730646 3470969 7790913 730519 730880 730928 730519 730371 9350741 9710741 3470519 4720857 5231023 9710371 9710371 7790741 7790371 7790894 7790741 7790894 8870424 3700969 3700205 7790841 7790741 5370043 4720857 3470857 9710770 9710969 7790580 730928 730928 7790200 2760928 2760580 2760964 7790964 2760888 2760888 5231023 8190969 8190646 7790888 3470857 3471023 7790743 8711023 3700969 3700519 730969 730928 730646 730741 7790371 2760741 7790913 7790964 3470043
730043 730043 5370043 730928 730969 5370043 8870544 8870580 730519 730928 3470205 3700519 730743 2760888 2760928 8871007 730928 8871007 910928 910928 730880 730928 730928 8870772 730969 730928 730928 730928 730880 8871007 730928 8871007 8870772 3470969 2760741 3470969 730880 3470519 7790741 730519 8870580 730560 8870580 8870772 8870424 7790741 7790371 8870580 2760580 8870772
730071 9350646 9350741 730741 7790752 7790519 3700519 7790913 730519 730519 9710422 730519 730519 730519 730741 3470519 7790071 7790913 8870043 730928 730928 730928 3700969 730043 730043 2760888 2760743 2760741 7790841 7790964 7790888 2760964 2760371 7790371 7790371 3470043 3700969 9710969 9040580
3700205 9710422 730741 3470580 9710857 3731023 8190969 8190770 730880 2760888 2760770 9040580 7790964 9710864 9710371 3730004 8190371 9710422 3470205 3470414 7790371 7790894 7790071 2760371 9710422 7790580 3250857 730646 730928 8870580 730928 3730241 730928 730928 730646 730928 8870580 2760741 2760924 7790752 7790888 7790743 8190646 7790913 7790913 9040580 7790741 7790913 7790741 7790741 7790841 2760071 2760752 730741 730646 2760752 730580 730580 730928 3470857 2760043 7790752 2760743 5231023 7980973 8190743 9710071 8870043 7790752 3700969 3470857 7790741 3470857 7790857 9710857 2760964 7790741 2760371 3470969 8870580 910928 8870424 8870580 2760580 2760043 8870043 8190560 8190560 7790743 2760888 2760743 2760043 2760043 2760371 7790894 7790743 7790857 8870424 9710741 9710969 9711023 9710422 730371 7790741 7310646 8190363 2760580 9710580 3470205
8190519 730870 730870 8870580 7790743 7790741 3700519 9710519 9710519 3470752 3700770 3470752 3470752 3470519 9710006 7790741 8870043 730880 730880 3470200 9711023 730560 730560 9710422 2760043 9710969 9710422 5231023 8190888 7790741 3470200 3470580 730071 3470205 730741 3470969 730870 3250857 3470580 3470580 2760580 9350580 730580 2760964 2760043 7790200 2760043 7790913 730969 730580 8870580 9350043 8870043 2760924 7790741 9040580 9710422 9710580 3470580 9711023 730741 3470580 2760043 8870043 8870043
7790741 7790743 8190071 7090973 7090973 7980973 8190519 730519 730371 730519 730743 7790200 7790371 2760743 7790071 8190741 8190560 9710969 3700969 730371 730371 7790519 7790371 8190560 8190519 730870 7790200 7790371 1760973 730580 730580 7790519 5231023 9350741 2760371 7790888 730646 730646 730560 7790913 2760741 7790200 730580 730043 8870580 2760928 730969 2760043 730580 2760043 730770 9040580 8870424 730043 8870043 730928 730646 8190519 7790200 8870043 8870580 2760928 2760928 7790913 3950371 8190371 8870580 730743 730741 9350741 2760741 730646 9710371 730646 730043 9350043 2760928 7790371 2760924 8870580 8870580 9350646 730870 2760580 8190071 8190371 8711023 2760752 9710920 730071 9710857 8190043 730043 730743 730519 9350646 2760928 2760928 2760580 730580 9350580 2760928 8870772 730519 8870772 7980973 730741 2760371 730928 730646 8870580 8870580 7790200 2760043 9350741 9350741 8190371
9710006 4630200 3470857 4720857 9710414 9710864 9710864 7790580 9710422 8870580 7980973 1760973 8190043 9350580 9350580 8190371 8870772 730560 3470200 2760741 2760924 2760371 3700969 9710205 8190969 8190743 2760888 7790752 3471023 7790071 7790071 730371 730071 9710969 3730004 3731010 3950043 7090973 8190888 9710371 8190519 2760743 9710969 9710580 8190888 3730004 3730004 3730004 3470519 9710071 2760743 7790371 7790741 7790888 2760743 730580 730580 730646 7790857 7790200 3950043 8871007 7790857 8870580 7790841 7790841 7790580 5370043 8190043 9710371 730928 730969 3700969 3470205 3470969 9350580 8190071 3470580 9040580 9710580 2760741 9710422 9710920 9710071 9710920 9710071 9710071 3730004 3731010 3731010 3730004 7090973 7090973 7090973 7090973 730870 730870 730928 730880 730880 730928 3470580 2760743 7790894
730770 730880 7790371 7790519 7790200 730371 730560 9710580 8870580 730646 3950964 8870772 730043 730043 730043 730071 730743 9710006 8870043 9710770 730560 2760580 2760964 2760071 9710920 9710071 9710920 9710969 3700770 730928 3700770 9711023 8190071 8871007 5370043 9710770 730371 730560 730560 7790964 7790743 8870580 9710071 9710071 8711023 730071 730071 9710920 8870580 730071 2760580 2760580 2760752 730580 9710371 3470969 9710920 9711023 7790371 9710752 9710920 9710920 8190743 730880 730071 9710371 2760043 2760043 2760043 2760770 2760888 7790888 2760743 2760743 2760071 2760743 730580
9710422 9710580 730560 9710414 8190043 7790857 9710770 2760888 2760743 3470519 9710741 3470519 8190519 7790743 7790071 7790913 3470857 8190743 2760770 2760741 2760770 2760924 7790752 9710414 8190741 9710741 3470752 3700770 3470580 7790752 8190071 8190646 2760770 8190770 9710519 9710071 9710920 9710006 9350043 730560 7980973 730371 730646 8870043 730880 2760924 8190560 7090973 2760071 8190371 2760888 3470200 5231023 4630200 3730646 3730004 2760371 9710519 7790519 8870043 730071 3731002 3731002 5231023 8190770 8190741 8870043 730928 8870043 2760928 5231023 2760770 7790741 8190913 9710414 9710414 8190770 8711023 8190043 9710857 8190741 3470857 9710205 7790371 3700969 9710422 3950371 8190071 9710920 7790888 7790743 3470519 3730004 8190646 1760973 9710422
8711023 730560 7790841 9710920 7790888 9710770 3470752 730770 3470752 4720857 2760580 2760071 2760888 7090973 7090973 7090973 7090973 5370043 2760071 9710770 9710205 3470969 3470200 9710770 9710422 2760043 9710770 9710770 3470752 3471023 9711023 2760043 7790888 8190888 2760743 9710770 730743 2760743 2760964 2760964 2760071 9711023 8190969 9710969 9710969 3470752 8870580 2760580 2760043 2760043 2760770 9710770 7790913 9710071 2760752 2760043 2760043 7790371 7790964 7790071 7790964 7790894 7090973 3730004 3730004 7790964 3470200 9710422 3470752 7790071 9710006 2760964 3470580 9040580 3470519 8190371 3470752 7790888 3470752 730770 3470200 3470414 3470200 8871007 8190743 3730004
3700205 5370043 7790857 7790200 9350580 7790580 730880 730870 2760371 2760371 9710071 9350580 3700580 9710006 9040580 5370043 4720857 8870580 8870580 8870580 2760371 7790741 9040580 7790741 7790913 730743 8190043 7790071 7790741 3470200 2760071 9710580 2760752 3470043 2760743 3470043 7790743 7790913 730880 3470969 7090973 7090973 8190043 8190752 9710920 2760741 8190770 3730004 3730004 3731010 3730004 3730004 8190371 9710857 8190043 9040580 9040580 7790888 9710580 3470580 3700580 2760743 9710920 9710920 8870580 7790580 7790857
4720857 3730004 4720857 3730004 3730004 3730004 7090973 3730004 7790371 3470580 8190741 3730004 7090973 3731010 3731010 3730004 3730004 3730004 1760973 9710422 9710770 2760741 2760924 7790743 7790743 5231023 3700580 9040580 3470580 9710580 2760071 9710205 9710580 2760071 9710071 3730004 7790964 7790964 2760043 2760071 7790964 2760743 3470752 3700770 3470519 3730646 1760973 3470857 9710371 3470200 8871007 730880 3470519 7790371 2760888 7790857 3470857 3470857 8190743 9710741 3700770 9710969 2760888 2760371 3731023 8190519 3470519 9710580 8190371 8190888 9710969 7090973 7090973 8190913 9710006 3470857 3470414 7790857 9710371 3470580 3470580 9350580 9710580 730560 3470857 7090973 3730646 2760043 7790964 7790857 7790752 9040580 9710770 3470414 9710071 3470414 9710920 3730004 3730004 7090973 9710414 9710741 9710422 2760888 9710422 9710741 9710741 3470857 3250857 9710414 3470205 8870580 7790857 9040580 7790841
7790857 7790857 7790857 8870043 730043 9350043 8870580 730580 8870580 910928 3700969 3470043 3470519 2760924 3471023 2760770 2760752 3471023 8190646 730560 2760043 8870043 7790371 8190519 2760964 7790888 7790888 7790752 3470519 3470519 7790752 7790519 2760928 2760928 7090973 3730004 7090973 7090973 7090973 7090973 3470043 3470043 7790200 730519 2760741 2760770 9711023 7090973 3730004 7790743 7790741 3470969 3470043 7790071 3471023 2760743 8870580 8190741 730371 730580 730743 730770 2760770 7790888 7790071 8190741 9710741 9350580 910928 3470969 7790371 3470043 9711023 9710580 7090973 3470857 7790519 2760743 3470519 7790371 2760888 3950964 7790743 7790964 7790913 7790743 7790857 1760973 8190519 8190519 7790741 7790894 3700969 3700969 730043 8870580 8870580 7790580 7790743 7790743 7790841 7790913 9710071 8190770 7090973 3470519 7790071 9710519 7790857 9710920 2760924 730741 2760743 9710864 3470205 3470200 2760043 2760741 7790841 3470969 9710519 2760371 9711023 3470969
3470043 3470043 7790071 9040580 8190560 8870580 8870580 9040580 9350580 3700580 3700580 3700580 3700580 3700580 8870580 8870043 9040580 9040580 9040580 9040580 8870580 9040580 9040580 3950964 7790071 2760928 8190071 5370043 7790964 730043 7790841 8190770 3950043 7790071 8190071 9710920 8190888 7790888 7790857 2760888 7790888 7090973 1760973 2760770 8190043 8190071 8190646 9710422 7790894 7790913 8870772 7530857 7790857 7790857 7790200 7790857 8190743 2760964 2760743 7790071 7790071 9710920 7790964 8190519 7790964 7790857 7790964 2760043 730043 730928 730646 8870043 8870043 8870043 8870580 7790071 2760043 7790857 7790894 3470519 2760924 7790371 3470519 3470043
7790743 8870043 7790071 7790071 3470200 8870580 730743 730560 7790964 7790743 7790741 8870580 9710969 7790752 3470200 9040580 7790743 7790752 730560 2760752 8870580 7790071 730071 7790913 7790741 730928 7790580 9710205 2760043 7790888 7790752 9040580 7790743 7790964 7790743 7790841 7790371 7790741 7790888 730770 730371 2760752 3470205 3700205 7790371 7790913 7790913 9711023 3470580 7790071 9710920 3950964 3950371 7790071 7790071 3950964 3950964
7790743 8870580 8870772 730870 730870 730043 730043 8870544 730646 9710414 9040580 9710770 3470752 9710920 7790071 8190743 8190969 8190646 8870580 730928 5370043 730519 730519 730928 8870580 8870424 3700580 9350741 2760043 730071 730870 2760580 730870 730519 730519 730928 730928 730560 730870 730928 730870 730928 730928 730928 730743 730743 730870 730928 730928 730928 730928 730928 730043 730928 730870 8870424 8871007 730928 2760928 9350580 730880 730870 2760743 730870 730870 730770 730770 9350580 9350580 2760371 3470200 8870580 2760752 9710920 8711023 9710071 8870043 730071 2760580 2760371 9350580 730870 9350043 9350043 2760043 2760888 2760071 2760928 8870580 9711023 2760888 2760743 2760743 2760743 8870580 9350580 730870 2760371 730870 7790200 730743 730870 2760924 2760043 2760071 7790071 8870544 7790371 7790200 730580 730580 2760580 730870 730870 9710920 7790071 2760924 8190519 7790964 730880 2760924 2760964 2760071 9710414 7790371 9711023 8711023 730071 2760928 8870580 2760580 7790580 2760888 7790743 2760752 5231023 2760770 8190752 8870580 2760580 9350580 2760752 8190071 730741 730580 7980973 2760743 5370043 9710422 730743 730870 2760928 2760752 2760043
9710422 3470414 3470857 8190743 7790741 7790894 7790071 2760888 2760743 2760743 2760743 7790857 2760371 730371 9710422 7790857 7790857 7790857 3950371 7790894 7790964 3470857 8190969 8870580 730071 9710422 9040580 9710857 7790913 9710414 9710857 9710006 3950043 8190519 3470857 7790857 3470200 2760924 2760741 9710422 3470580 3470580 2760964 9710857 8190741 3471023 9710071 9710371 2760964 7790857 2760924 7790857 8711023 9710857 8190071 7790743 4720857 7530857 9350580 730580 2760924 2760043 2760580 2760743 7790071 9710920 7790752 7790071 2760888 7790752 3470043 7790071 9711023 3470580 3470857 7790894 2760888 2760964 7790071 3470200 3470200 9710857 2760743 8711023 9710741 9710371 7790580 9040580 8870580 9040580 3950964 8190071 3470200 7790741 7790741 7790888 7790913 5231023 2760924 3470857 8190646 3730004 8190741 8190371 8190071 2760770 7790752 7790857 2760043 2760043 2760043 2760924 2760043 7790857 8870043 8870043 7790857 8190942 4720857 3470857 3470857 730560 2760888 7790888 7790071 3470752 3950964 3950371 7790752 9710071 9710071 7790888 7790752 8870043 9710770 7790913 3470752 9711023 3470857 8190888 8190743 2760888 2760043 7790071 2760071 9710857 8190888 2760770
8870043 7790857 7790743 7790071 9710770 8190741 9710371 3470969 9710071 7790743 910928 8190043 8190363 8190071 3950371 2760580 9710580 2760770 2760752 9710371 9710864 8190646 9711023 730646 8870043 7790913 3950371 7790580 3470752 3470200 9710071 7790371 3470580 7790580 3470414 7790371 730371 7790964 8190888 8190519 8870043 9710969 7790741 3470200 9710864 3471023 8190071 2760580 2760752 2760770 9710770 8190752 2760741 3470414 7790071 7790071 3950371 8190770 7790752 3470200 7790857 7090973 8190743 8190752 7790071 5370043 7790964 7790888 3470519 3950964 8870580 8870580 2760743 7790894 2760371 730969 3470969 8190969 2760580 2760741 2760770 2760741 2760752 730371 9710071 3470580 7790743 7790743 730371 9710422 8190770 3470580 7790743 7790894 7790743 2760043 5370043 2760924 9710864 2760741 9710580 7790888 9710580
1030292 5370841 5370841 5370841
7790913
null
7790841
null
null
7790200 7790841 7790841 7790857
null
8870544
5370841 9350043 9350404 3950043 4880973 9350646 7790200 5370841 8870544 7790857
7790841 7790857 5370877 8870544 7790841 7790841 8190913 5370043 7790857 5370043 8870544 7790200 4630200 1030292 1031010
null
null
null
null
null
4630200 1031010 1031010 1031010 1030292 2370973 2370973 7310564 9350646
null
8870544 1760973
null
null
5370200 7980973 7790913
null
5370200 3950043 8870544 7980973 5370200 7980973 7980973 1030282 7980973 1030282 730969 9350741 8870424 8190043 3731002 1030282 1030282 1030282 1030638 1030292 1031010 730071 7790913 8870772
null
null
4630200 4630200 3731023 1030292 1031010 3731002 4630200 1030292 1030638 1030638 1030292 1030292 1031010 1760973 4630200 1030292 1031010 1030292 1030292 1031010 1030292 1031010 1030292 3731002 3731002 1760973 1030638 1760973 1031010 3731023 1030638 1030638 1030282 1031010 1031010 1031010 1760973 1031010 5370841 1031010 1760973 4630200 1031010 4630200
8870544 5370200 3950043 8870544 9350404 3950043 1030282 7980973 5370841 3950043 8870544
null
null
3950964
null
null
7790841
null
null
4630200 4630200 9350646 7980973
null
null
null
null
null
null
null
null
8870544 8870544 9350741
null
null
null
1030282
null
null
null
null
3950964
7790841
8870424 3700770 7790519 7790519 8870544 5370200 3730519 7790857 7790857 9350646 4630200
null
null
1030282 5370841 7790200 5370200 1030282 7980973
3950043 3950043 8871007 7790200 8190969 7790841 5370877 3950043 5370841 8870544
5370841
null
null
null
null
7790857 8870544 7790200 3950043
null
null
8190363 8190363 1030282 3731023 1031010 1030292 1030292 5370841 7310646 7980973 8871007 1030282 4630200 4630200 1760973 3700969 8870544 7790200
null
null
5370877 2760928 8190877 8190937 8190937 1030282 3730241 8190829 3730404 3731002 7090973 5370841 5370877 8190765 3731023 8190363 7790841 7310601 3730646 4630200
7310646 6760601 8790857 9350404 8190829 5370841 9350404 5370877 9350404 5370877 9350765 8190829 3731002 8190646 9350404 3730829 8190829 3250857 5370877 7310601 3730404 3730601 6760404 8190363 3730829 9350580 6760404 8190942 3731002 8190829 8190829 9350404 9350404 5370877 8190765 9350404 8790857 7980973 7310564 2370973 4880973 7310765 4880973 4880973 4880973 7310404 9350404 8190942 5370877 8190877 7310404 9350404 3730404 3730765 8790857 6760601 8190942 3730404 6760857 8190765 3730404 9350765 9350765 8190942 3731002 3731002 7310601 7980973 7310646 7310646 3731023 7310601 3730404 1030638 2370973 6760601 7310601 7310646 7310601 6990200 6760404 8190741 9350765 7980973 3730241 2370973 4880973 4880973 4880973 7310601 1030282 5370877 9350404 9350404 9350580 9350765 7310564 3731002 8190829 9350404 9350646 8190937 9350404 8790857 3730765 9350404 8190877 8190877 8790857 8190765 9350765 8190829 8190765 8190877 9350765 5370877 6760601 8190765 6760857 9350765 3730765 6760404 9350765 9350404 6760404 5370877 6760601 8190363 5370877 8190765 8190363 9350765 9350765 8190942 3730765 3731002 5370877 9350765 8190363 9350765 6760404 6760601 8190519 3250857
7530857 730770 9350765 7310564 1030282 5370841 8190937 3731002 8190829 1030282 1030282 2370973 7980973 1030282 7310601 9350765 1030282 8190363 8190363 8190937 9350765 3700770 8190363 8790857 8190519 8190829 1030292 7310646 7980973 5370841 9350404 3250857 1030282 8190519 3730241 8190942 6760601 6760404 3730241 7530857 8190363 8190942 8190646 6760404 8870424 8190363 4630200 3730404 8190829 8190829 4880973 4880973 4880973
3250857 8190877 3250857 2370973 9350404 3250857 8190765 8190877 8190765 8190877 8790857 6990200 7980973 8790857 6990200 8790857 3250857 6760404 8190765 8790857 8790857 6990200 8190942 3250857 8790857 8190877 8790857 8190942 8790857 8190877 8190829 8190765 8790857 9350404 8190937 3250857 8190877 8190765 8190877 6760404 8790857 3250857 8190071 8190765 8190937 8190877 8790857 3730200 9350765 6760601 8790857 8190765 8190942 8790857 6990200 8190913 3250857 9350765 8190765 8190829 6990200 8190829 8190877 8790857 9350404 8190829 8190765 8790857 9350404 8790857 6990200 8790857 3730200 8190765 8790857 9350404 8190829 7310765 5370043 7790200 8190765 8190877 8190829 8190765 8190829 9350404 4880973 1030638 7310404 8190877 6990200 8790857 9350765 6990200 8190765 8190877 3250857 8190765 8190942 8790857 3250857 8790857 8190829 9350765 6760404 9350765 6990200 8790857 7530857 8190942 8190765 8190877 8190877 9350404 8190765 3250857 8790857 9350765 8190877 8190765 8790857 3250857 8790857 6990200 9350404 3250857 8790857 8190765 6760404 3730601 8190942 6990200 3730829 8190942 8790857 8190829 6990200 8190829 8190877 8190877 8190765 9350765 8190829 8790857 8190765 9350765 9350765 6760404 8790857 7980973 8790857 3250857 3250857 6760601 8790857 6990200 8190877 6760404 8790857 5370877 9350404 8190877 8790857 8190877 9350404 8790857 8190877 6760404 8190765 8790857 8790857 9350404 8790857 8790857 8190877 8790857 8790857 6760404 8790857 8190829 6760404 8190765 6760404 8790857 6760601 8190937 9350404 8790857 8190829 7980973 9350404 7530857 3730601 8190765 8190877 9350765 3730004 7530857 8190942 6990200 8190829 6760601 5370877 6760601 8190942 2370973 3730004 3730404 9350765 9350404 8790857 3250857 8790857 8190877 3250857 8190765 3250857 6990200
3730200 3731002 3731002 7310646 3730200 3730829 3730519 8190829 3730519 3730601 3730404 7980973 8190877 3730404 8190829 3730601 7310404 7310765 3730404 6760857 3730519 3730241 3730601 6760404 3730829 3731002 6760601 6760857 6760857 3730241 7310601 7980973 3731002 7310601 3730601 6760857 3731002 6760404 3730519 7980973 7310765 3730404 7310646 3730404 3730241 3730200 3730829 5370877 3731002 3730519 3730829 3731002 3730241 7310646 3730241 3730601 3730646 3730765 7980973 7980973 3731023 3731002 3730241 3730519 3730519 3731002 8190765 3730765 6760857 3730601 3730601 7310404 3730404 7310646 6760404 9350404 9350765 5370877 6760404 7980973 3730404 8190937 6760404 3730765 6760601 9350404 8190942 6760601 3730765 7310601 6760404 6760601 3731002 3730241 7310765 6760857 3730404 5370841 5370877 5370877 1760973 3730829 6760404 6760404 3730404 7310646 6760601 3730829 7310564 3730601 7980973 3730601 7310646 3730601 3731002 7980973 3730404 1760973 6760857 3730200 2370973 3730601 7310765 3730200 3730200 7310404 4630200 7310564 3730829 3730404 7310564 7310601 7310404 7980973 7310404 7310601 6760404 3730765 3730404 3730601 7310646 6760404 3730601 6760857 3730765 3730601 3730241 3730765 3730601 7980973 7980973 3730200 3730601 3731002 3730601 9350765 6760857 7980973 3730829 3730601 7310765 3731002 7310564 3730765 6760857 7980973 6760601 7310646 3730765 3730241 3730601 3730601 6760857 3730829 7310601 1760973 1030282 3730829 3730404 3730200 7310646 7980973 3730404 3730765 7980973 3730519 7310564 7310765 3731002 3731002 6760601 3730241 8190877 3730765 3730519 6760601 7310646 3730601 3730765 3730601 3730404 7310564 9350765 3730601 7310601 6760601 3730404 3730404 3730404 3730829 3731002 6760404 6760601 6760601 3730765 1760973 3730404 7310564 3730241 7310646 7310564 6760857 9350765 6760601 8190877 3730765 3730404 7310404 7310601 7980973 7310564 2370973 7310564 3730004 3730829 3730404 7980973 7310601 3730404 3730404
8790857 8790857 8790857 8190829 8190877 6990200 8790857 8790857 8190877 8190877 8190877 8190765 8190877 6990200 8190829 6990200 8190765 8790857 6990200 8790857 8790857 7530857 8190829 6990200 6990200 8790857 6990200 6990200 8190877 6990200 8790857 8790857 8790857 7530857 6990200 8790857 8190371 3470200
8790857 7310765 9350646 8190877 9350404 6990200 6990200 8190371 8190942 8190829 8790857 7530857 4720857 730580 8190829 8790857 6990200 8790857 6990200 3250857 6990200 6990200 6760601 8790857 8190942 8790857 8190829 6990200 7310601 7310404 7310404 7980973 8190765 8190877 8190877 6990200 8190363 6990200 7310404
8190877 3731002 9350404 8190877 3950371 8190829 3730519 3250857 7980973 3730601 8190829 6760601 8790857 8790857 8190942 5370841 6760404 8190043 7790857 7790841 7980973 9350646 8190363 8190942 3250857 8190765 4880973 8190937 8190363 5370841
8190765 8190877 6990200 8190741 6990200 6990200 6990200 6990200 6990200 6990200 6990200 6990200 6990200 6990200 8790857
3731002 3730404 7980973 3730829 3730829 5370200 7310404 6760404 7980973 5370841 9350043 9350765 8190363 3730404 5370877 9350404 6760601 7310404 5370841 8190043 7980973 9350404 8190829 7310564 5370877 9350765 7980973 8190765 8190829 6760601 7980973 3730601 7980973 5370877 7310404 6760601 3730829 9350765 5370877 3731002 9350043 3730829 1760973 9350404 9350765 3731002 5370200 9350765 7980973 3730241 9350765 5370841 7980973 1030282 7310646 7310564 7310765 9350765 7980973 7310404 7980973 7980973 7310601 7310601 4880973 4880973 4880973 4880973 4880973 4880973 4880973 5370200 7310564 7310564 7980973 4880973 4880973 4880973 7310646 7980973 5370200 9350404 7980973 5370877 7310601 3730765 7980973 6760404 7980973 6760601 7980973 7310404 4880973 4880973 4880973 4880973 7310601 7310601 7980973 7980973 7310646 3730241 7980973 3730200 3731002 7310404 7310765 7310646 1030282 7310765 7310601 7310646 7310646 7310601 7980973 7310646 7980973 7980973 7980973 7980973 7980973 3730829 7980973 9350404 4880973 7310404 7310564 7310601 1030282 7310564 7980973 7310646 6760601 7310601 7980973 7310646 4880973 4880973 4880973 7980973 9350404 6760601 7980973 7310765 6760857
8190752 8790857 6760857 7310601 9350404 4880973 7310404 7310765 7310765 7310601 7310404 9350765 9350404 7310601 9350404 8790857 8790857 9350580 7310601 7310646 7310765 9350646 8790857 9350404 8190765 8190765 6990200 8190829 6990200 8190877 6990200 8190877 6990200 8190877 8190765 8190877 8190765 8190829 8190765 6990200 8190765 8190877 3250857 5370877 8790857 8190937 8190829 6760404 8190765 8190877 7310564 7310765 9350404 7310404 1030282 9350404 9350765 9350580 8190829 7980973 3730200 7310404 9350765 3730829 6990200 9350765 6760601 7310646 7530857 3250857 9350765 9350404 8790857 6760601 9350765 9350404 6760601 9350404 7310601 7310404 8190942 8790857 3730519 6760857 7310564 9350765 6760404 8190877 6990200 8190829 8190829 8190765 8190877 9350404 8190765 8190877 3250857 8190765 3250857 6760404 8190765 6760404 9350765 8190765 6760404 9350404 8790857 9350765 8190829 8790857 8190877 8190829 8190877 8190942 8790857 8190765 8190765 9350404 8790857 8190765 8190877 8190363 8190877 5370841 8190765 3250857 8190363 3730601 8190765 9350646 8790857 8190765 8790857 6990200 9350765 8190877 8190937 8190942 8790857 8190363 9350646 9350404 6990200 8790857 8790857 8790857 9350765 3250857 8790857 8190829 9350404 9350404 8190765 6760404 8190765 7310404 7310646 7310404 9350404 9350404 7980973 7310601 8190765 8190942 9350765 9350404 6760404 8790857 3250857 7530857
8190942 8190829 9350646 8190942 8190765 8790857 8190741 7530857 8790857 8190765 8190765 8190765 8790857 8190942 8190765 8790857 8190765 8190765 8790857 8190913 7530857 8790857 8790857 8790857 3250857 8790857 8190877 8190877 8190765 8190829 3250857 7530857 8190877 6990200 8190765 8790857 8190877 8190913 8190765 3250857 8190877 7530857 8190765 8190877 8190877 6990200 3250857 9710857 8190765 3250857 8190765 8190765 3250857 8190765 8190829 8190942 3250857 8790857 8790857 8790857 3470857 7530857 8190877 8190877 8190765 8790857 8190942 7530857 3250857 8190765 8190646 8190829 7530857 8190765 7530857 8190877 3250857 8190765 8190877 3470857 8790857 8190765 3950371 7530857 8190765 8790857 8190765 8790857 8190765 8190765 7530857 3250857
8190829 9350404 8190877 3730241 7980973 3730004 3731002 8190877 7310404 7980973 7310404 8190765 9350404 6760601 9350404 6760601 9350404 8190765 8190829 8190371 3250857 8190829 8190765 9350646 8190877 8190765 3730601 8190765 6760601 8190877 8790857 8190877 9350404 6760404 8190646 8190877 8190829 8190829 8190877 6760404 8190765 8190877 6760404 8790857 8190371 6760404 8790857 5370877 8190829 9350765 3250857 8190765 8190877 8190765 8190877 3730241 8190829 8790857 8190829 8190765 8190765 6760601 8790857 8190942 3730404 8190937 9350765 8190877 8190877 6760404 8190363 8190877 8790857 9350741 8790857 8790857 6760601 8190942 9350404 8190741 3250857 6760857 8190942 8190942 8190942 8790857 8190877 9350404 3250857 3250857 2370973 9350404 8790857 6760404 7310765 7310765 7310646 7310601 7310765 4880973 4880973 7310601 7310765 7980973 7310564 7310646 7310646 3731002 7310646 9350404 9350765 4880973 7980973 7310646 8190877 9350580 7310765 6760404 3730241 7310564 7310601 6760857 8190877 9350765 7310601 9350765 9350404 7310601 3731023 8190765 7310601 9350765 6760601 3730601 7980973 3730200 3250857 9350404 7310404 7310765 9350404 8790857 1030282 7310765 6760404 9350765 9350765 7980973 7310601 3730241 7310601 3731002 9350404 7980973 5370877 8190363 8190765 7310765 9350404 6760857 6760601 6760404 8190363 8190877 6760404 7310564 8790857 8190942 3730601 8190942 6760404 6760404 8190877 8190877 3250857 8190913 8190765 3250857 9350404 8790857 6760404 7310765 8190877 6760404 3250857 8190765 8790857 8190877 6760404 8190765 8790857 8790857 6990200 8190765 9350765 8790857 8190829 8190829 8190877 3730601 3250857 8190877 8190829 6760404 8190877 3250857 8190765 9350404 6760601 3250857 8190942 8790857 8190877 8790857 6760601 3730404 8190765 8190877 8190765 8190877 8190829 8790857 8190877 6760601 9350404
8190829 3730765 5370877 6990200 8190829 9350404 9350404 8190765 8190829 5370877 9350404 6760404 9350765 5370877 8190829 8190942 6990200 8190765 6990200 8190765 5370877 8790857 8190877 6990200 8190829 8190646 6990200 9350404 9350765 5370841 8190765 8790857 5370877 8190942 8190765 9350765 9350404 8190942 9350765 8190829 9350404 6760404 9350404 8190829 5370877 5370877 9350765 8190765 9350765 8190877 9350765 8190765 8190765 9350765 8190765 8790857 9350404 8790857 8190765 6760404 8190829 5370877 6760404 8790857 6760601 6760404 6760404 9350765 9350404 8190765 9350404 9350765 6990200 8190765 6760404 8190765 8190765 9350765 3250857 8790857 9350404 8190829 6990200 8190877 8190765 8190829 8190765 8190765 8190765 8190765 5370877 8790857 3250857 8190765 8190829 3250857 8190829 3250857 9350404 5370877 5370877 6990200 8190942 8190765 9350765 8190877 8190829 8790857 8790857 3250857 9350765 8190829 8790857 8190942 8790857 8190942 6990200 6990200 8190829 8190765 8790857 8190371 8790857 7310765 1030638 2370973 1030282 1030282 2370973 2370973 7980973 7310601 9350404 8190765 6760601 4880973 7310404 7310601 7310646 7310404 7310765 7310601 7310601 7310601 7310404 7310404 7310404 7310646
9350404 8790857 9350404 8190829 8190765 8190765 8190765 8190877 9350404 8190765 9350404 6760404 8190765 9350404 3250857 8190829 3250857 8190765 7530857 9350765 9350404 3730601 8790857 7310601 6990200 8190877 9350404 8190829 8190877 8190829 8190765 8190829 9350765 6760601 8790857 9350404 8190829 9350765 9350765 9350765 6990200 9350765 7980973 8190829 8190942 9350404 3730829 6760601 9350765 6760404 4880973 7310765 8190877 9350404 8790857 8190829 6760857 8790857 8190969 9350765 3730601 7310564 7310765 6760857 7980973 7980973 7310601 9350404 9350765 7530857 9350404 8790857 8190942 8190829 9350404 8790857 9350765 9350404 3250857 8190519 9350765 9350404 8190829 8190741 8190765 8190765 8190942 8790857 9350404 3730241 8190071 3730519 9350404 7310564 7980973 9350646 5370877 9350404 8190829 8190877 8790857 6760601 9350404 6760601 9350765 3250857 9350765 8190765 5370877 8190877 9350404 3731002 9350765 9350765 9350765 3730241 8190829 9350765 9350404 3731002 3730519 6760404 6760404 6760601 8190877 6760404 8190877 6760404 8190942 8190937 8190877 6760857 7310601 7980973 7310601 9350765 4880973 4880973 4880973 4880973 7310564 7310765 7310601 7310564 9350404 9350404 8790857 8790857 9350404 8190765 8190877 5370877 9350404 9350404 9350765 8190877 6760404 8790857 8190765 7980973 7980973 9350404 7310765 2370973 7310601 8790857 3730404 1030282 5370877 9350404 5370877 6760404 8790857 8190942 3250857 8190371 8190765 9350765 9350404 3731002 8190942 3250857 9350646 3730404 6760404 9350765 8790857 6760601 3730404 1030282 6760404 8190829 8790857 5370877 8190765 9350404 3731002 7310564 1030282 7310564 7980973 7310601 7310564 7310564 3730241 3730404 9350404 5370841 3250857 8190942 8190937 3250857 6760404 9350646 8190877 6760404 3250857
7530857 3250857 7530857 3250857 9350765 8190363 3250857 8190829 8190937 8190829 9350404 8190877 8190765 3250857 8190877 3250857 8190363 8190765 3250857 9350404 8190829 7530857 8790857 8190829 5370877 9350404 8190765 5370877 7530857 8190877 8190646 9350765 5370877 9350765 8190765 6760601 8190765 9350765 8190937 8190942 3250857 6990200 6760404 8790857 9350404 8190765 8790857 9350404 8790857 9350404 3731002 9350404 8190765 6760601 8190765 8790857 6760404 9350765 7310601 9350404 9350404 8190765 9350404 6760601 8190942 8190765 3250857 6990200 8190363 6760601 3250857 9350765 8190942 3730404 3730829 3730829 9350765 8190829 7310601 6760601 3730646 9350404 8190829 8190765 7310601 3730601 6760857 9350404 3730241 3730404 9350404 3730829 3730829 7980973 3731002 6760404 3731002 7310765 6760404 7310404 7310646 3730829 7310601 9350765 7310564 3730765 7310564 9350404 3730829 9350404 9350043 6760601 9350404 6760601 7980973 5370877 5370877 7310404 6760601 6760404 5370877 3730601 9350765 8190829 7310765 3730601 6760601 6760404 5370877 3730241 9350765 3730829 5370877 5370877 6760601 9350765 3730519 6760601 7310601 8190942 3730404 8190942 4630200 3730829 6760404 8190877 8190877 7310765 5370877 6760601 3730765 5370877 9350765 5370877 8190829 6760404 8190877 5370200 9350404 8190519 9350765 8190829
8790857 3730404 8190829 5370841 3250857 2760580 2760580 8870580 8190741 1030638 7310601 7980973 6760404 8190371 3250857 8190937 8190937 1760973 8790857 7530857 8790857 3730241 7310646 8190363 9350404 8190371 8790857 9350404 8190942 8190829 7980973 6760404
7980973 9350765 6760857 3730241 7310404 5370841 1760973 7310564 7310564 3250857 8190877 9350765 8190829 7310601 6760601 8871007 3250857 8190765 8190877 8190877 8190937 7980973 3731002 3730601 8190646 8790857 8790857 8190765 4880973 7310564 7310646 5370200 7980973 3730241 7980973 3730404 3730765 9350765 1030282 3730404 5370877 8190942 9350765 3730404 7980973 8190829 8190765 8190646 8190913 8190765 3730241 3730519 3730519 8190646 9350765 3730601 3730646 3730404 3730646 7310564 3730765 7310646 3730404 3731002 3730241 7980973 1760973 7980973 7310646 7310646 3731002 7310404 3730200 7980973 7310601 5370200 3730601 7980973 7980973 3730404 3730241 7310564 7980973 3730765 7980973 7310646 7310404 1760973 7310404 2370973 7980973 7310646 7310601 6760601 7310646 9350646 8190765 8190829 8190765 8190877 1030282 6760857 7310646 7310601 7310646 3730519 8190519 8190829 8190765
5370200 5370200 3731002 5370200 9350765 6990200 8190363 9350580 8190937 7980973 6760404 5370200 7980973 1030282 1030282 7310646 1030282 8190363 8190363 5370841 8190363 8190765 8190765
5370877 8190829 730969 9350404 9350404 8190829 3250857 7980973 7310404 3730519 3250857 4880973 9350404 9350646 9350646 3250857 8790857 8790857 5370877 9350404 8190913 9350765 3470200 8190646 8190363 9350646 9350404 1030292 5370877 7790913 7530857 5370877 3731002 8790857 7310564 4880973 8190829 3730519 9350765 9350404 8190765 9350765 9350765 7980973 9350404 4880973 9350646 2760928 3250857 8870772 4880973 8790857 730741 8190363 2370973 7980973 8190942
8190942 8190363 7530857 5370841 7790200 3730646 3731002
3730241 5370877 3731002 3730241 5370841 5370841 9350765 3730241 8190937 8190363 3730646 8190043 6760857 8190363 6760601 7980973 8190937 9350043 3731002 8190913 8190969 5370841 5370841 5370841 5370200 8190043 5370877 8190969 7980973 8190937 7980973 8190043 7980973 5370841 5370200 5370200 3730241 5370200 5370200 8190519 3731002 3731002 9350646 7980973 8190969 5370200 5370877 8190877 3730241 5370200 9350580 9350765
7310765 3250857 6760601 7310765 2370973 3700770 3470205 7530857 8190888
8190937 1030282 5370200 1030638 4880973 1030282 4880973 1030282 1030638 7980973 730519 8190519 3731023 1030638 1030292 4880973 7980973 7980973 5370200 5370200 1030638 1030282 7980973 8190770 8870544 9350404 3250857 8870544 4880973 7790857 8870580 5370841 7790200 5370841 8190519 3470969 4720857 8790857 7310404 7790580 7790913 5370200 5370841 8870580 5370043 8190937 7980973 910928 5370200 9350646
9350580 4880973 4880973 4880973 4880973 4880973 1030292 7980973 5370200 2370973 1030282 1030292 1030638 1030282 1030292 1030282 5370200 5370200 5370841 1030638 7980973 8190765 7980973 1030638 1030638 1030292 1030282 5370200 4880973 4880973 4880973 4880973 1030292 4880973 4880973 4880973 4880973 1030292 4880973 7980973 5370200 8190765 8870580
9350765 8190942 8190765 8190942 9350765 2760071 1030292 4630200 1031010 7980973 7090973 1030638 7790857 7790857 7790580 3730646 5370841 2760580 7310765 7310601 9350580 9350043 1030292
3700969 9350404 7790580 8190646 1030282 3731023 7790200 2370973 4630200 4630200 9350580 7790580 7310765 9350580 9350580 6760857
910928 1030292 7790580 9040580
8871007 4880973 4880973 2760071 8871007 9350646 5370841 8190743 7790200
1030282 4630200 7310564 7980973 8190646 7790519
5370200 1030282 9350404
3950043 5370043 7790580 1031010 1030282 9350646 8870544 8870043
8870544 7310601 7310646 1030282 9710969 7530857 7790857 3950371 1760973
7790857 1030282 4880973 4880973 3731002 7980973 7790519 1030638 1030292 7090973 4880973 7980973 3731002 5370200 4630200 8190765 1760973 4630200 1030292 7980973 7310646 3730646 4630200 3731023 8190646 7310646 3730241 1030292 7310646 7980973
8870580 7790580 1030282 5370200 1030282 5370200 1030638 5370200 5370200 1760973 1030282 5370200 1030282 3731002 1030282 4880973 1030638 1030282 1030282 1030638 4880973 1030292 1030282 1030638 1030638 5370200 5370200 1030638 4880973 4880973 5370841 5370841 8871007 1031010 1760973 1031010 1030282 4880973 5370200 1030282
