210
4630200 9350765 3731002 4630200 1030292 250200 1760973 4880973 1030292 3731002 7980973 1760973 4630200 1030282 3950043 3731023 4630200 3731002 1760973 1030292 1030292 1760973 1030857 1760973 2370973 1030282 5370200 5370200 4630200 1030292 1030282 4630200 7790857 4630200 4630200 4630200 3730200 3730241 7980973 3731023 3730200 1030282 1030282 4630200 3950043 4630200 4630200 4630200 250200 1760973 4630200 4630200 1030857 4630200 4630200 3730646 4630200 4630200 5370043 1760973 1760973 4630200 4630200 250200 4630200 4630200 4630200 7980973 3731002 3730241 8190519
8190913 4630200 1030292 1030857 4630200 250200 3950729 7790841 9040969 730928 9350114 9350765 730928 1760973 4630200 7980973 4630200 4910200
null
null
null
null
3731002 8190770 8190770 3730765 6760857 9710422 6760857 6760857 1030282 6760601 8790857 9710770
3950371 7790741 9350580 8870580 7790913
7980973 730741 3730004 250200 1030282 8190942 6760857 3730646 7980973 3731002 1760973 3730829 7310404 7310404 7980973 8190741 3950729 3950043 4630200 5370200 7980973 7980973 6760601 7310765 4880973
3731002 8711023 7980973 7980973 9350700 9710864 9350114 4910200 5370200 3950729 4880973 4880973 1030292 7980973 250200 8190942 8190877 8190888 4630200 4630200 4630200 8190765 9350700 9350700 9350765 9710752 8190371 4630200 3730519 4880973 7310601 7310765 9350114 8190741 8190913 7980973 7980973 4880973 7980973 1030282 1030282 1030282 1760973 1030282 1030282 8190913 9350700 9711023
8190646 4630200 3731002 3731002 3731023 3731023 1030292 1030292 1030282 1030282 1030282 250200 4630200 1760973 1760973 1030282 1030857 1030282 250200 4880973 1030292 7310564 1030282 1030282 3730200 1030282 1030282 1030292 7980973 1030282 1760973 1030282 3731023 1030282 1030282 1760973 1030857 1030292 1030857 1030292 1760973
3470580 7790969 3950729 3470743 3470752 3470200 9710752 7790888 9710770 3470743 7790752 8190043
null
7790841 9710752
7790937 910928 9040969
9040580
null
9710071 2760580 3470752 250200 2760857 3470857 8190888 8190765
9040857 5370043 8190519 9040969 2760928
4630200 1030282 4630200 1760973 4630200 1760973 250200 730928 250200 1030282 3730765 4630200 3730601 4910200 3730601 1030282 8190770 2760770 7790841 3250857 3730601 8190942 2760752 9710770 9710770
3731002 5370200 3950043 3950043 9710770 9350580 9350700 9350700 3470200 2760752 9350765 7790913 730928 9350114 5370200 730928 8871007 8190765 3730765 8190646 7790894 3730200 7980973 1760973 4630200 3731002 4880973 7980973 1030282 1030282 1030282 1030282 7980973 3731002 3730646 5370200
8190942 8190888 2760770 9710872 2760743 8190741 9040857 3950371
9040857 2760580 2760580 9710752 3470580 9710770 3470752
7310635 7310635 7310635 7310471 7310635 7310635 7310471 7310471 7310471 7310635 7310471 7310635 7310471 7310635 7310471 7310471 7310471 7310635 7310635 7310471 7310635 7310471 7310471 7310635 7310652 7310652 7310652 7310471 7310471 7310471 7310471 7310471 7310471 7310471 7310471 7310635 7310471 7310471 7310471 7310635 7310471 7310471 7310471 7310471 7310635 7310635 7310471 7310471 7310471 7310471 7310471 7310471 7310471 7310471 7310471 7310471 7310471 7310471 7310471 7310471 7310471 7310471 7310471 7310471 7310471 7310471 7310471 7310471 5110471 7310471 7310652 7310471 7310471 7310471 7310471 7310635 7310471 7310635 7310635 7310471 7310471 7310471 7310471 7310471 7310471 7310471 7310471 7310635 7310471 7310471 7310471 5110471 7310635 7310471 7310635 7310635 7310471 7310471 7310471 7310471 7310471 7310471 7310471 6270652 7310471 6270652 7310471 7310471 7310471 7310471 7310471 7310471 7310471 7310471 7310471 7310471 7310471 7310471 7310471 7310471 7310471 7310471 7310471 7310471 7310471 7310471 7310471 7310471 7310471 7310471 7310471 7310635 7310652 7310471 7310471 7310471 7310471 7310471 7310471 7310471 7310471 7310471 7310471 7310471 7310471 7310471 7310471 7310471 7310471 7310471 7310471 3731002 7310471 7310471 7310471 7310601 6270652 7310471 7310652 7310471 7310471 7310471 7310471 7310471 7310652 7310471 7310471 7310471 7310471 7310471 7310471 7310471 7310471
7310471 7310471 6270652 6270652 6270652 5110471 7310471 5110471 5110471 5110471 5110471 5110471 5110471 5110471 5110471 5110471 5110471 7310471 7310471 7310471 5110471 5110471 5110471 6270652 5110471 7310471 5110471 5110471 5110471 5110471 5110471 7310471 6270652 7310471 6270652 6270652 6270652 6270652 6270652 6270652 6270652 5110471 6270652 6270652 6270652 6270652 6270652 6270652 6270652 6270652 6270652 6270652 5110471 5110471 5110471 6270652 5110471 6270652 6270652 6270652 6270652 6270652 6270652 6270652 6270652 6270652 6270652 5110471 6270652 6270652 7310471 5110471 6270652 6270652 5110471 6270652 5110471 5110471 5110471 6270652 5110471 5110471 5110471 5110471 7310471 6270652 6270652 5110471 6270652 6270652 6270652 5110471 6270652 7310471 6270652 5110471 6270652 5110471 5110471 5110471 6270652 5110471 5110471 5110471 1940652 5110652 1940652 7310471 5110471 5110471 1940652 5110471 5110471 5110471 5110471 5110471 7310471 5110471 7310471 5110471 5110471 5110471 7310471 5110471 7310471 1940652
6270652 6270652 1940652 1940652 7310765 1940652 5110471 5110471 1940652 5110471 1940652 5110652 5110652 7310652 1940652 7310652 5110652 7310652 6270652 5110652 5110652 1940652 5110471 7310652 6270652 5110471 1940652 5110471 6270652 7310471 7310652 1940652 5110471 1940652 7310652 6270652 5110471 7310471 7310471 5110471 7310652 6270652 6270652 7310471 7310471 6270652
7310471 7310471 7310471 7310471 7310471 7310471 7310471 7310471 7310471 7310471 7310471 7310471 7310471 7310652 7310652 7310471 7310471 7310471 7310471 7310471 7310471 7310471 7310471 7310471 7310471 7310471 7310471 7310471 7310471 7310471 7310471 7310471 7310471 7310471 7310471 7310471 7310471 7310471 7310471 7310471 7310471 7310471 7310471 7310471 7310471 7310471 7310471 7310471 7310471 7310471 7310471 7310471 7310471 7310471 7310471 7310471 7310471 7310471 7310471 7310471 7310471 7310471 7310471 7310471 7310471 7310471 7310471 7310652 6270652 7310471 7310471 6270652 7310471 7310471 7310471 7310471 7310471 6270652 7310471 7310471 7310471 7310471 7310404 7310652 7310471 7310471 7310471 6270652 7310471 7310471 7310471 7310471 7310471 7310471 7310471 7310471 6270652 7310471 7310471 7310471 7310471 7310471 7310471 7310471 7310471 7310471 7310471 7310471 7310471 7310471 7310471 6270652 7310471 7310471 7310471 7310471 7310471 6270652 7310471 7310471 7310471 7310471 7310471 7310471 7310471 7310471 7310471 7310471 7310471 7310471 7310471 7310471 7310471 7310471 7310471 7310471 7310471 7310471 7310471 7310471 7310471 7310471 7310471 7310471 7310471 7310471 7310471 7310471 7310471 7310471 7310471 6270652 7310471 7310471 7310471 7310471 7310471 7310471 7310471 7310471 7310471 7310471 6270652 6270652 7310471 7310471 7310471 7310471 7310471 7310471 7310471 7310471 7310471 7310471 7310471 7310471 7310471 7310471 7310471 7310471 6270652 7310471 7310471 7310471 7310471 7310471 7310471 7310471 7310471 7310471 7310471 7310471 7310471 7310471 7310471 7310471 6270652 7310471 7310471 7310471 6270652 7310471 7310471 7310471 7310471 7310471 7310471 7310471 7310471 7310471 7310471 7310471 7310471 7310471 7310471 7310471 7310765 7310601 7310471 7310471 7310471 7310471 7310471 7310471 7310471 7310471 7310471 7310471 7310471 7310471 7310471 7310471 7310471 7310471 7310471 7310471 7310471 7310471 7310471 7310471 7310471 7310471 7310471 7310471 7310471 6270652 7310471 7310471 7310471 7310471 7310471 7310471 7310471 7310471 7310404 7310471 7310471 7310471 7310601 7310471 7310471 7310471 7310471 7310471 7310471 7310471 7310471 7310471 7310471 7310471 7310471 7310471 7310471 7310471 7310471 7310471 7310471 7310471 7310471 7310471 7310471 6270652 7310471 7310471 7310471 7310471 7310471 5110471 7310471 7310471 7310652 7310652 7310471 7310471 7310471 7310471 7310471 7310404 7310652 7310471 7310652 7310471 7310471 7310471 7310471 7310471 7310471 7310471 7310471 7310652 7310601 7310652 7310471 7310471 7310471 7310471 7310471 7310652 7310471 6270652 7310471 7310652 6270652 6270652 7310652 7310471 7310635 7310471 7310471 7310471 7310652 7310471 7310652 7310471 7310471 7310471 7310652 6270652 7310471 7310471 7310652 7310471 7310652 7310471 7310471 7310471 6270652 6270652 6270652 6270652 7310471 7310471 7310652 7310471 7310652 7310652 7310471 1940652 7310652 7310652
7090973 7090973 7090973 8190371 7790857 8190646 8190043 2760857 8190770 2760857 8190519 7790857 8190043 7790857 8190519 8190930 8190741 8190741 8190930 8190888 8190888 4630200 8190371 8711023 8190888 9710071 3250857 2760752 9710920 8190964 3470752 3730004 3730004 7980973 5370043 2760770 1760973 3730004 8190930 7790857 9711023 8190071 8190741 7790857 3950371 7790857 8190741 8190043 8190770 3470857 8190071 9711023 8190741 9710857 9710857 8190741 8190770 8190071 2760857 8190043 9710752 9710752 8190930 1760973 3730004 7090973 3730004 8190888 9710857 2760741 8711023 2760964 8190741 8190741 8190071 8190964 8190371 9710857 8190770 8190930 7980973 1760973 9710857 8190770 8190071 3950371 9350930 3730004 3731002 7090973 7090973 8190930 8190646 9350043 8190646 3730241 8190741 9350930 7980973 9350930 8190071 7980973 7980973 3731002 2760857 8190043 8190646 8190646 8190519 3950371 8190741 3730646 4880973 1760973 7090973 7090973 8190646 9350930 9350930 730857
7790937 7790857 7790937 7790841 5231023 7790841 7790857 3470200 7790964 7790913 3470857 7790841 5370043 2760928 730857 730580 730646 7790580 8870043 7790043 7790043 7790841 7790913 7790580 2760928 2760928 2760928 8870772 7790857 730857 7790857 3470580 9711023 7790841 7790743 8190913 9040043 8870424 8870043 8870580 8870580 8870580 2760580 8870580 2760371 8870741 8870741 7790937 7790913 7790937 9040580 9040580 9040580 9040580 3470580 7790888 9040969 9710371 2760371 8870043 2760857 2760930 2760371 8871007 730928 9350043 2760580 730857 730646 9350043 5370043 2760580 9350580 8190770 8190646 8190043 9040580 730043 730043 7790580 8870580 7790937 7790937 3470200 7090973 7090973 7790937 8870043 8870580 7790580 2760964 3730646
730969 8870741 3470580 730043 730580 2760043 7790857 7790937 8870043 7790043 7790043 7790857 7790913 7790841 7790964 3470043 2760924 7790937 7790741 7790841 9710371 2760371 7090973 7090973 7090973 7090973 7090973 7090973 7090973 7090973 7090973 7090973 7090973 7090973 7090973 7090973 7090973 7090973 7090973 730580 730580 730560 8870043 7790888 3470043 2760743 2760071 2760071 2760043 8870772 730043 730043 7790894 7790857 8190519 7090973 7090973 8190964 7790743 2760928 7790894 2760924 2760043 7790743 7090973 7090973 9710857 2760741 2760371 7090973 3730004 3730004 3730004 7090973 7090973 7090973 2760857 3730004 3730004 730857 730371 2760043 7790741 2760043 2760741 7790888 2760770 3470043 7090973 7090973 7090973 3730004 7090973 7090973 7090973 7090973 7090973 7090973 7090973 3730004 3730004 8190043 3250857 8190964 730928 730580 730371 730857 9350580 730928 730928 730560 8870741 8871007 3470200 7790937 730560 7790580 8870580 3470580 9040580 7790841 8190646 910928
7790857 8190741 8190770 730857 8190930 5370043 7790857 3731002 8190646 9350930 8190930 2760741 8190930 3250857 8190829 9350043 8190930 8190930 8190888 9350930 9350114 9350930 8190043 8190519 8190043 8190930 8190930 8190888 3731002 7980973 3731002 8190770 8190930 8190043 3731002 3731023 8190646 8190043 8190043 8190519 8190043 3950043 3731002 730857 730857 2760964 730857 8190646 1760973 1760973 3730004 1760973 3950043 5370043 8190770 8190071 8190930 8190646 8190930 8190888 9710857 8190770 8190888 9710857 8190942 8190371 9710857 8190770 9710770 8190942 5231023 3730004 6760857 8190942 9350114 8871007 8190888 8190646 7790741 8190371 8190043 8190646 3950371 7790857 8190646 3950043 8190770 7790770 8190043 7790857 8190519 9710752 8190770 9710752 8190770 9710857 3470752 3470752 8190888 8190770 8190071 9710857 3470857 3470857 2760857 9710752 8190770 9710857 9711023 2760857 7790857 8190043 3470857 8190888 8190770 9710857 2760857 9710857 9710857 3731002 8190770 8711023 9710864 9710414 9710864 9710864 9710864 9710864 730741 2760371 2760371 2760371 2760371 2760371 2760371 2760580 2760924 2760580 730580 730580 730580 2760580 2760580 2760964 2760043 2760964 3470580 7790770 9711023 3470580 2760752
9710371 9710422 9710422 3470857 3730004 3730519 6760857 9040580 9350043 5370043 730043 9710371 2760371 2760743 8190043 730043 730580 8870580 8870580 7790580 7790580 7790841 7790937 8870580 3950371 3730646 9710071 730969 730371 730580 3731002 9350043 8190043 2760857 7790888 8190371 8711023 730560 9350043 9710872 9710770 3470200 7790857 3950043 3950043 9710857 9710857 3470857 2760857 3470200 8711023 3730004 3470200 5370043 2760857 7790371 2760752 7790857 8190043 8190519 7790937 8190071 3730004 8190043 9710752 3730004 8190930 8190646
8711023 3950371 9710371 9710752 9710371 730043 5370043 5370043 2760930 7790857 7790857 7090973 7790841 7790841 7790969 9040857 8711023 9711023 8190942 8190770 8190371 8190741 9040857 8190770 3730646 3730646 3730646 8190770 8190770 9710770 3470857 9710920 8190964 8190888 8190888 2760857 8190071 3470857 7790857 3471023 7790770 7790857 7790857 7790894 8190043 8190071 8190913 8190043 8190942 8190964 7790857 3950043 7790857 3470200 8190043 3470743 8711023 3470200 8190519 8190519 8711023 8190770 7980973 8190930 3470857 2760743 3470857 3470752 9710770 3730004 3731010 3470857 8190913 9350930 3731002 6760857 8190071 8190371 8190913 8190646 8870741 7790857 2760857 8190930 8870424 7790969 7790841 7790857 7790969 8870424 7790857 8190930 8190913 9040969 7980973 9350930 8190913 8190519 7790770 7790857 8190770 3730004 7790770 8190770 730857 2760857 8190770 8190770 7980973 3731002 7980973 7980973 8190519 8190964 8190913 3950043 9040857 3731002 9350580 8190930 8190646 7980973 9350580 3730519 2760857 8190913
9710864 8870741 7790969 8870741 8870741 8870741 730741 8870741 8870580 9350930 730857 3470200 5231023 9711023 3731010 3730646 3730004 3731002 8190770 8190930 3730646 730857 3250857 3730200 3731002 3731023 7980973 3731002 2760741 2760930 2760857 2760857 2760857 7980973 7980973 7980973 7980973 2760930 9350930 730857 7980973 2760857 3730241 2760930 2760930 1760973 3730519 3730646 3731023 3731002 9350930 3731002 3730004 7980973 9350580 9350580 2760752 9350930 8190930 2760857 8190770 8190519 7790857 8190646 1030292 1030857 2760857 9711023 7790937 3470200 9711023 3470752 3730004 3730004 2760752 9350580 2760857
3470580 9040580 8870580 9040857 8870772 8870772 9710752 3470752 3470752 9040969 8870741 7790371 8870772 7790752 7790371 7790371 7790937 8870772 8870772 8870772 8870772 8870772 7790741 8870772 7790752 7790371 7790371 7790752 7790913 7790371 7790371 8870741 8870741 7790371 3731002 2760743 2760743 2760743 8711023 3470743 3731023 9350043 8190071 7790770 8190964 7790969 7790770 3470043 9710071 9710872 9710920 7790888 3470200 910928 8870580 8870741 7790580 7790841 7790937 9710857 8190741 3470857 7790371 3470743 3470743 9710920 9710920 8190043 8190071 8190371 2760857 2760857 8190930 1760973 8190646 8190913 9710770 9710414 2760930 2760964 8870043 8870580 3470580 2760043 3470200 730928 730560 8870580 8870580 8870580 9350580 730857 9350580 730371 9710371 730043 8870580 2760924 8870580 7790580 3250857 3470580 2760580 2760580 9710770 9710071 3470580 9040857
8190930 8190888 8190888 8190964 7790857 2760857 2760964 8190964 3471023 9710414 7980973 3730519 7980973 5370200 2760770 3471023 8190741 9710770 9710752 3470200 8870772 8190770 8190964 8190770 8190371 6760857 9711023 8190741 3470200 8190964 8190770 7790857 8190741 2760371 7790857 7790752 9040043 3470743 9350580 9350930 8190930 8711023 2760743 3470200 8190646 8190770 7790857 7790857 8190913 8190741 3950043 9711023 2760071 9350043 3470752 730560 7790752 3470752 9710864 9710770 3470752 2760770 9710371 9040857 2760930 2760928 2760964 2760580 2760857 2760580 2760857 8190930 2760857 2760930 2760857 2760770 2760930 2760741 2760857 2760857 2760580 2760924 7790770 7790841 7790841 7790857 7790857 3950043 3950043 7790857 7790857 7790857 2760770 2760741 8871007 7090973 9710857 2760857 9710752 7790741 7790857 7790857 3950043 7790857 9040857 3950043 7790964 3950043 7790857 3950043 7790841 7790857 7790857 7790857
3950043 7790937 7790913 7790043 8870741 8870741 9040857 7790043 3950043 7790841 8870043 8870043 7790937 8190741 2760741 8190043 8190930 7090973 7790857 8190043 3250857 9710770 7090973 3470200 3470743 730646 7790841 9040580 3731010 3731010 730560 8190930 7790752 7790857 7790888 8190043 9710422 9710414 9040580 9710422 9040580 9040969 4040200 9040043 730928 8870580 7790841 3471023 3730004 3730004 7090973 8190930
7790857 7790857 9711023 2370973 3731023 3731023 3731023 1030282 1760973 3950043 3470043 2760071 2760071 8711023 2760071 7980973 2370973 2370973 2370973 2370973 7980973 8190770 8190913 2760857 7790743 2760743 7790894 7790964 7790894 7790894 7790770 7790913 7790752 3471023 7790743 7790894 7790743 7790841 7790937 2760770 2760964 7790770 3730200 2370973 2370973 4630200 1760973 3470200 9710770 3730004 3730241 9710920 2370973 2370973 7980973 1760973 8190071 8190888 7790888 7790857 7790894 7790894 3470043 2760743 9710371 7790741 3950043 3950043 7790857 2760071 8870741 9710071 7790752 3470200 8190770 4880973 2760071 7790888 3470743 3470743 7790743 7790888 7790743 2760857 5231023 8711023 8870043 3470200 2760071 8870043 3470043 7790888 7790888 7980973 7980973 3730004 3730004 7980973 7980973 3470752 9710770 9710920 9710920 7790888 9710752 9710071 2370973 9710422
9040857 9040857 9040857 9040857 9040857 2760043 8870741 8870424 3730004 7090973 3730004 9040857 3471023 2760741 2760043 5370043 7790937 9040580 9040580 2760741 5231023 1760973 8190888 1760973 9710422 9710371 5231023 7090973 5231023 8190913 9040857 9710770 3730004 9710371 9040580 9040580 7790857 2760741 9710371 2760924 9710857 2760857 2760857 9710752 9710752 3470752 7090973 8190519 8190646 9040580 9040580 7790770 7790894 7790913 7790741 7790913 7790741 7790741 7790752 7790888 8190942 3470200 7790857 8711023 2760071 9710920 3470200 9040857 9710422 2760924 3730004 3730004 3731010 3730004 9710422 2760741 3250857 730371 2760928 9040857 9710872 8190913
9040580 7790841 7790937 9040580 3950043 7790937 7790743 7790937 7790841 3950371 8870741 7790371 7790371 9040580 7790741 7790937 7790937 7790371 7790937 3950371 7790857 8870741 7790857 8190741 8190371 9710872 9710371 2760924 9710864 2760770 3470743 7790743 4630200 7790937 8870741 7790937 2760928 9040580 3470200 2760371 2760928 8870741 2760924 7790964 9710770 9710920 8190913 8870580 8870580 8870741 8870741 8870424 730857 8870043 730371 730741 730580 730580 730928 8871007 730928 730043 730928 2760741 2760928 730371 9710752 730857 9350930 730857 730741 2760924 2760924 8870424 8870043 7790741 8870741 3470200 3470200 9711023 8190071 8870741 8870424 3950371 7790580 7790741 7790937 2760928 8190930 8870741 9710414 2760743 2760043 2760928 7790841 8870043 7790580 3470200 9710422 730043 9350043 9350043 730969 910928
2760924 2760752 2760924 9710371 9710864 2760580 2760371 2760741 2760741 8870580 2760580 2760928 2760580 7790580 7790841 7790580 8190770 8190741 2760770 9710414 2760770 2760924 9710371 3730004 9350930 8870741 5370043 8190930 9710864 730580 9710071 2760930 8870741 3731002 7980973 730043 730043 2760043 9710752 730741 8190964 8190964 2760071 9710864 1760973 9350930 730646 3470752 910928 730928 730371 2760371 7790841 8190519 2760857 2760580 8870043 2760930 2760928 730580 9350930 730857 8870580 2760930 9350580 9350580 730969 730560 730969 2760371 2760924 730371 9350580 2760741 2760857 2760580 8870772 8870043 7790841 7790964 7790937 7790913 9040580 7790888 9710920 9040043 7790841 7790937 8870580 8870741 7790580 9040580 7790913 3950371 7790913 7790913 7790937 730741 8190071 7790857 7790743 9040580 8870580 7790841 2760857 2760857 2760857 7790857 7790841
7980973 730857 2760930 730857 9350930 5231023 2760741 2760928 7980973 7980973 9350930 730857 2760857 730857 730560 8870580 9350580 5370043 730857 8870580 2760928 2760043 730371 730646 2760928 2760043 3470043 2760071 2760371 730371 7790371 730560 730043 730371 730043 2760928 2760928 2760071 8190071 2760964 7090973 8190646 2760071 3470743 5370043 9710872 9710864 7790741 3730004 2760928 9350043 8870043 8870043 9350043 730857 730857 730857 730928 730580 9350580 730857 730857 730969 9350043 730043 9350580 9350580 730857 730969 9350580 730580 2760857 730857 7980973 2760930 2760857 8870741 730857 9350043 730857 2760857 8190741 2760930 730857 730580 2760580 730560 730580 2760580 730580 730580 8870580 7790580 8870580 8870580 7790580 7790580 7790580 730741 730580 730580 730043 730043 730857 730928 8870424 730371 730857 3731002 9350930 7980973 7980973 9350580 9350580 7980973 9350930 9350043 730857 9350043 9350580 9350580 2760857 2760857 2760928 2760928 2760928 2760928 2760928 2760928 2760928 2760928 8870424 2760928 2760928 2760928 9350043
8190930 7090973 8190930 7980973 7980973 5370200 7980973 1760973 1760973 2760930 2760580 2760857 2760857 2760857 2760930 2760857 2760930 8190930 2760580 8190646 9350930 9350043 9350043 8870580 7090973 7980973 1760973 2760741 2760770 7790857 7790969 3950729 7790841 7790969 7790841 7790937 7790841 7790841 7790937 3950043 7790371 7790371 2760857 2760857 1760973 3731023 3731023 3730519 3731002 1760973 7980973 1760973 8190043 2760930 7980973 3730004 3731002 8190930 8190888 8190964 2760580 6760857 3730004 3730004 3730004 3730004 3730004 3730004 8190930 2760857 3470857 8190519 2760930 2760928 9350930 730969 9350930 730741 730741 3731002 3731010 3731002 3730004 3730004 730969 3730200 3730241 8190043 7790857 8190741 7790770 7790964 3731002 730741 9040969 5370043 1760973 3730004 1760973 1760973 7090973 1760973 7090973 1760973 7090973 2760857 2760964 8190519 8190519 7980973 7980973 8190043 9350114 9350930 730857 9350930 9350043 9350580 9350043 9350930 9350043 2760857 2760743 2760857 2760964 2760580 8190964 2760743 3730004 3730004 3730004 3730646 1760973 7980973 8190043 8870043 5370043 730043 8190043 9350043 730857 730043 730043 730857 2760743 2760043 2760043 2760043 7790857 3731002 3730241 3730241 7980973 730857 730857 5370043 730043 8870043 2760043 7790580 8870043 8870043 8870043 9710371 7790371 3470043 9040043 7790371 9040043 7790937 9710864 9710422 3950729 9710422 9710422 3950371 3731010 3730004 3730004 3730241 3730241 7980973 3730241 3731002 9350930 730928 730741 730857 730857 9350043 730580 730857 730928
7090973 3730646 8190043 3950371 3471023 9710857 3470752 730646 730560 7790580 730580 7790741 9710371 9710371 5231023 7790969 730646 730741 2760371 2760928 2760743 7790841 3470043 9710770 2760770 2760770 7790580 7790580 2760580 2760752 2760580 9710414 2760743 7790888 7790964 7790857 9710857 2760770 8190071 3730646 7790741 730741 2760043 2760043 3470743 3470043 7790964 9710872 9710872 9040580 730857 730560 730560 730560 7790741 9040580 9710872 9040043 9040580 8870772 730928 730043 730043 5370200 2760924 7790913 8870580 8870580 7790841 3950043 9350580 8870580 9040857
9040857 9040857 2760043 8190519 2760924 730857 730857 8190043 7090973 7090973 7090973 7090973 7090973 7090973 7090973 7090973 2760741 2760924 2760930 2760071 2760043 2760770 2760964 7790743 7790888 7790743 7790770 2760580 2760770 730741 2760371 730371 730741 2760371 2760371 2760371 2760743 2760071 2760743 7790741 2760964 2760043 2760741 2760770 2760580 9710422 7790752 7790937 7790741 2760580 2760743 7790580 7790937 2760371 2760371 7790841 7790937 7790937 7790913 9710920 8190071 8190043 7790964 3950043 5370043 8870580 9350580 730580 9040043 730580 7790969 8870043 7790741 730741 5370043 7790841 7790969 3950043 2760043 3470043 7790937 3470043 2760770 8190888 3730646 3730646 3470857 730646 7790937 9350043 8190043 8870043 7790580 8870580 8870043 7790937 2760924 2760928 9710770 3470752 4040200 3950371 8870424 7790841 9040580 8870043 8870741 7790857 730560 9040043
3470743 9711023 730371 8190371 8190371 5231023 8870580 8870741 7790937 7790841 3470752 7790894 2370973 7790580 2760580 3470857 3730004 7090973 7090973 7090973 8190888 5231023 8190888 3730004 8711023 9710752 8870580 8870043 7790580 8870043 5370043 5370043 3730004 9710920 9710752 730928 2760371 3731023 3731023 3730646
2760071 8190071 7790937 7790741 5370043 8190371 2760770 8870772 7790841 7090973 9711023 7790743 7790888 2760857 7790937 7790937 730857 2760930 7790857 2760928 7790857 2760770 7790888 8190913 3470743 3470743 7790894 3470743 8190964 7790937 9350930 8190043 3250857 9350930 7980973 730857 9350930 9350580 7790857 2760857 2760857 8190930 9350930 9350930 9350043 2760930 7980973 9350043 9350580 9350043 5370043 5370043 9350580 730857 9350580 8190043 8190043 7790580 7790937 3731023 3731002 3731002 8190913 5370043 5370043 5370043 7790857 7790857 7790857 7790857 7790857 7790857 7790743 7790857 4880973 8190519 9350043 7790857 7790894 7790841 8190043 3950043 4630200 8190043 4630200 4630200 1760973 9350580 9350580
7790913 7790580 7790580 9040580 8190043 3950043 3950043 3950043 9040043 7790857 3950729 3950043 7790857 9040580 9040580 8870424 3950043 9040043 3470043 3470857 9040043 8190770 2760857 2760930 2760857 8190741 3471023 8190071 1030282 2760770 2760071 3731002 2760857 730371 730857 3730200 8190043 8711023 8711023 9350043 2760580 9350580 2760928 730857 2760964 3730519 2760752 730857 8870772 730857 8870772 9040857 8870424 7790969 730580 2760752 2760928 9350930 2760857 2760857 5370043 8870580 2760928 2760928 2760770 9710872 2760371 2760371 2760752 2760857 2760964 2760857 7980973 9350930 8711023 2760857 2760857 8870424 2760580 2760928 9711023 2760752 8870580 9711023 3470580 3470580 730928 730043 730857 730857 9350930 9350930 9350043 9350930 730857 2760371 9350930 2760741 9710864 9350930 730857 7980973 7980973 3730004 7980973 2760857 2370973 3730004 3730519 2760857 7790857 7790857 8190930 9350930 3250857 2760964 3470200 730857 8870043 8871007 9350580 9350043 8190770 3730200 3731002 730969 2760741 730969 7790741 730969 730928 3731002 2760741 2760924 3730004 3730004 730741 2760857 8190888 8190043 2760857 8190930 8190741 2760924 3470200 8190741 8711023 9350930 730857 9710864 2760857
9040969 730969 9710371 9040580 2760580 7790964 2760371 2760371 8190071 8190071 9710414 2760371 9710422 7790743 730741 7790580 2760752 2760770 2760071 7790888 2760043 8870043 7790894 3730004 9040857 730043 7790937 7790964 730371 730371 730560 7790770 7790937 8190519 7790371 7790743 7790841 7790937 7790743 7790371 7790770 7790770 7790770 7790741 7790752 250200 8870741 7790937 7790913 7790937 7790969 7790913 7790741 7790580 7790894 8870580 3470580 8870580 7790741 7790770 3470043 730580 8870043 7790770 7790752 7790371 7790841 730969 7790969 7790841 2760741 2760770 2760580 9040857 9040857 9710071 9710752 7790888 3471023 7790743 7790841 2760964 2760743 3470743 7790743 730580 9710422 7790580 3470200 3470580
2760743 9711023 4040200 3470580 3470580 730646 8871007 8871007 730043 8190964 730580 730560 730741 8870580 7790752 7790841 9040580 9040043 9040043 7790043 7790752 730857 3470580 7790580 7790857 2760043 730043 730580 730928 730928 730928 730928 730371 9710371 910928 8870741 910928 7790969 2760043 730580 7790888 730560 5370043 9350043 9711023 1760973 5370043 5370043 2760043 7790841 7790580 7790743 7790964 2760071 7790964 3730241 7790752 730043 2760924 2760928 7790371 7790888 7790043 7790894 7790913 7790937 7790841 9710920 9710920 7790964 7790913 9710872 730580 3470857 8190741 7790857 8870580 7790580 2760043 8870772 7790580 730928 8190770 3470200 9710770 3471023 3470580 9711023 7790743
5231023 9710872 9710864 7790371 9710864 2760741 2760928 7790964 7790841 8711023 8870772 3730241 7790964 7790937 730928 9710414 9710414 2760928 2760928 2760371 7790741 7790841 7790937 730969 730969 730580 730741 8870741 7790937 7790913 3470752 7790752 3470752 8711023 3730004 8190071 1760973 7090973 8870772 2760741 9040857 730371 5370043 8870741 7790937 7790743 7790580 7790580 7090973 9040857 9710920 2760071 9711023 9710920 9710422 8870580 9040580 9040580 9040043 2760857 2760743 2760743 7790894 7790743 3470752 2760964 7790888 2760752 2760752 9710864
730741 3470043 8190930 8190770 7790913 2760770 730580 730043 8870043 8870772 8870772 7790841 9710422 2760043 2760043 730043 7790580 5231023 8190741 9040857 9040857 9040857 7090973 9711023 9710371 2760741 9040043 9710371 2760371 7790857 9040857 9710864 9710864 9710864 730043 730043 730646 7790969 7790741 7790841 7790743 5370043 7790841 7790937 2760770 3470200 730043 1760973 8190913 9350930 8190371 7790741 2760371 8190741 5370043 2760924 3471023 3470743 8190071 8190071 1760973 730580 2760752 2760741 2760580 3470200 9710864 9710371 730580 2760580 8870580
9350930 7980973 9350580 8190371 9350580 3250857 8870424 8190043 730857 3250857 2760857 2760857 2760928 2760857 2760752 2760580 2760580 2760770 7790937 2760857 2760071 2760770 8870580 2760857 7790894 8190071 3730200 3730200 3730646 8190071 2760071 2760743 3730519 2760071 8190043 2760964 2760930 3730241 3730004 1760973 3730646 8190930 9040857 9710071 3470752 2760928 2760964 3730004 3730004 3730004 3730004 3730004 8190913 9710770 9040857 3731010 3731023 3731010 7090973 8190646 8190964 8870043 9711023 8870043 8190964 8870741 8190071 2760857 8190519 2760071 8190519 8190519 8870741 8190930 7790857 9350043 2760857 9350043 2760928 8870772 8870772 2760928 9040857 8870772 8870772 5370043 9350043 2760857 9040857
7790937 7790913 8870043 7790580 7790580 730371 730043 7790913 7790937 7790770 9350930 2760741 2760857 730371 8190930 8870580 730969 730741 730371 2760043 5231023 9710864 9710371 7790741 2760580 2760741 3470580 8190930 730741 910928 9040969 730043 7790770 3470752 7790857 7790937 7790752 7790841 3470200 7790580 7790371 9710414 2760371 2760964 3470200 2760964 2760928 2760743 8870580 730043 2760928 3470200 8871007 730560 8870580 9710857 2760743 8870043 7790043 7790841 7790752 2760752 5231023 730371
250200 7090973 3950043 9040580 3471023 2760371 7790770 7090973 7090973 730043 9710770 9710071 9710770 9710422 9710770 7790937 3730004 8190930 8190043 3470043 5231023 3471023 9710864 9710422 3470857 3730004 3730004 7090973 8190646 7090973 8870043 8870043 8870580 3470743 2760043 7790913 9040580 9040580 3470580 3470752 9710920 250200 250200 7790857 9711023 3470743 9710864 9710422 9710770 2760924 9710422 8190646 3470043 8870043 9710864 9710071 730043
9350043 9711023 3730646 8190371 9710414 3470743 7790913 730928 8870580 8870580 9040580 9040043 9710422 7790857 3950371 3950043 7790937 7790857 7790857 7790937 7790580 3470580 730371 7790580 5370043 2760930 2760930 2760071 2760741 2760371 9710752 9710864 7790857 7790937 7790913 7790937 2760928 7790964 7790894 2760928 7790937 7090973 9710857 1030292 2760857 2760857 2760857 2760741 8190043 9710371 910928 3470743 2760371 7790913 2760752 730560 7790580 8190930 8190043 8190913 9710414 7790743 2760964 2760770 730560 2760741 2760743 7790770 7790937 7790741 7790937
2760924 2760857 7790857 7790888 3470743 730560 2760928 730043 730043 730928 8870043 7790371 7790937 7790741 7790937 8190043 8190770 3730519 2760857 2760743 9710857 3731023 2760371 2760071 3470200 2760043 7790894 3470743 3470743 3470857 7790857 2760752 7790770 7790841 7790752 7790770 4040200 4040200 5231023 9710371 2760371 730969 730741 730043 8870580 7790371 7790969 8711023 730043 8711023 730371 9350043 8870580 7790580 7790743 3470580 9040580 9040857 9710422 8870043 8870043 7790743 2760741 8870741 2760741 2760741 2760964 7790741 1030857 1030857 1030857 3730004 8190043 8190043 9710371 730371 2760043 7790743 2760071 2760857 2760371 3470043 7790371 7790913 7790580 7790913 7790841 730043 730560 7790743 7790937 7790913 7790841
2760770 9710071 7790580 7790937 7790580 9710920 7790964 3470200 2760770 2760752 7790743 730741 2760924 7790741 7790741 8870043 7790743 730580 2760580 2760580 2760043 730560 730043 7790894 3250857 8790857 3470857 730969 5231023 9710872 9710864 730043 730043 7790841 7790894 2760857 7790752 7790770 9710752 9710071 9710920 7790752 7790770 730043 7790043 2760741 2760928 2760924 9710864 3470580 7790888 7790770 9710752 3470752 3950043 8190043 9710752 9710414 9710414 7790741 2760741 3470043 3470043 7790857 8190043 7090973
3470580 7790752 3470580 8190371 3730004 3730004 730741 2760580 9040857 8711023 730580 9040580 8870580 9040580 2760743 730043 2760741 2760743 3470743 3470743 9710864 730580 7790894 3470580 3730004 2760043 730043 3730004 3730004 7090973 3730004 7090973 2760741 3470200 9710422 9710864 2760857 2760857 2760857 8190071 730928 730741 8870580 8870580 9350930 8190043 2760741 2760743 2760741 9710864 1760973 9710872 9710770 7090973 8190888 2760928 2760770 730043 9710422 8870043 7790580 8870043 7790888 9040580 730043 2760043 730560 9350114 9710752 8870741 8870580 8870580 7790937 9040580 9040580 730857 1760973 7790857 9040043 7790580 730043 730371 8870741 8870580 7790743 2760924 8190646 3730004 9040857
9040969 9040969 7090973 7090973 7090973 8190646 8190371 2760741 9710414 730928 9710371 7090973 7090973 7790937 3950371 7790371 3470043 730969 8870741 7790371 7790841 7790580 3730004 2760043 2760580 2760580 2760580 7980973 9710920 3470580 8190964 8190071 8190071 3470580 7790964 8870424 9710770 2760580 730857 730857 8871007 2760752 2760752 730928 730741 730857 9350580 730928 8871007 730371 8870580 8870580 8870580 7790580 8870580 730580 9040580 2760924 7790937 9040580 9710414 2760752 8870580 7790770 7790580 2760928 730969 7790857
3730004 7790857 9711023 3730004 3470743 2760071 7790580 7790937 7790857 7790841 9350580 8871007 730928 7790888 7790913 7090973 7090973 7090973 7090973 3470752 7790770 7790857 7790841 8870580 3470580 2760071 7790888 2760743 2760924 7790743 7790913 7790894 7790841 7790913 7790937 9040043 7790043 7790580 7790857 9711023 7790894 3470743 3470743 7090973 2760857 7790888 7790913 7790743 7090973 2760930 2760741 2760371 2760371 2760371 2760580 8870741 3470752 9040969 7790888 3470857 7790752 4040200 3470580 7790580 2760857 1760973 730043 2760043 2760743 7790964 7090973 8870580 7790937 4040200 5370043 3731010 3730646 8190942 730969 2760924 7790741 7790580
7790857 2760770 730928 8871007 2760928 2760928 2760371 2760770 8870772 5370043 2760043 5370043 730580 2760043 7790580 3470200 7790841 2760752 7790937 2760770 2760752 2760043 3470580 730741 8870043 7790752 7790937 7790580 2760580 2760043 2760043 5231023 8870580 8870580 730646 730580 8870580 7090973 7090973 7790857 7790937 7790043 7790841 7790937 4040200 2760770 9710770 9710770 3470043 8870580 730580 2760580 7790580 7790043 7790841 7790913 7790841 2760043 730043 730560 7790580 8190043 3730646 3731002 730741 9710752 7790580 8190930 8190071 3470857 9710857 9040580 7090973 7090973 7790857 2760928 9710071 9710071 9710071 2760770 9710920 9710920 7790888 7790888 8190043 2760964 2760964 7790888 7090973 7090973 7090973 7090973 7090973 7090973 8190646 2760580 8870580 5370043 8870741 2760043 7790913 7790937 7790841 7790969 7790888 730043 730043 730646 4040200 730928 730928 9040969
7790371 8870043 2760743 2760071 2760743 7790841 8870580 9710920 3470200 8870580 7790937 9710872 9710872 9710872 9040580 7790580 7790741 9710864 730560 730560 9040043 7790770 3470043 7090973 7790857 8190043 7790857 2760924 8190741 8190371 3470200 7790937 7790841 7790937 8190741 8870580 8870580 8870580 3470580 7790841 730928 9710864 8190371 3950371 730741 730646 8870580 8870580 7790841 7790937 8190913 9040857 9040857 7090973 9040969 8870043 2760928 7790743 3470580 9710872
9710414 8870580 8870741 7980973 9350580 9350580 730928 5231023 730580 8870580 8870580 8870580 730560 3470580 2760857 730857 9350930 9350580 9350580 730580 9710752 3470752 8870580 730580 9040580 7790841 3470580 8870580 8711023 8870741 3470580 9710752 2760752 9710422 2760928 9711023 8870043 8870043 8870043 8870580 7790743 7790580 3470043 9350043 8711023 8870580 3470580 3470200 3470580 9710371 9710864 3470200 3470743 3470580 9710864 9710752 9710770 9710752 9710752 3470200 3470200 9710872 3470857 8190770 7790752 9711023 9710371 9710864 9710864 9710371
9710422 8190071 9711023 7790371 2760371 2760741 7790770 9710422 7090973 7090973 7090973 2760580 2760580 7790743 7090973 2760928 8190371 7090973 8190741 730928 730371 8190765 2760371 730580 730928 730580 8870580 8870580 7790580 7790743 7790937 7790743 8190770 2760071 8190770 730857 7980973 7980973 730857 3730004 3730004 9710857 8190770 9711023 7980973
3470580 730741 9040969 2760743 2760741 2760752 7790857 7790841 730043 730580 730580 730580 2760580 7790580 7790888 2760580 7790937 2760580 2760580 7790752 7790743 7790888 7790580 3470580 2760580 2760580 7790743 7790894 7790580 2760580 3470580 3470580 3470580 3470857 730969 730560 730741 7790969 7790743 7790894 730969 8870580 7790937 3470200 2760741 7790371 730580 9350580 730928 730371 730371 730928 730580 730580 730580 730857 730928 9350580 9350043 9710752 2760743 3470043 7790770 3471023 9710414 2760770 3471023 2760924 2760741 2760371 8870772 8871007 7790969 7790841 7790741 2760741 7790894 730580 730580 2760928 2760580 730928 2760580 2760928 730371 730580 730741 730928 730928 730646 730969 9710770 7790743 2760071 7790371 7790888 8190964 2760071 2760752 2760770 3471023 2760770 7790964 2760043 7790857
8190770 9710414 3470752 9710422 3950729 7090973 7090973 8190043 2760752 2760071 2760071 9710371 9710872 3730004 2760741 7790741 9710422 9710770 3470752 9710920 3470580 9710872 9710071 7790937 8870043 7790857 7790937 7790857 7790857 3950043 7790857 2760857 7090973 7090973 3730004 9710414 9040857 9710857 8190964 9710857 9710864 3470200 3730004 7090973 8190741 9710371 3470743 8190043 2760741 3731010 3730004 3731010 3730004 7090973 3730004 3730004 7090973 8790857 2760580 8190043 7790580 730928 8190371 9710422 9040969 3731010 3731010 3731010 7090973 3730004 7090973 7090973 7090973 8190646 7790841 3950043 3950043 7790580 730371 9710371 3730004 8190071 7790888 2760743 3730004 3730004 3730004 8190071 3731010 3730004 7090973 2760371 2760924 7790937 7090973 8190913
3470857 9710872 9710864 7090973 7090973 7090973 7090973 7090973 3470857 2760071 7790937 7090973 7090973 7790770 3731010 3731010 7090973 7090973 7090973 7090973 2760752 9710422 3470752 7090973 9710422 2760928 2760924 7090973 7090973 7090973 7090973 7790857 7790841 7790913 9040969 9710422 7790770 3730004 8190043 8190043 7790841 7790857 7790857 7790857 7790937 2760743 9710864 730928 9710414 2760371 3730004 9040857 3950371 730371 8870043 2760580 7790888 9040580 2760964 2760964 7790888 3470200 3470752 9710920 8190371 9710872 7790857 730646 3470200 8190519 9350043 3470580 3470580 7790937 7790857 7790743 2760770 2760752 2760752 2760770 8190770 8190770 9040580 7790937 7790937 7790841 3730004 9710857 9040857 2760752 3730004 3730004 7090973 7090973 3730004 8190043
2760770 7980973 9350930 2760857 7790841 7790841 2760930 2760928 2760770 2760580 7090973 3950043 3950043 730741 9710864 730741 9350580 2760743 8870424 7790841 9350043 8870580 2760928 2760928 730928 2760752 2760743 7790964 7790894 7790937 7790841 7790913 2760743 8870580 7790580 7790841 7790937 7790964 2760043 2760857 8190646 2760857 2760770 9710864 730043 730043 730043 2760752 3730004 3730004 7090973 7790937 7790371 7790969 730371 9350580 2760741 730857 730371 9350580 730371 9350580 730580
9710422 3470200 9710857 9710857 8190913 9710770 9710071 3950043 9710752 3470580 3470200 3470043 7790770 9040969 7790937 7790969 7790969 3950043 3950043 730857 730928 9710770 9710422 8870741 7790770 7790969 7790937 7790857 9040969 7790969 7790969 7790913 7790857 7790937 7790841 7790913 3950043 9350930 3730004 3730004 7790841 7790937 5370043 7790752 8190519 9710752 8870772 9040969 8190964 7980973 8190519 8190888 3470857 9040857 9710920 7790857 9710371 730857 9710071 9710752 8790857
9040857 8711023 3470752 8190646 9710752 8711023 9350930 3731002 2760930 730969 730646 2760071 7790969 7090973 9710857 3470200 8190071 8190964 3470043 7790857 3471023 2760071 3470580 2760770 9711023 9040580 8870741 730857 7790894 730580 7790964 9710752 9710752 9710752 9710752 9710752 9040857 3950043 7790913 8870580 9710752 9710414 8190043 730857 7790969 5370043 7790741 7090973 7090973 8190741 9710752 2760743 3470743 3470743 2760743 7790770 3470580 9040580 3470857 9040857 3950729 3950729 8190888 9040580 9040969
9710920 8870741 730741 7790894 5370043 730043 9040580 3730004 7090973 3731010 7790857 7790580 9710920 730741 3950371 730928 730928 730928 730928 9350930 9350580 730857 730928 730580 9350580 8870580 8870741 9040969 7790741 7790841 7790937 8190519 2760857 2760043 3470200 9710371 3470043 9710872 3730004 3730004 1760973 3730004 3730004 8190770 9350930 2760857 730043 9350930 9350930 9350930 9350930 8190930 8870741 7090973 7090973 7790580 7790580 7790580 7790580 7790580 7090973 1760973 7090973 1760973 1760973 7090973 1760973 2760857 9710770 9710752 3470752 3470752 9710920 7790752
730857 3250857 8790857 8190071 8190043 730857 9350043 8190741 2760857 730371 9350930 730857 7790857 8190519 8190519 2760857 9711023 2760857 8190071 2760857 5370043 2760752 7790888 8190964 7790743 3470857 8190888 7090973 8190646 2760857 5370043 5370043 7980973 730857 730857 2760857 8190043 7980973 9350930 5370043 730857 9350580 3250857 8190043 7980973 7980973 7980973 9350930 3250857 8190913 2760743 7790770 7790857 2760752 8190888 8190770 3730519 730857 730857 2760857 7790857 8190942 8190770 8190770 7790857 7790857 2760857 8190770 8190043 8190043 8711023 3250857 2760857 8190942 2760857 8711023 7790770 2760071 8190770 8190371 8190519 8190942 730857 2760857 2760857 2760857 2760857 8190043 7790937 3950043 2760857 8190646 7790857 8190519 8190646 8190646 8190942 8190888 8190888 8190043 8190646 3950043 8190646 3950043 3950043 8190043 8190913 7790770 3470200 8190913 8190071 7790857 8190043 7790857 7790857 8190888 8190071 8190770 9350580 5370043 2760043 2760043 2760770 7790857 5370043 2760580 2760580 2760964 7980973 8190071 8190646 7090973 8190646 8190646 730043 2760580 2760857 2370973 3730004 3730004 2760371 2760752 2760043 2760043 2760580 2760857 2760857 730371 3731023 8190964 8870772
7090973 1760973 1760973 7790770 7090973 3731010 3731010 8190371 8870741 730969 2760924 7090973 7790841 3470580 7790770 8870580 8870043 730741 2760580 8870043 8870741 2760580 8870424 730928 2760580 730857 9350580 730741 9710422 3470200 8871007 3470580 1760973 2760580 2760071 2760770 2760741 9710414 9040580 7790969 3950371 3470043 7790937 5231023 3470200 2760857 2760857 2760857 7790580 2760770 2760580 8870580 8870580 8870580 8870580 730560 2760580 2760371 8870741 9040580 3471023 5370043 730741 9710920 730646 730580 9040043 8870580 7790580 8871007 8870580 7790937 7790857 7790743 7790857 7790857 7790857 7790841 7790857 7790857 7790857 7790857 8870772 7790741 730741 7790841 8190043 2760857 2760924 7790371 7790937 7790371 9710872 2760371 7790752 9710872 1760973 7090973 7090973 8870580 730580 5370043 5370043 2760043 7790371 7790937 9710872 3730004 1760973 7090973 7090973 7090973 7090973 3470857 8190770 2760741 7790770 7980973 2760930 2760930 7790371 7790937 7090973 9040857
8190646 7790857 7790857 7790857 7790857 3950043 8190964 8190964 9040857 7090973 3730646 7090973 8190930 8190071 3731010 3731010 3730646 7090973 7090973 3730004 3731023 3731023 8870043 9350043 7790913 8871007 8870580 8870580 8870580 7790857 7790741 2760857 9710752 3730004 3730004 3730004 3730004 3730004 7090973 2760930 2760924 7790741 7790741 2760741 7790770 8190964 3470743 8190519 8190930 8190930 8190741 8190519 7790752 3950371 2760857 7790580 7790857 8190519 7790857 7790857 7790937 9710071 7790894 3470580 3730004 3470857 8190930 8190913 9040857 730857 730857 730857 8870424 730580 730580 730646
1760973 8190371 9710414 9040969 7790888 7790743 8190942 9040580 7790857 9350930 2760043 7790043 7790043 3730004 7980973 730857 9350580 730857 3731010 3730646 3730004 1760973 7090973 7090973 1760973 8190043 3730004 8190930 8190519 7090973 7090973 7090973 9040580 7790741 9710864 9710414 9710872 8190741 3730004 3731010 7790371 7790937 9710857 730969 9710371 1760973 3730004 7980973 3950043 7790857 3950043 7790857 3950371 9040857 3731010 7090973 8190071 9710414 9040580 3730646 8190646 7090973 9710371 9710872 9711023 8871007 7790770 8870043 8190964 3731010 3731010 3730004 3730004 2760071 2760857 8190646 3950043 3950043 9710371 3470743 8870043 3730004 3731010 3730004 3730004 9710857
3470857 3470857 3471023 9040857 7790913 2760857 7790371 9350930 730857 7790857 7790857 7790857 7790857 2760857 7790937 9040969 8870741 7790857 2760741 730857 8870741 7790841 7790741 7790371 7790371 7790371 7790371 7790371 7790937 9040857 7790857 7790857 7790937 8190071 8190770 8711023 3470200 7790743 3950043 7790857 8190071 8190519 8190519 8190519 3470200 3470200 7790894 2760580 2760043 2760043 8870043 8190043 7790043 7790043 8870043 8870043 7790937 7790857 9040580 7790580 7790043 7790937 7790841 1760973 3731010 7090973 7090973 5370043 5370043 9350043 9350930 9350930 730857 3731002 5370043 9350580 9350580 730043 730857 730580 730857 8870580 3730004 3730004 3730004 9040969 7790857 730371 3470857 8190942 7090973 7090973 9710371 9040857 3950043 7790857 3950043 3950043
8870741 8871007 3950729 8190371 2760741 2760930 8190371 3730004 3730004 3730004 7090973 8190888 8190964 3470857 8190888 9711023 9710071 9710920 2760741 2760741 9040857 4630200 9350580 3730646 3730004 8190930 8870741 2760928 9350930 7790857 7790857 8870772 7790371 7790857 7790857 7790857 7790841 7790857 7790857 7790857 9350930 8190371 2760857 7790857 7790580 7790741 7790841 9710864 9710371 8870580 730741 8870043 3950371 7790937 7790937 3950043 7790937 3950043 7790741 7790841 7790841 7790937 7790743 3470743 2760741 5231023 8870580 9710770 9710071 9710071 9710752 9710920 8190071 8190770 7980973
3730004 3730004 8870424 730928 730857 3730004 9040857 8871007 7790580 8870043 9710422 3731010 3470857 7790857 7790741 7790913 7790752 3950043 8190043 8190043 8190913 9040580 7090973 2760857 2760857 7790857 8190930 8190043 7790857 3470857 3730646 7090973 1760973 7090973 3470580 9710422 3731010 3731010 8190371 2760043 7790752 730560 730928 730560 8870741 3470200 8190888 3730004 7790888 730043 3730004 730560 7790857 2760043 2760857 7790964 2760857 2760857 2760857 9710864 7790888 8711023 9710422 3470580 3470580 9040580 7790770 8190964 8190043 3730004 730928 8190930 8870580 9710414 7090973 3730004 3730004 1760973 9040857 7090973 3470857 7790752 9710857 3470857 1760973 1760973 1760973 9710857 9040857 9040857 9710414 9040857 8190371 9710414 3731010 730857 730043 8190043 8190043 7790857 8190646
3470200 9710414 9710414 3470752 9710422 3950371 7790964 7790580 7790580 3470580 7790743 1760973 1760973 1760973 1760973 1760973 8190741 9710864 8870741 7090973 7090973 3470200 3470743 7790894 8190770 9710422 9040857 9040857 7790888 7790371 9710872 9710872 3470752 8870741 9711023 7790964 7790937 3470200 3471023 7790743 7790741 9710864 7790841 3950371 9710920 7790857 7790857 7790894 7790894 3470743 7790857 7790857 8190964 3470743
3470743 3471023 7790580 2760043 9350043 3470580 9040857 9040857 3470752 7790888 9710920 8190071 9040857 3470857 7790857 2760964 2760371 3470043 2760752 2760043 7790857 3950371 7790741 3470743 3470743 3470743 8190371 9710920 9710414 9710422 3470580 7790752 7790857 3470200 2760043 2760043 2760857 3470043 7790857 2760857 8190770 8190741 3470752 9710071 910928 8870741 9710414 9711023 8190770 8190071 8190964 8190964 9710071 7790770 3470580 3470743 5370043 1760973 7090973 8190071 8190071 5231023 2760964 2760371 2760580 9710770 2760071 8190964 8190071 7790043 7790743 7790894 2760770 2760928 8870580 8870580 9710414 3950371 8190043 3470752 730928 3731002 9040969 730741 2760741 2760770 9710414 8871007 730928
9040043 3470043 3470743 7790937 8870772 8870772 9710864 9710422 7790770 730371 8870043 7790894 7790964 7790770 3471023 7790857 3471023 3470200 3471023 3950371 7790741 9710752 9710770 3470857 7790741 7790770 7790770 7790043 9710770 7790888 8190942 8190770 8190519 2760770 3470743 3470743 3470857 9710864 910928 910928 910928 3470043 7790752 3470743 3470043 3470043 730560 8871007 8870741 3471023 9710414
9040857 730928 730560 9040857 3470200 9040857 7090973 7090973 7090973 7090973 9040043 9040969 9711023 9350043 7790857 7790043 7790857 3950043 3470200 9710770 7790741 3950043 8870043 3470580 2760752 8190043 3731023 5231023 7790752 9710857 7790371 9710857 9710752 9710071 3730646 4630200 8190964 9710371 9710071 8190964 7790752 7790043 3470043 7790964 7790964 7790743 3950043 8190646 9711023 7790741 3950043 7090973 8190964 2760043 8190043 3730004 3730004 8190770 7790841 2760928 9040043 7090973 3730004 7090973 730560 8870580 8870580 9710371 3470580 3730004 3730004 7090973 7090973 7090973 8190646 730928 2760928 9040857 3731010 9040857 7090973 7090973 7090973 7090973 7090973 7090973 7090973
4040200 5370043 2760580 2760580 7790580 2760580 7790913 7790841 8190071 730560 730857 730580 730560 7790580 9040043 7790913 9040969 8190071 9040857 7790043 7790743 2760043 7790580 7790580 7790743 7790741 7790913 7790937 7790969 730969 8870772 8870580 730928 8870741 4040200 7790043 7790743 2760752 7790371 7790580 7790770 7790371 8870424 9710371 8870043 7790937 7790969 9040969 8870741 8870741 8870772 7790741 9040969 7790888 3470043 7790743 8870741 8870772 730646 7790913 7790580 2760930 2760930 7790580 2760770 7790743 8870424 4040200 4040200 2760857 2760743 2760743 8870043 8870580 730969 730043 730043 730043 730646 730928 730928 8870772 730646 730928 8870772 730928 8870772 2760371 8870772 8870772
7790043 2760741 8190519 2760930 2760741 2760930 5231023 5370043 7790969 8870043 7790969 2760964 2760743 7790937 2760043 730560 730928 8870580 9040580 7790743 2760857 3470743 4040200 9040043 8870580 8871007 3950729 4040200 3950371 3950729 4040200 3950729 3950729 3950729 7790857 7790964 7790043 730043 7790580 7790580 7790841 730043 7790580 7790913 7790913 730928 730928 730928 5370043 7790043 7790580 7790043 8870772 7790857 5231023 7790371 4040200 4040200
7790580 7790888 7790964 9040969 7790371 9040969 2760743 2760071 7790043 2760043 3470743 9040969 9710920 7790743 8190071 8190043 3470857 3470743 7790969 2760071 7790371 3470743 9710920 2760043 7790371 3470043 8190913 7790888 3470200 3470743 9710071 9710770 9710071 9710752 3470752 9710770 730043 730969 9710071 2760071 7790969 9040043 7790857 8870043 8870043 7790937 9040043 7790580 7790841 7790580 9040580 9040043 8870580 9040580 2760743 9710071 2760964 3471023 9350043 4880973 3730241 1760973 1760973 7090973 8190646 730371 3470743 730857 730043 730857 9710071 3731023 3730004 8190646 9710422
5370043 8190043 7790894 7790857 7790580 7790857 8190942 7790857 3470043 3950043 8190043 7790857 2760043 2760924 9710920 2760857 7790857 7790857 7790743 3470043 7790913 3950043 7790857 9040857 9040043 9040043 7790857 7790857 7790743 9040043 9040857 3470043 9040043 3950043 7790857 7790741 7790743 8190770 3471023 8190770 7790857 3470043 3470857 7790371 3471023 5231023 8190519 3470200 9710414 8190043 2760857 2760741 8190741 3250857 3470200 8870043 8870741 730857 8870772 7790857 7790857 730857 9350043 7790741 8190829 730857 9350580 8190942 8190043 8190043 5231023 7790857 3730004 8190043 8190043 3950043 7790770 2760741 2760741 8190741 7790857 7790857 8190646 7790969 8870043 3950043 7790857 8190043 8190043 7790857 9350700 9350930 9350930 8190071 8870043 8190043 9350043 5370043 9350043 3950371 8190371 3470857 7790857 7790857 8190043 2760857 2760857 2760857 2760857 2760857 2760857 7790857 3950043 1760973 7790894 2760964 7790964 7790857 7790888 7790913 8190964 7790888 7790743 7790743 7790743 2760043 7790857 3950371 7790857 8190646 2760741 8870043 7790043 8190043 9350043 8190071 5231023 8190071 8190071 8190964 8711023 2760857 8190043 7790741 8190741
8190888 9040857 9040857 9710920 7790888 7790752 7790770 910928 8870741 3950371 7790770 7790857 7790857 7790857 7790752 8711023 7790964 8190770 8190888 8190770 8190071 7090973 7090973 3730004 7090973 7090973 9710920 9710920 7790964 7790371 7790752 9710414 7790770 2760924 8190371 7090973 7090973 7090973 9040857 8870741 3470857 9040857 7790857 8190071 7090973 3470857 8190043 3470043 7790894 9710071 9711023 3470857 730928 9710864 9710864 9040580 7790857 7790857 7790857 3470857 8870741 7790857 9710752 9711023 3470752 9040857 3470857 3471023 730560 730043 2760580 3470580 7790580 9040580 9040857 3950371 8870580 3470857 9040857 9040857 8870741 8870741 2760043 7790743 2760043 7790894 8190371 8190888 9350043 2760857 2760857 2760741 2760857 8190741 7790913 3470043 7790752 7790752 9710920 2760752 9710770 7790770 7790752 3731010 3731010 8190519 2760857
7790752 7790752 7790752 7790857 3470043 7790371 3731010 7090973 7090973 8190519 2760857 2760924 8870580 8190646 9040857 9040969 7790913 9040580 3470857 8190888 2760857 7790741 7790913 7790743 730857 8870424 730043 2760924 7790580 8190888 8190770 8190741 8190043 3470580 3470580 7790894 7790888 730560 8871007 8871007 9040580 7790043 3950043 3470857 9040857 7790741 7790371 5370043 9040969 7790043 8870043 8870580 8870772 2760071 2760770 2760857 7790857 730741 9711023 3950371 8711023 9710371 8190043 9710371 2760580 9710414 3470043 3950043 730857 730560 7790752 3950371 7790857 7790857 9040580 7790913 7790371 2760043 2760071 2760071 7790964 9710920 8190964 2760043 2760924 3950043 7790580 7790043 7790888 7790888 3470743 7790857 9710422 730928 8870043 7090973 7090973 8190741 9710864 9710864 8190964 9710422 2760857 7790741
7790857 2760857 2760857 2760857 2760071 2760071 730580 9350930 8190930 2760857 2760857 7090973 7090973 7790857 7790857 3470857 8190371 3470857 3470743 7790969 730857 8190043 3950371 7790580 7790857 9350043 730857 2760043 2760743 730857 3731002 3730004 7980973 7980973 7980973 9711023 3470200 730857 730560 730741 730857 730857 730560 2760857 8190913 9350580 9350580 7980973 2760857 2760857 3731002 9350043 8190043 9710857 2760928 9040969 9040969 7790964 9040043 7790770 730043 9350043 8870580 8870580 8870580 8870424 8870424 9040857 8870424 7790857 8870043 8870772 2760043 2760857 8870741 8870772 7790741 8870043 7790857 8870424 7790857 730928 7790741 8870741 7790770 7790857 730857 2760857 7790043 2760043 3950371 9350043 7790580 8870580 8190741 7790741 7790752 8870580 8870424 7790841 7790752 2760741 730043 7790043 7790580 7790741 3471023 2760043 730580 8870580 8870772 8870580 7790857 5370043 2760857 7790857 8870043 9040043 7790857 7790741 9350043 8870043 8870424 8870424 8870424 8870741 3950371 7790857 7790741 8190646 3731002 8711023 2760071 2760770 7790043 7790888 7790741 7090973 7090973 8870424 730857 730928 2760857 2760857 3470043 8870580 8870741 7790913 3470043 3470200 2760924 8870580 7790888 7790937 3470752 8190770 730928 2760752 7790741 730043 3470200 8870741 5370043 8190646
7090973 9711023 9710371 9710371 9710872 9710920 8870043 3950043 7790580 7790580 7790043 7790894 2760043 7790580 7790888 730043 730560 7790752 9711023 7090973 7790857 7790964 8870043 2760043 8711023 7790752 7790752 2760770 2760752 8870580 4040200 7790580 7790043 7790770 7790043 7790913 3471023 7790913 2760752 7790964 7790580 3470580 2760371 7790580 7790752 7790913 7090973 7090973 3470200 730560 3470580 3470200 3470752 8190043 8190043 7790857 7790857 7790888 8870741 2760770 7790741
7790043 2760371 7790371 7090973 730741 8870741 9710864 7790888 2760043 730043 9040969 2760857 730043 7790841 7090973 7090973 7090973 7090973 7090973 7090973 8190519 9710422 730857 7090973 7790770 7790857 2760924 9040969 9040969 2760071 2760043 7790043 2760924 7790741 7790857 7090973 7790043 7790743 2760770 2760743 7790743 2760743 7790580 8190071 7090973 7090973 7090973 9040969 7090973 7090973 7790752 7790913 7790969 8870772 730580 2760580 2760770 7790913 8870043 9040969 9040857 9040969 8190071 7090973 7090973 7090973 2760741 2760924 7790580 2760043 7790964 7790964 7790964 8870772 730043 910928 7790580 730928 730928 7790043 7790741 7790580 3470580 3470580 7790371 7790937 7790770 730857 7790371 7790371 3471023 7790913 730857 7790580 7790841 7790741 7790043 7790580 7790857 2760043 2760043 2760741 2760741 2760924 7790580 730857 730928 730741 730857 8871007 730371 8870741 9040857 7790964 9040969 8871007 8870741 7790741 7790770
730857 730857 730580 3730200 2370973 3730200 2760580 2760743 3470580 2760857 2760857 8190930 7980973 2370973 8711023 5370200 730857 7980973 9350930 730857 730857 730857 730857 730857 7980973 730857 730857 9350930 730857 730857 730857 730857 7980973 9350930 730857 7980973 7980973 9350930 730857 730857 730857 9350930 730857 730560 730741 730857 730857 730857 8870580 730857 730857 7980973 730857 730857 9350930 730857 2760043 9350930 7980973 730857 730857 730857 730371 8870772 730857 730857 730043 730857 730857 730646 8871007 730857 2760857 2760741 730857 730857 730857 7980973 9350930 730857 3470743 2760930 2760071 3731002 730857 7790888 8190043 5370043 7790043 7790371 7790894 730560 730560 8870043 730646 7790841 9350043 5370043 2760964 9710414 5231023 7790752
910928 9710371 9710920 3470752 7790969 7790752 5370043 7790913 730857 5370043 7790857 7790894 7790741 7790857 7790894 3470200 8870580 8870580 9040580 9040580 8870580 7790580 7790913 7790857 9040043 7790743 3950371 7790371 7790743 8870580 9040580 9040580 9040580 9040580 9040857 9040857 9040857 9040857 7790580 7790913 7790752 3950371 7790857 7790580 8870580 3950043 9040580 9040580 8190043 7790857 8870580 7790894 9040580 9040580 9040857 8190913 9040857 8190043 8870580 3470580 3470580 7790743 3470580 7790580 9040580 9040580 9040857 7790888 7790580 9040580 9040969 7790580 7790857 7790857 9040857 7790043 3470200 2760371 8190519 3470580 3470857 8190888 8711023 8870741 7790741 9040580 8870580 9040857 3470200 2760924 9710371 9710872 3950371 3950371 3950371 7790371 2760743 2760743 7790743 2760071 7790743 7790841 8190930 8190913 2760924 2760924 2760071 2760857 2760752 2760741 2760924 8870424 2760964 3470580 730857 7790752 7790752 7790770 2760580 2760770 2760580 7790964 3470200 8190913 7090973 2760770 2760752 2760580 2760071 730560 2760580 2760580 2760580 8870741 3470580 8870580 2760857 730857 8870580
8190770 730741 5231023 730646 730741 9710864 2760924 730741 730580 730560 2760580 8190770 2760924 2760743 3470743 9710920 3471023 7790743 1760973 7790857 730969 7790969 9710414 2760928 2760928 2760924 7790741 7790964 3471023 730371 2760043 3471023 7790857 3950043 7790913 2760071 2760743 2760043 9710422 2760964 2760371 730741 7980973 7980973 7980973 7980973 730928 8870043 3470580 6270652 730741 9710422 2760857 2760770 730560 730371 3730519 1760973 8190930 3731002 8190043 3950043 7790580 7790841
730741 730857 730857 730857 730371 730741 9711023 730580 730580 8870580 730580 2760928 730928 730560 2760752 2760071 9711023 7790741 730928 730043 8870043 2760071 2760964 8870580 7790913 730928 8870580 8870741 8870772 730969 730928 9350043 730857 2760930 730857 730857 730857 730580 8190888 9710770 9350930 7790857 8190913 2760741 9710752 7790964 9040580 7090973 8190741 9710371 730857 2760043 2760928 2760371 2760071 9711023 7790888 2760770 2760071 9710864 7790752 2760043 7790741 2760741 7790888 9710414 9710371 4040200 7790857 2760071 7790888 5231023 3471023 2760743 7090973 3730004 8190770
9710414 5231023 7790888 9710770 7790743 8870580 8871007 7790857 9350043 3950371 2760043 9040969 3470043 7790743 2760743 2760741 3470743 8190071 8190071 2760928 2760043 2760743 2760743 9710920 7790888 9710920 8190043 7790857 5370043 7790888 2760043 2760752 7790857 8190913 9350580 3470580 7790580 7790743 7790371 730646 730043 7790770 7790964 9040043 2760928 7790371 3470043 7790937 7790969 8190913 3470043 3470743 9710071 9710920 8190646 8190913 2760043 7790752 7790913 7790752 7790937 7790888 9711023 3470043 7790371 7790770 9710071 730928 9710071 9710857 3730004 7090973 3470752 7090973 7090973 7090973 9710857 3470743 3470743 2760770 2760071 7090973 9040857 8190888 7790857 8190646 2760857 2760857 2760924 3470743 8190071
9040969 9040580 9040043 7790743 8190964 8190043 7790857 730043 730043 730043 7790857 3731023 2760741 2760857 8190519 3730004 8190043 3470857 2760743 2760770 9710414 7790857 7790857 7790857 7790857 7790580 9040580 8870043 9710872 7790894 730741 9040580 8870741 2760071 2760964 5370043 7790857 7790857 7790770 8190741 3950729 9040969 3950043 7790857 730741 8711023 7790770 7090973 3731010 1760973 8190930 2760741 8190519 8190646 8190964 9710414 7790857 7790741 7090973 2760371 2760928 3730004 3730004 3730004 9350043 8870043 7090973 7090973 7090973 7790841 9710414 3731010 3731010 3730004 3730004 3730004 7090973 7090973 7090973 3950043 8190043 2760043 7790743 2760770 2760743 2760743 2760071 3470043 3470580 9040043 730928 8870772 9710872 7790580 7790937 7090973 9040857 3730004 730580 8870772 8190646 8190071 3730004 3730004 1760973 3730004 7090973 730043 730043 730043 8870043
8871007 8190741 2760857 3730004 3730004 9350043 2760928 8870043 3470857 8190519 2760857 2760770 2760752 2760743 2760857 2760857 5370043 2760857 8190519 2760857 9710422 2760964 3731010 3730004 3730004 3730004 730560 730969 730969 9350580 730580 2760930 3470752 910928 8190646 3731010 3730646 3730004 8190913 3470857 8190043 8190770 2760857 2760930 2760857 2760930 8190519 2760371 9350930 730969 8870043 2760043 2760857 2760930 2760857 2760371 2760371 3730004 3730004 3730004 3730004 3730004 3730004 2760857 2760043 8870043 2760371 2760580 730741 8190519 3730004 7090973 7790964 2760857 5370043 2760857 2760857 6760857 2760857 2760857 2760857 7790857 8190519 7790741 2760964 2760043 2760743 7790857 9350043 2760857 2760043 2760857 7790580 2760043 730580 730580 730646 730560 730560 2760930 5370043 2760924 2760371 8190930 8190043 2760857 2760930 2760857 2760930 2760857 2760857 2760770 2760857
9710371 3470580 9710920 7790857 2760043 2760924 730560 7790894 9040580 3470200 2760371 730560 9710872 9710920 3470580 7790894 2760071 2760043 2760964 7790964 2760924 9710920 9711023 9711023 9710920 7790741 730043 2760371 7790743 7790964 3470200 8870741 730560 9040580 9711023 7790371 8190646 2760371 7790770 3471023 3470200 2760743 7790371 7790741 9040857 2760371 730741 730560 8870741 3470752 9710872 3470743 3471023 7790894 2760043 9710872 730560 7790752 2760741 7790752 2760043 7790043 8870741 7790964 7790964 910928 9710422 9040969 7790043 730043
7790770 3470752 7790770 9710414 3470743 9710920 8190964 9710414 3470043 3731010 1760973 3730004 9710920 8870580 2760741 7790857 3471023 8190964 7090973 9710414 9040857 2760043 7790770 8870772 8870772 8711023 3731002 3470743 3470743 1760973 8190913 9710857 9711023 8190371 730043 730580 7790964 730580 8870043 8870043 3250857 7790043 9040043 3731002 8870741 8190770 1760973 8870043 9040043 9040857 730580 8870580 730741 730741 8870043 730646 730646 730371 8190741 3730004 8190646 7790841 7790043 7790857 7790857 7790857 3950043 3731023 9350580 8190519 9710414 9040969 7790770 3470200 3470043 8190913 2760371 7790964 2760857 9710770 3730004 3731023 3731023 3731010 8190043 9350043 3730004 8190043 730741 9350043 7790857 7790857 2760371 2760752 3731010 1760973 3730241 1760973 9350043 8870772 910928 7790857 3950043 7790043 7790857 7790043 7790841 7790580 2760928 2760928 730857 8190043
4910200 7310601 8870424 4040200 910928
null
8190888 7980973 7790841 5370877 7790969 4040200 5370877 5370877 7790857 7790937 730580 7790857 3950043
4040200 5370877 7790937 4040200 9350700 8870580 7790841 1030282 3731002 3950729
null
null
null
250200 4630200 1030282 1760973 250200 250200 250200 3730200 3731002 3731002 7790841 4630200 3950729 7790857
null
7790841 7790937 4040200 3950043 7790937 7790841 8870043 7790841 7790937 7790857 7790857 5370200
null
null
null
null
null
null
null
4040200 3950043 730969 7790857 5370200 7790857 7790857 4040200 3950729 9350930 5370200 9350114
3950729 3950729 7790841 3950729 5370877 3731023
null
null
null
5370877 3950729 7790841 5370200 5370043 4040200
3950729 3950729
null
null
4040200 4880973 4880973 1030292 1030282 250200 8190770
null
null
7790969
null
1030292 3731002 3731002 3731002 3731002 7980973 7980973 7980973 7980973 7980973
4040200 4040200 7980973 8870424
7790969
null
250200 250200 4630200 4880973 1030857 4880973 1030282 1030292 1030857 1030282 250200 1030292 1030292 4880973 1030292 1030282 250200 5370200 5370200 4630200 3950043
null
4630200 1030857 1030857 1030292 1030292 1030292 3731023 1030857 7980973 1030282 1030292 250200 250200 1030282 1030282 1030282 1030282 1030292 1030282 1030282 1030857 4630200 4630200 4630200 1030292 4630200 3731002 4630200
null
null
3950729 3950729 4040200 4040200 4630200 1030282 1030292 1030292 1030292 1030282 3731002 4630200 250200
null
730857
null
null
null
1030282 5370200 3950729 3950729
8190646 4630200 1030292 1030282 1030282 1030282 1030282 1030292 7980973 1030282 1030282 1030282 1760973 1030282 1030282
null
3950729
5370043 3950729 3950729
null
null
9040969 7790841 5370200 4040200 1030292 4630200 1760973 3731023 1030282 1030282 1030282
9350930 8190829 1760973 3731002 4630200 4630200 1030857 1030857 1030857 1030292 1030292 1030857 1030292 1030282 1030292 7980973 1030292 1030857 1030292 3731023 1030292 250200 5370200 1030282 1030282 5370200 5370200 250200
4040200 7790857 8871007 9350765 3950729 9350930 5370200 7790857
null
null
null
null
null
null
null
null
null
8870772 4630200 1030282 4880973 1030292 1030857 250200
null
null
null
null
250200 5370200 3950043 1030282 3950729 5370200 1030282 250200 4630200 1030292 1030857 1030857 1030292 1030292 1030292 1030282 4880973 4880973 1030282 1030292 1030857 1030282 4630200 4630200 4630200 250200 1030282 250200 250200
null
7310601 3730765 3730404 7980973 6760601 9350114 6760857 3730829 8190829 8190829 3730241 9350114 3731002 8190942 9350700 5370877 3730519 8190765 9350765 7980973 7980973 5370877 6760601 9350114 7310601 8190942 7310601 7310601 3730601 3730200 7310404 3730601 6760857 8190765 7310564 9350114 8790857 8190877 7310564 9350765 2760857 7980973 6760601 9350765 6760601 3730241 6760857 5370877 8190765 8790857 6760601 9350765 5370877 3730601 3730765 8190829 3730829 8190829 8190829 8190765 6760601 3730765 8190913 5370877 3730601 8190877 3731002 3730241 3730829 8190877 6760601 6760857 5370877 3730829 8190765 6760601 6760601 9350765 8190765 6760601 3730241 8190942 9350765 5370877 8190942 8190829 9350700 9350765 7310404 4880973 7310404 3730765 3730829 9350765 9350700 9350765 6760601 7980973 7980973 9350765 6760601 3730765 8190765 8190765 6760857 5370200 6760601 9350765 8190829 9350700 3730241 5370200 8190877 3730601 3731002 3730765 7310564 8790857 8190371 6760601 9350700 9350765 8190765 5370877 3730404 6760601
1030857 4880973 8190829 7980973 9350700 3730404 1760973 5370200 6760857 9350580 7310404 6270652 9350765 3730519 2760743 8190829 9350765 7980973 4880973 4880973 4880973 6760857 3731002 8870424 7310404 9350580 9350114 9350765 8790857 9350700 9350765 8790857 4880973 7980973 8870580 8190942 9350765 9350114 9350765 3250857 9350114 9350765 730857 7980973 7310404 3730200 8190829 9350700 7310404 7310601 9350700 5370877 7980973 5370877 7980973 9350765 7310404 8190913 8190829 7310601 730857 9350114 8190765
5370877 3730765 8190877 3730829 8190765 3730404 8190765 8190877 9350114 3730519 8190930 3730829 8190942 3730829 3250857 3730404 3730765 6760601 8190765 8190519 3730765 3731002 8190765 8190829 3730765 8790857 8190765 8190829 8190829 3731002 8190829 8190829 8790857 3730241 9350700 5370877 6760601 1030282 8190765 8190765 6760601 9350765 6760601 2370973 3730829 8190765 3730765 8190829 9350765 8190765 8190942 9350700 3250857 8190877 8190829 5370877 8190829 9350114 9350700 6990481 3730829 3730404 8190765 8190877 9350700 3730765 9350765 8790857 4910200 4910200 8790857 9350700 8190765 3730241 3730829 8790857 2760857 3730241 8190829 3730519 5370877 5370877 9350765 3250857 8190765 9350765 8190829 8790857 3730241 8790857 7310601 8190646 8190765 8190829 3730765 8190877 7310601 7310404 3730241 8790857 2760857 8190765 7310765 5370877 9350765 9350765 8190765 7310601 8190765 9350765 8190765 3730241 8190942 8190942 8790857 9350700 6990481 9350765 8190829 8190829 8790857 8190877 8190765 4910200 9350765 8190765 8190765 1030282 8190765 9350765 4910200 8790857 5370877 8790857 8190765 8190829 8190829 9350700 3730601 3730241 8190829 6990481 6760601 4910200 3730765 3730404 9350765 8190371 1030857 8190877 8190765 8790857 8190877 9350765 9350765 9350114 8190765 5370877 8190877 8190913 8190829 3730765 8190877 8190829 8190942 3730601 8190942 8790857 8190877 8190829 8190877 8790857 8190765 8190829 8190942 9350765 9350765 6760601 9350114 8190942 3730765 4910200 3730765 3730601 3730404 8190765 8190877 3730200 3730404 8190765 5370877 9350765 8190829 6760601
7310564 3730404 9350700 8190829 5370877 3250857 9350765 8190371 8790857 8190877 6760601 3250857 5370877 8190942 3250857 9350114 8190877 8190765 3730765 9350114 9350765 3730241 9350765 9350700 9350700 8190829 9350700 5370877 6760601 9350765 5370877 9350114 8190765 3730765 9350765 8190877 6760601 8190519 3250857 8190765 2760857 7310404 7980973 7310564 2370973 4880973 4880973 1030282 4880973 2370973 9350765 5370877 9350114 9350114 8790857 9350765 3250857 9350700 8190765 8190765 8190765 9350700 8790857 3250857 3730829 1030282 7310404 7310404 9350700 8190829 5370877 2760857 9350765 8190942 2760857 9350765 9350765 8190765 8190765 6760601 9350700 3250857 9350700 5370877 6760601 9350700 3730765 5370877 8790857 3250857 3731002 8790857 8190765 5370877 9350765 5370877 9350700 8190765 6760601 9350765 5370877 8790857 9350765 6760601 9350765 7310564 1030282 7310564 7310765 7980973 9350700 8190829 8190829 9350700 9350765 8190765 9350700 5370877 7310601 1030282 1760973 7310404 7980973 7980973 3730829 9350580 8190765 9350765 2370973 2370973 2370973 1030282 1030292 2370973 1030857 7310404 7310601 7310404 6760857 6760857 3730241 7310601 1030282 2370973 7980973 7980973 5370877 5370877 8190877 6760601 8190765 3730829 8190765 4880973 4880973 7980973
4910200 8790857 8190877 7310404 7310601 1030282 7310564 1030282 8190829 4880973 8190877 8190765 7980973 1030292 1030857 4880973 3250857 3730519 9350700 8190765 3731002 9350700 9350765 8190765 9350700 1030282 3730601 3730404 8190877 8190765 8190829 8190829 7310404 3730200 7980973 3730829 6760857 3731002 8790857 8190829 8190765 9350114 7310601 7980973 7980973 8190765 8190765 9350700 7310601 1030857 3730241 3730241 7980973 4880973 4880973 4880973 4880973 7980973 7310765 8190877 6990481 9350765 9350700 8190765 8190765 8190829 9350765 1030282 7310601 9350765 9350765 6760857 9350765 8190829 5370877 8190942 9350765 3730519 8790857 9350700 5370877 3730404 1030282 7310601 9350114 8190877 3730765 4910200 3731002 3730200 9350700 9350114 8790857 8790857 8190765 8190942 9350765 2760857 3730241 8190877 9350700 9350765 6990481 8190765 6760601 7310765 4880973 4880973 7310564 7310404 3730765 4910200 3730601 8190765 4880973 4880973 4880973 2370973 7310564 8790857 8190877 5370877 9350700 9350700 5370877 5370877 6760601 8790857 6760601 5370200 4910200 1030282 2370973 9350765 2370973 4880973 4880973 2370973 7980973 5370200 7980973 9350580 8190942 9350765 8190877 8790857 8190765 8190877 8790857 8190877 8190765 8190888 5370200
6990481 8190765 3250857 4910200 6990481 4910200 8190829 6990481 4910200 4910200 8190765 8790857 6990481 8190765 8190765 6990481 8790857 8790857 8190913 6990481 8190942 6990481 6990481 3950371 8190829 8190942 4910200 8190765 8190829 4910200 6990481 3950371 6990481 8790857 8190877 8190765 4910200 4910200 8190765 8790857 4910200 6990481 4910200 9350700 3730646 3730601 9350700 6760857 4880973 1030857 4880973 4880973 7310564 3730601 6760601 8190765 4910200 4910200 8190765 9350765 8190942 8190942 8190765 8190765 8190765 2760857 6990481 8190829 8190765
6990481 8190942 4910200 8190765 8190829 8190765 8190765 8790857 9350114 8870741 3950371 6990481 8190765 4910200 4910200 7310404 4880973 7310601 8190829 8190765 4910200 8190765 8190942 8190371 8190942 8190765 8190646 8190765 8190942 5370877 8190942 9350765 8190877 6760601 5370877 9350765 8190942 8190765 7310564 8190829 3250857 8790857 9350700 9350114 2760857 3730519 2760857 3250857 3250857 4910200 4910200 8190765 8190942 4910200 7310601 9350114 7310564 2760857 2760857 6760601 8190829 7310564 7980973 5370200 9350930 9350765 9350700 2760857 9350765 8190829 8190765 8190765 9350700 8190765 8190371 4910200 8790857 8790857 4910200 9350700 8190765 8790857 6760601 8190829 8190877 8190877 5370877 6760601
3950371 8190071 3730404 3730404 3730241 5370877 1030292 8190829 8870741 8190829 3950371 6990481 3730241 8790857 6990481 8190829 1030857 1030282 1030282 8190942 9350114 9040857 3470200 9350700 9350114 7310601 9040969 1030282 9350114 8190765 7310404 7980973 3731002 3731002 7310564 3730765 7310404 4880973 4880973 4880973 4880973 1030857 4880973 7310601 4880973
8190765 8190829 8190877 6990481 8190765 8190765 8190877 4910200 8190519 6760601 8190765 8190765 8190877 8190646 8790857 3250857 8190942 8190765 8190765 8190942 8790857 8190877 8190877 6990481 3730601 8190877 6990481 3250857 4910200 8790857 4880973 7310765 8790857 8190877 8790857 3250857 8190829 6760601 8790857 3730765 1030857 8190877 6760601 8190942 8190877 8190765 3731002 6990481 8190877 8190877 8190829 8190877 3250857 3250857 8790857 8790857 8190877 4910200 4910200 8190765 8790857 8190877 8190877 8190646 8190877 8190877 3250857 8190765 8790857 4910200 4880973 4880973 3730241 8190765 8190765 8190877 8190829 8190877 3250857 8190829 8790857 8790857 8190877 9350765 8190877 8790857 5370877 8790857 8790857 8190877 8190765 8190877 3250857 8190765 4910200 8190765 8790857 8190765 8790857 3730404 8190765 3250857 9350114 8190942 8190765 8790857 9350114 8190765 8190829 3731002 8190829 8190829 9350114 4880973 8190765 3731002 9350700 9350114 8190765 3250857 8190829 6990481 4910200 8190942 8190765 8190765 3250857 8190829 4910200 8790857 8190765 8190765 8190877 8190765 6760601 8190829 6990481 6760857 8190765 8190942 6760601 3250857 8190913 8790857 8190877 8790857 8190877 7310404 8190765 4910200 8790857 8790857 4910200 8190765 9350700 8190765 8190877 8790857 8790857 8190877 4910200 8190877 6990481 8790857 8190877 8190877 8190829 3730004 3730765 4910200 8190765 8190765 8190765 8190765 8190829 8190765 9350765 4880973 9350765 3250857 8190877 8190765 8190765 8190829 8190646 8190877 8190765 3250857 8190765 8790857 8190519 8190877 8190765 8190765 3250857 8190765 8190877 8790857 8190765 8190765 9350765 6990481 3250857 4910200 8190765 6760601
9350700 7310601 3731002 3471023 8190913
8790857 8190829 8190071 3250857 3250857 8790857 3250857 8190829 8190829 3950371 8190829 6760857 3250857 2760857 8190765 8790857 8190877 8190942 8190877 3730519 8190371 2760928 3250857 3731002 8190829 9350114 8190942 8190765 3250857 8190829 9350114 9350765 6760857 9350700 8190942 8190942 3250857 3250857 8190942 8790857 3250857 8190765 8190765 9350765 8190765 8190829 9350114 8190741 8190964 8790857 8190942 8190942 8190942 8190829 8190913 9350765 8790857 9350765 8190765 8190765 9350700 8190765 8190942 3250857 8190741 8190765 9350700 8790857 9350114 5370877 9350114 5370877 8190942 9350765 9350114 9350700 8190942 8190765 3950729 9350700 8190765 8190829 7980973 9350765 6760601 8190765
8190942 8190765 8190765 8790857 8190942 8190829 8190913 9350765 8190765 8190829 8190942 8190829 8790857 8190829 8790857 8190942 8790857 8190877 8190765 8190829 8190765 8190765 8190765 8190942 8190765 8190765 8790857 8190765 9350114 8190877 8790857 8190646 8190942 8190765 8190765 8190877 3250857 8190829 9350114 4910200 8190942 8190942 3250857 8190829 8790857 8790857 8790857 8790857 8190829 8790857 8190765 6990481 8190829 8190877 3250857 8190877 8190942 6990481 8790857 8190765 4910200 8190765 9350765 8190877 6990481 8790857 8190877 8790857 8190765 4910200 8190646 8790857 8190765 8790857 6990481 8190942 8190829 8790857 8190765 8190765 8190877 8190942 8790857 8190765 8190942 6990481 6990481 8190765 8190942 8190829 8190942 8790857 4910200 8790857 8190765 4910200 9350765 8190765 8190765 8190877 8190829 6990481 8190829 6990481 8190765 6990481 6990481 8190765
3731002 3731002 6760857 1030282 7310765 3730404 7980973 3730765 7980973 3730241 3731002 3730241 3730241 7980973 3730241 7980973 1030282 3730404 3730601 1760973 7310564 7310404 3730241 1760973 3731002 3730200 3730241 7980973 7310404 3731002 7310564 3730519 7980973 5370877 3730829 7310404 3730601 3730200 7980973 7310564 7310765 7980973 5370877 7980973 7310765 3730601 7310601 3731002 7310601 1030282 3730241 6760857 7980973 7980973 3730241 7980973 3730200 7980973 6760857 3730200 7310601 3731002 7310765 3731002 5370877 5370200 7310765 5370200 7310765 3730601 7310601 7310601 7310601 7310404 3730765 7310404 7980973 3731002 9350765 3730519 7310601 3730601 1030282 7980973 7310564 3730601 3731002 7310564 7310564 3730519 3730241 7980973 5370877 6760857 7310765 7310601 3730601 7310601 7310765 3730829 7310601 6760857 3730765 3730829 7980973 7980973 3730829 3731002 3730241 3731002 3730519 3730241 3730829 3731002 7310601 3730404 3730765 5370200 3730241 3731023 3730241 3730601 3730601 7310564 7310404 6760857 7980973 5370200 3730404 3731002 7980973 3730241 3730519 3730241 6760601 5370200 1030282 6760857 3730241 3730200 5370877 3730765 7310564 3731002 3730241 7310601 7310601 3730404 9350114 3730829 7310765 1760973 3731002 7980973 3730519 3730765 5370877 3730241 3730404 7310765 7980973 3730601 6760857 9350114 3730241 7310601 9350765 3730241 3730404 3730404 7310601 6760857 3730241 9350765 7980973 3730241 3730404 7310601 3730241 7980973 3730241 5370877 7310601 7980973 3730601 5370200 3730601 5370200 7310404 1760973 3730601 3731002 7980973 6760857 3730404 3730829 3730241 5370877 5370877 3730765 5370877 7310564 7310601 7980973 7980973 3730601 7310564 7980973 3730765 3730519 7980973 3730829 3730200 7310564 3730829 7310564 3730404 3730601 7310601 3730519 7980973 6760601
3730241 3730241 3730601 7980973 7310564 3731002 7980973 3730519 3730404 3730241 3730241 3731002 7310404 3730241 7310601 7310601 3730765 7310765 6760601 3730004 5370877 3730241 7980973 3731002 2370973 3730200 3730200 5370877 3731023 3730404 3730765 1030282 3730200 7980973 3730601 3731002 1030282 3730241 7310564 3730519 3730601 4880973 7980973 7980973 3730241 7310601 3730765 3730829 7310601 3731002 7980973 7980973 7310564 3730829 7980973 3730601 7310765 5370877 7980973 3730765 7310601 3730519 1030282 3730646 7310601 7980973 7310765 3730601 6760601 3730241 5370877 3730241 7310601 6760857 1760973 7980973 9350043 7980973 7980973 3730241 3730241 6760857 7980973 3731002 7980973 3730601 3730200 7310601 3730601 1760973 7310765 3731002 1030282 7980973 3730404 1760973 3730404 3731002 7310404 3731002 7310765 3730829 7980973 3730765 7980973 6760601 7310601 3730829 7310765 7310765 5370877 7310765 3730241 7980973 7310601 3731002 3731002 9350700 9350765 7980973 5370877 3730241 3730765 7310601 3730241 3730646 7310765 9350765 7980973 5370877 3730004 2370973 3730765 6760601 7310564 7310564 3730765 3730241 3731002 7980973 6760601 3731002 7980973 7980973 7980973 6760857 7980973 3730241 3731002 3730241 6760857 7980973 9350765 7310564 9350765 5370877 7310601 3730241 1030282 8190765 7980973 7310564 3730765 3730241 7310601 3730404 7980973 6760857 3730404 3730765 7310564 3730241 3730404 5370877 6760857 7310601 7980973 3730404 3730601 7310765 4630200 3730241 3731002 1030282 6760857 3731002 7310765 3730004 6760857 7310564 3730519 9350765 3731002 5370877 7310404 9350765 1760973 7310404 8190829 7980973 6760857 3730200 7310765 7310765 3730601 7980973 3731002 7310404 3730241 3730829 3730601 7980973 3730404 3730601 7980973 3731002 3730200 3730601 3730241 3730241 7980973 7310765 7310564 3730404 7310601 3730404 3730601 7310564 3731002 7310601 5370200 3731002 6760857 3731002 3730519 7980973 9350765 3730404 3730829 7310765 5370877 7980973 5370877 3730829 3730601 7310765 3731002 3730601 6760601 3730829 3731002 3730829 3730601 6760601 7980973 4880973
4630200 3731002 1760973 1030857 1030292 3950371 3250857 1030282 3731023 730857 9350043 5370200 3731023 8190913 8190519 4630200 4630200 4630200 250200 7310652 9350043 9350114 4880973 1030292 1030292 1030282 1030282 1030857 1030282 4880973 1030292 4630200 4630200 1030292 4630200 250200 1030292 4880973 1030292 4880973 4880973 4880973 4880973 1030292 4880973 4880973 1030282 8190942 4880973 4880973 4880973 7310564 7310765 9350580 8870580 8870580 8870580 7790969 3950729 1030282 7980973 4880973 4880973 4880973 4880973 4880973 4880973 3731002
1030282 1030282 1030857 1030282 1030857 1760973 3731002 1030292 1030292 1030282 4630200 1760973 4630200 5370200 7310404 3250857 8190071 8190829 8190913 8190913 8190770 2370973 2370973 1030282 2370973 1030282 1030292 1030282 7310404 7310404 730857 8190829 8190765 2760928 2760857 1030292 8190829 5370200 250200 1030857 4880973 2370973 1030292 1030857 4880973 1030292 1030292 1030292 1030282 4630200 1030282 2370973 250200 5370200 4630200 1030857 1030857 1030857 1030857 1030292 4880973 4880973 4880973 4880973 4880973 4880973 1030292 1030857
9040857 8190877 3950371 8790857 8190765 1760973 3731023 7980973 3730601 3731002 3730404 3731002 7310601 3730404 3730200 3731002 3731002 7980973 7980973 1030857 7980973 3730200 7310601 7310601 6760857 3730829 7980973 3730241 3730200 4880973 5370877 7980973 7310765 3730404 8190942 3730829 3730765 8190829 7980973 7980973 7310765 1760973 7980973 6760601 6760857 7980973 7980973 6760601 3730004 3730241 7980973 6760601 3730404 7310601 6760857 3730200 8790857 7980973 7980973 3730404 7310404 1760973 3730241 3730404 3731002 7980973 7980973 3731002 3730404 7980973 3731023 3730404 6760857 8190877 3731002 7980973 4880973 2370973 6760857 3730241 7310601 8790857 5370877 3730241 3730601 7980973 3730829 3730404 3250857 8190877 3730765 3730200 3731002 7980973 7310601 7980973 7980973 2370973 3730601 3730829 3730601 3730241 7980973 3730829 8190877 6760601 1760973 3730519 9350765 3730241 3730519 3730829 3731002 9350700 8870741 8190829 8190371 8190371 2760580 5370877 8190877 8190765 2760928 3731002 8190877 3730601 5370877 5370877 3250857 4910200 9350700 8871007
2760857 6990481 8190942 9350043 1030282 1030282 7980973 9350114 9040580 1030282 3950371 8190877 8790857 8870741 5370877 8190765 3730519 7310564 7310765 3730200 7310404 7980973 6760857 7310601 3730241 3730241 7310404 7980973 9350114 3730004 7310601 7310765 7980973 7980973 7980973 7310765
7310601 3731002 4880973 2370973 9350114 7980973 3730241 9350700 3730404 3730765 3730404 8790857 8190877 8790857 8190765 6760601 8790857 8190829 4880973 3730829 3730765 8190765 6760601 3730004 9350765 2760857 8190765 8190942 8190942 2760857 2760857 8790857 8190519 8190877 6760601 5370877 7310404 9350765 7310404 8190765 9350114 8190765 9350114 8190765 8790857 8190942 3731002 9350765 7310601 7980973 7310601 7980973 7310765 3730601 6760601 5370877 8190877 6760601 4910200 9350765 9350114 9350765 3250857 4910200 7310601 7310404 7310404 7310404 7980973 7310765 7310404 7310404 7310601 7980973 3730200 6760601 7980973 2370973 7310601 7310765 9350765 3731002 5370877 7310564 7310564 3730404 8190913 4910200 9350765 3730200 4880973 7310404 9350765 7310601 7980973 9350765 3730200 8190765 6760601 9350580 7310765 9350765 6760601 6760601 8790857 9350700 8790857 8190829 8190765 4910200 4910200 8190829 7310564 8190877 7310601 5370877 7310404 7980973 7310765 5370877 9350765 7310765 6760601 7310404 4880973 7310601 7310765 7310404 7310765 7310765 6760857 7310404 7310564 6760601
4630200 3730241 3731002 3730601 3731002 9350765 250200 3730646 3731002 3730241 3731002 3730404 6760601 3730404 3730765 8190765 3730519 8190765 3730765 3730601 9350114 8790857 3730646 3730601 3730404 3731002 3730765 8190371 8190765 3730601 3730241 5370877 3730765 5370877 6760857 3730765 3730765 8190829 3730404 3730519 7310765 8190942 3730829 8190942 3730404 3250857 3731002 3731002 6760857 8190519 3730241 8190071 8190877 3730241 3731002 3730404 9350114 8190829 3730241 8190371 6760601 3730404 3730404 3730765 9350114 8190942 3730646 3730241 8190765 8190877 2760857 6760601 3730646 3730829 8190829 7980973 6760601 8190765 6760857 8190765 8190829 3731002 3730241 3730404 9350765 3730646 6760601 3730519 3730646 8190371 3730519 8790857 3730765 8190829 3730241 9350114 8190942 8190942 9350765 3730601 8190765 3730765 8190829 8190942 3730601 3730601 4630200 3730601 8190765 8190942 3730601 9350700 3730601 3730404 8190829 3730601 3730765 3730765 8190877 8190942 3730646 3730765 8190829 3730765 2760857 6760601 3730601 9350765 6760601 3730601 2760857 8190942 3730241 8190765 3730646 3730601 9350765 8190877 3730765 3731002 3730765 9350765 3730241 9350765 3731002 3730829 3730519 8190765 3730241 3730765 9350765 3730241 8190942 3730241 3730829 8190765 8190877 3730241 8190877 9350114 3730241 3730241 9350765 8190942 8190765 3730646 3731002 7310564 8190765 2760857 6760601 3730765 3730241 3730601 3730601 5370877 3730241 8190829 8190765 1760973 8190829
9350580 9040580 8190888 8790857 5110471 4910200 8870424 9350765 6760857 4910200 3470743
5370200 4880973 6760857 1030282 250200 8190646 8190646 5370200 6760857 5370877 8190765 730857 3730519 1030282 9350700 8190765 9350765 8190646 7980973 7980973 8190646 8190942 8190071 1760973 3731023 7980973 5370200 8190043 3730200 1030857 2370973 7980973
1030282 4630200 1030857 1030292 4880973 1030292 1030292 1030292 4880973 4880973 1030282 4880973 4880973 1030282 4880973 1030292 1030282 1030282 4630200 5370200 7790937 1030857 1030857 4880973 1030292 5370200 1030282 5370200 4630200 1760973 1030857 1030282 1030282 4880973 1030292 1030282 1030282 4880973 1030292 4880973 4880973 1030857 4880973 4880973 4880973 4880973 1030292 7980973 4040200 1030292 3731023 1030857 3731023
1760973 4630200 250200 1760973 1030292 3731002 1030282 3731023 3731023 1030282 250200 250200 250200 250200 5370200 1030282 4880973 4880973 4880973
1030292 1030292 4880973 1760973 4630200 4630200 4630200 4630200 1030292 4880973 4880973 4880973 1030282 3730241 3731002 3731002 4880973 1030857 4880973 1030857 1030857 3731023 1030282 1030292 1030292 1030292 250200 1030292 4880973 4880973 1030857 4880973 4880973 4880973 4880973 1030292 1030282 4880973 5370200 1030282 7980973 5370200 8190765 8190913 8190765 4630200 1030292 1030292 4880973 5370200 5370200 1030292 4880973 4880973 4880973 4880973 1030857 4880973 4880973 4880973 4880973 4880973 1030292 1030282 1030282 1030282 1760973 1760973 4630200 1760973 1760973 1030857 4880973 4880973 4880973 4880973 1030282 4880973 4880973 4880973 4880973 4880973 1030857 4880973 1030282 1030857 4880973 1030857 1030282 7790841 9040857 3950043 8190646 4040200 8190043 5370043 8190043 4040200 9040857 9040857 5370043 9350700 3950043 3950043 8870043 250200 3950043 3950043 8190043 3950043 7790857 7790857 8190043 5370043 9040857 3730241 5370043 3950043 3950043 7790857 8190646 3730241 1030282 1030292 1030857 4880973 4880973 1030292 4880973 4880973 4880973 4880973 4880973 4880973 1030292 1030292 1030292 1030292 1030282 1030282
7980973 3731002 3730200 3731002 1030292 1760973 1030857 1030282 4880973 1030292 3731023 2370973 1030282 1030282 4880973 4880973 4880973 4880973 4880973 3731002 4880973 4880973 4880973 4880973 1030292 4880973 4880973 7980973 4880973 2370973 7980973 2370973 2370973 7980973 2370973 3730200 3730200 3730200 5370877 3730765 7980973 4630200 7980973 3730200 1030292 7980973 1030282 2370973 7980973 3730241 7980973 7980973 4880973 5370200 7980973 3731023 1030282 2370973 3730241 1030857 7980973 1030292 3731002 7980973 3731002 7980973 3731023 3731023 1030282 7980973 1760973 1030282 3730200 4880973 4880973 1030292 4880973 4880973 4880973 4880973 7980973 1030282 7980973 5370200 1030282 4880973 4880973 1030292 1030857 4880973 1030292 4880973 7980973 1030292 1030857 1030282 1760973 3731002 4630200 3730200 3731002 4630200 2370973 3730200 1760973 3731002 3731023 7980973 4630200 1030292 3731023 1030282 4880973 1030292 1030292 4880973 1030857 4880973 4880973 3731002 7980973 4630200 1030282 1760973 1760973 7980973 1760973 3731023 3731023 3731002 2370973 3731023 1760973 3730646 3730519 4630200 1030282 1760973 1760973 3731023 7980973 3731002 3731023 3730646 3731023 1760973 1030282 1760973 7980973 1030857 3730519 3731002 3730004 3731002 3731002 7980973 7980973 7980973 3730004 7980973 3731002 3730200 3731002 3731002 3730646 1760973 1030292 3731002 4630200 3731002 7980973 1760973 1760973 3731002 3730200 4630200 1760973 1760973 7980973 4630200 1030857 3730241 7980973 3731002 4630200 1030292 8190043 4630200 7980973 3730241 7980973 1760973 3731002 7980973 3731002 7980973 3730241 4630200 3730200 1760973 5370200 1760973 1030282 3731023 7980973 3731002 1030282 3731002 3731002 3731023 3731023 3731023 1760973 2370973 3730200 3730646 3731023 1760973 3731002 3731023 7980973 7980973 1760973 3731002 3731002 7980973 7980973 4630200 7980973 3730200 7980973 1760973 4630200 1030282 3731002 2370973 3731002 7980973 3731002 7980973 3731023 3731002 7980973 3730646 3731002 5370200 3731023 3731002 1030282 3731023 3730004 3731023 1030292 3731002 3730200 3731002 3731002 1760973 1030282 1760973 3731023 7980973 3731002 1030282
3950729 8870580 4040200 9040043
7790857 4880973 4630200 9350580 730580 4630200
3731023 9040857 1760973 7090973 3731023 3730241 7090973 3730241 1030857 1030282 3950729 1030292 1030292 4880973 2370973 4880973 1030292 4880973 1030292 4880973 1030292 1030282 1030282 1030292 4880973 1030292 1030282 1030292 1030292 1030282 250200 7980973 4880973 8190646 4630200 1030292 250200 1030292 5370877 4880973
1030292 3950043 3731023 3731002 3470200 8871007 8190741
null
9350700 3470743 8871007 910928 4040200 8190765 4040200 8870741 250200 9350765 8871007
9040969 3730829 8790857 3731002 7790969 7790913 9350114 8870772 9040969 9350700
7790857 7790857 8870741 3731002
8190913 8190646 8190829 3471023 9350930 3950729 9350043 8190371 9350700 8870772 4880973 9350700
8190942 3730241 3731002 3250857 6760601 5370877 4880973 4880973 7310601 5370877 8790857 9350700 9350765 8190829 8190829 7310601 7980973 2760857 8190765 7310601 1030282 7310564 3730765 3250857 8190829 8190765 4910200 4910200 6990481 5370877 9350765 8190829 6990481 4910200 3470200 6990481 6990481 6990481 6990481 4910200
3250857
