220
8190765 7980973 8190071 7530857 8190765 8190741 8790857 8190765 8190937 3250857 1760973 5370877 3250857 3731002 8190877 8190363 3950043 8190646 8190363 8190646 8870544 3731023 5370200 4630200 3730241 3730829 7530857 7530857 8190765 8190877 8190770 8190942 8190071 8190741 3950043 8190913 730928 8870544 8870544
4880973 8871007 4630200 4630200 4630200 5370877 3731002 1760973 4630200 1031010 1031010 1030282 1030282 1030282 7310564 7980973 4880973 1030638 7980973 4630200 7980973 9350043 3950043 1031010 1030292 4630200 5370877 7980973 5370200 1030638 7980973 7310765 4880973 4630200
null
8870544 7790200 1031010 9350646 8190913 1030282 7310646 4880973 1030292 4880973 4880973 1030292 4880973 1030292 1030282 9350646 730371 9350741 1031010 1031010 1030292 3731023 1030292 1030282 1030282 1030292 1030292 4880973 4880973 1030292 1030292 1030292 4880973 1030638 1030638 1030638 4880973 5370200 8190371 7310646
730646 7980973 1030292 1030282 5370200 7090973 3730004 2370973 1760973 1031010 1031010 1031010 1031010 1030282 4630200 5370841 5370841 3730519 1030282 8190043 8870424 3731002 1760973 7790200 3700969 8871007 730870 9350646 730928
7790200 730928 8870580 9350765 3471023 9350646 3731002 8190937 1031010 1031010 1760973 5370200 4880973 1030292 4880973 1030292 5370200 8190741 4630200 4630200 4630200 4880973 1030282 1031010 5370200 3731023 8190363 8190913 1760973 7980973 8190646 4630200 4880973 1030282 4880973 5370200 5370200 5370841 3950043 4630200 4630200 3731023 4630200 1031010 1031010 1030292 2370973 1030638 1031010 4880973 1030282 1030282 1760973 1030292 1030638 4880973 4880973 1030638 1030292 1030638 1030282 4630200
null
null
1031010 1031010 4630200 4630200 8870544 8871007 8871007 3470752 2760752 7790913 2760770 2760043 2760741 8190765 3470414 9710969 2760741 7790841
9710006 910928 910928 910928 910928 910928 2760928 9350580 3700969 7790841 3950043 8870544
3700969 9710752 3950964 9710857 9710770 3470969 8190363 2760580 2760071 2760888 6990200 9710519 3470580 9710580 730519 730519 910928 3700519 730928 3700969 7790743 3700969 3700770 3950371 3700770 9710752
3700969 3700969 3700969 910928 3700519 910928 910928 8190765 7790841 7530857
9710770 9710969 3470200 9710969 3470200 3700770 9040580 7790964 9710752 2760580 910928 730870 730969 9350404 910928 3700969 2760580 730928 730870 2760928 3700519 3700519
3700770 3700770 9710770 3700519 8190888 8190071 8190765 2760770 9710752 6990200 7790841 8190937 730519 9710920 8790857 9710371 3700519 8190937
2760743 8190071 8190646 9710864 7790841 9710770 9710770 8190829 2760580 7790071 6990200
910928 910928 910928 910928 910928 910928 3700969 3700969 9710969 3700969 910928 910928 3950964 3700205 8790857 9710770
3470580 3470519 9710580 2760752 2760071 9710752 9710864 9350404 9710371 9710752 9710770 9710920 2760580 730646 2760580 2760071 9350765 9350765
8870772 3700770 3470752 9710519 3700770 3470414 3700770 3470519 9710071 9710071 9710071 9710580 9710414 9710371 3470969 3700770 9710414 9710969 3470969 730928 910928 910928 910928 910928
5370841 5370841 9350580 910928 2760752 2760770 2760752 3470200 3470752 9710752 8190770 9710519 9710519 9710371 9710770 3470969 3470519 2760752 3470580 3470752 8190071
2760770 910928 730371 910928 910928 9710071 3250857 8190741 6990200 9710770
2760928 3700969 730646 910928 3700969 910928 910928 910928 910928 910928 910928 7790519 730519 2760928 3700519 2760924 2760928 2760928 2760928 8870580 8870580 910928 910928 910928 910928 3700969 910928 910928 910928 8870772 910928 910928 8870580 8870772 910928 910928 3700969
730519 8190969 3700969 910928 3700969 3700969 9710519 3250857 8190888 8190765 9350404 2370973 5370841 3950964
9710752 8190829 7790519 8870544 3471023 7790841 3470519 3470969 3470580 9710752 3700770 3700519 9710071 3950964 9710920 9710071 9710770 8190942 2760071 2760071 8190770 3470752 3470043
8870772 8871007 730870 3700205 910928 3700969 730969 3700969 910928 910928 910928 910928 910928 910928 910928 730071 9350404 8790857 9710770 7790841 7790888 9710864 9710920 3700770 3700969 3700969
730741 910928 730519 730770 730580 3700969 910928 3700969 3700969 910928 910928 910928 730580 730928 910928 910928 910928 910928 910928 910928 910928 910928 910928 910928 910928 3700969 910928 910928 910928 730646 8870580 910928 8871007 2760043 7790752 730928 910928 730043 910928 910928 910928 910928 910928 910928 910928 910928 910928 910928 910928 3700969
3470200 2760743 3470969 9710371 9710752 910928 910928 9710770 3470752 2760964 9710580 7790752 3470200 3700969 9710969 2760752
730928 730928 3700969 910928 730646 730928 8870772 2760752 2760580 2760580 2760580 7790841 910928 8870772 730870 730870 8870772 8870424 7790519 7790841 910928 910928 3700969 3700969 3700519 3700969 3700969 910928 3700969 910928 8870772 730928 730928 730770 8871007 910928 910928 910928 910928 910928 8871007 8871007 910928 3700969 730928 730519 8870772 730646 8870424 8870772 730928 730928 8871007 2760580 730646 2760043 2760928 730770 730071 3700580 3700519 3700519 3700969 3700969 3700969
910928 3700969 3700969 7790841 730580 730741 8870580 7790841 7790200 8871007 910928 730646 7790580 7790580 3700519 3700969 3700519 8870043 3700969 3700770 3700770 8790857 9710857 8790857 9710857 3470752 3700770 8190363 8190363 8190363
730928 3700969 3700205 7790580 8871007 730969 8870043 2760580 7790580 7790841 7790580 7790580 3700519 7790200 7790519 2760580 2760580 7790580 8871007 8871007 910928 910928 910928 730646 730043 7790841 7790841 910928 910928 910928 910928 7790519 910928 730646 8870580 7790580 910928 910928 910928 8871007 3700580 3700580 3700580 9040580 8870043 7790371 7790913 7790580 910928 910928 910928 910928 910928 910928 910928 910928 910928 8870424
910928 910928 910928 730928 910928 730928 730646 730870 7790841 7790580 7790580 730646 8870772 8870580 8870580 7790071 730741 730928 3700969 730646 730519 7790580 7790200 7790841 7790913 3700969 910928 8871007 730928 730646 3700969 3700969 3700519 3700969 3700969 3700519 3700969 910928 7790580 7790519 8871007 910928 910928 7790519 7790580 8870772 910928 8870424 3700969 730928 8870580
730969 730969 7790519 2760580 2760580 7790200 730519 8870580 8870424 8871007 8870544 7790580 7790580 7790580 8870580 730646 910928 7790913 7790841
6990200 2760770 9710580 9710741 9710519 2760752 9710519 2760770 3250857 2760580 2760752 2760888
6760601 7310601 7310601 5370200 5370200 5370200 1030282 7790841 9350765 5370200 8790857 1031010 7980973 4880973 2370973 1030282 7310564 3731002 8190071 8190888 3730519 7980973 7980973 6990200
8190888 9710770 8190752 3471023 3950964 9350404 9350646 5370841 730519 9710864 8870544 8870544 4720857 7790857 9350646 7790857 6760857 9710920 3250857 1760973 8190969 8871007 1030282 3730200 7310646 7980973 5370200 9350580 8870043 8870544 7790913 3731002 1760973 9350741 8190741 8190937
6270652 6270652 6270652 6270652 6270652 6270652 6270652 6270652 7310471 7310652 6270652 6270652 6270652 6270652 6270652 6270652 6270652 6270652 6270652 6270652 7310471 6270652 7310471 7310471 6270652 6270652 6270652 6270652 6270652 6270652 6270652 7310471 6270652 6270652 7310471 7310471 6270652 6270652 6270652 7310471 7310471 6270652 6270652 7310471 6270652 6270652 6270652 6270652 6270652 7310471 6270652 6270652 7310471 6270652 6270652 6270652 6270652 6270652 6270652 7310471 6270652 6270652 7310471 6270652 6270652 6270652 6270652 6270652 6270652 6270652 7310471 7310471 7310471 7310471 6270652 7310471 7310471 7310471 6270652 6270652 7310652 7310652
7310471 7310471 7310564 7310652 7310652 7310471 7310652 7310652 7310652 7310646 7310601 7310564 7310652 7310652 7310652 7310652 7310652 7310652 7310652 7310652 7310652 7310652 7310652 7310471 7310471 7310652 7310652 7310652 7310652 7310652 7310652 7310652 7310652 7310652 7310652 7310652 7310652 7310652 7310652 7310652 7310652 7310652 7310652 7310652 7310652 7310652 7310652 7310652 7310652 7310652 7310652 7310652 7310652 7310652 7310652 7310471 7310652 7310652 7310652 7310652 7310652 7310652 7310652 7310652 7310652 7310652 7310652 7310652 7310652 7310471 7310652 7310652 7310471 7310652 7310652 7310652 7310471 7310652 7310652 7310471 6270652 6270652 7310652 7310652 7310471 7310652 7310471 7310652 7310652 7310652 7310652 7310652 7310652 7310471 7310652 7310652 7310652 7310652 7310652 7310652 7310652 7310652 7310652 7310652 7310652 7310652 7310652 7310652 7310652 7310652 7310652 7310601 7310652 7310652 7310652 7310652 7310601 7310404 6270652 6270652 7310652 7310404 7310652 7310652 7310652 7310652 3730829 7310652 7310765 7310652 7310652 7310652 7310471 7310652 7310471 7310652 7310652 7310652 7310652 7310652 7310652 7310652 7310601 7310765 7310652 6270652 7310652 7310652 6270652 7310652 7310404 7310652 7310652 7310765 7310404 7310652 7310652 7310404 7310601 3730829 7310404 7310765 7310652 7310652 7310652 7310652 7310652 7310652 7310652 7310404 7310652 7310652 7310652 7310652 7310652 7310652 7310652 7310652 7310652 7310652 7310652 7310652 7310652 7310652 7310652 7310652 7310652 7310652 7310652 7310601 7310404 7310652 7310652 7310652
7310652 7310652 7310652 7310652 7310652 7310652 7310652 7310652 7310652 7310765 7310652 7310652 7310652 7310652 7310652 7310601 7310652 7310652 7310652 7310652 7310652 7310652 7310652 7310652 7310652 7310652 7310652 7310652 7310652 7310652 7310652 7310652 7310652 7310652 7310652 7310652 7310652 7310652 7310652 7310652 7310652 7310652 7310652 7310652 7310652 7310652 7310652 7310652 7310652 7310652 7310652 7310652 7310652 7310652 7310652 7310652 7310652 7310652 7310652 7310652 7310652 7310652 7310652 7310652 7310652 7310652 7310652 7310652 7310652 7310652 7310652 7310652 7310652 7310652 7310652 7310652 7310652 7310652 7310652 7310652 7310652 7310652 7310652 7310652 7310652 7310652 7310652 7310652 7310652 7310652 7310652 7310652 7310652 7310652 7310652 7310652 7310652 7310652 7310652 7310652 7310652 7310652 7310652 7310652 7310652 7310652 7310652 7310652 7310652 7310652 7310652 7310652 7310652 7310652 7310652 7310652 7310652 7310652 7310652 6270652 7310652 6270652 6270652 7310652 7310652 7310652 7310652 7310652 7310652 7310652 7310652 7310652 7310652 7310652 7310652 7310652 7310652 7310652 7310652 6270652 7310652 7310652 7310652 7310652 7310652 7310652 7310652 7310652 7310652 7310652 7310652 7310652 7310652 7310652 7310652 7310652 7310652 7310652 7310652 7310652 7310652 7310652 7310652 7310652 7310652 7310652 7310652 7310652 7310652 7310652 7310652 7310652 7310652 7310652 7310652 7310652 7310652 7310652 7310652 7310652 7310652 7310652 7310652 7310652 7310652 7310652 7310652 7310652 7310652 7310652 6270652 7310652 6270652 7310652 7310652 7310652 7310652 7310652 7310652 7310652 7310652 7310652 6270652 7310652 7310652 7310652 7310652 7310652 7310652 6270652 7310652 7310652 7310652 7310652 7310652 7310652 7310652 6270652 7310652 7310652 7310652 7310652 7310652 7310652 7310652 7310652 7310652 7310652 7310652 7310652 7310652 7310652 7310652 7310652 7310404 7310652 7310652 7310652 7310652 7310652 7310652 7310652 7310652 7310652 7310652 7310652 7310652 7310652 7310652 7310652 7310652 7310652 7310652 7310652 7310652 7310652 7310652 7310652 7310652 7310652 7310652 7310652 7310652 7310652 7310652 7310652 7310652 7310652 7310652 7310652 7310652 7310652 7310652 7310652 7310652 7310652 7310652 7310652 7310652 7310652 7310652 7310652 7310652
730741 5231023 5231023 2760043 5370043 730928 3470580 5370043 8870043 9711023 9710857 7980973 3730004 1760973 3731002 2760752 9710371 9710371 9710752 8870043 3470043 7790857 8190770 8190765 9710414 3700519 8190741 3731023 4630200 4630200 8190770 3700580 7790913 2760371 9710519 2760371 2760371 3700580 7790894 2760770 3700580 9710580 7530857 9710969 3700770 2760371 7790888 3950964 9710969 8190752 1760973 1760973 1760973 7090973 1760973 3470043 8711023 3731002 730043 2760043 2760043 910928 9710205 9040580 2760964 7790071 7790857 2760770 9710770 2760743 2760770 9710422 2760741 7790071 3470580 7790888 9350580 8190752 8870580 9350580 8870580 7790580 7790580 5231023 3730004 9350741 9350741
8190888 2760741 8190969 7790913 730870 7790857 3471023 7790841 7790741 2760071 1030638 2760071 8190752 9710006 3470200 9710857 8190752 8190770 9710770 9710770 2760770 3470752 7790888 2760770 2760741 2760071 2760743 9711023 9710414 3471023 3470200 7790857 8190913 2760071 7790888 9710519 5231023
8190071 7790200 8190913 7790200 7090973 2760770 9710920 3470752 8190752 8190752 8190752 9710741 3730004 3730004 8190043 3731010 8190888 8190888 1760973 7980973 9350741 9710414 3731010 7090973 8190913 3731010 3730004 8190743 5370043 8190743 3700969 9710770 9710770 9710071 8711023 8190752 9710857 3470580 8190752 3731023 7090973 3730004 9710580 8190519 8190741 9350043 7790857 8870544 7790200 7790857 8190043 8190071 3731010 2760888 8711023 8190888 8190752 9710071
3730004 3730004 3730004 3730004 8190071 9710752 9711023 730560 4720857 9710414 3731002 8190888 8190888 8190743 2760770 8190752 8190770 3471023 7790071 8190071 9710371 7790071 9711023 3470752 3471023 9710857 3731010 3730004 8190371 9710422 3730004 3730004 3730004 9710857 7790371 730560 9710205 3730004 3731010 3730004 3730004 8190752 8190646 9710969 3730004 3731010 9710414 8190888 7790857 9710741 3470857 3470752 7790857 3700205 9710205 9710422 9710205 2760752 9710071 7790371 7790857 730741 3700770 8190741 1760973 3700205 730741 3950371 910928 3470205 8190043 7790888 3731010 3730004 8190646 3470043 7790894 7790743 3950964 8190646 9710752 2760580 2760741 9710422 3470200 8190942 9710920 9710414 8190071 8190371 9710969 3470205 9710741 9710371 9710857 9710371 9710920 8190752 7790894 9710770 3470752 8190770 9710857 9710969 9710371 9710371 9710371 3470205
3700205 8190371 7790857 3470205 9710371 8870580 7790580 9710752 9710752 9710857 7090973 3730004 3700580 3730004 8190371 3700969 9710857 9710770 9040580 9040580 9710071 2760043 7790200 9710371 9710741 9710205 3470205 3700205 8190560 7090973 7090973 7090973 7090973 3730004 730770 9710770 4630200 1760973 9710770 3470580 8190519 3730004 3470857 7980973 730043 8190043 8190770 8190752 3730004 3731010 3731010 3730004 3730004 730770 730770 7790752 7790752 8190770 8190741 9710006 3470205 7790857 7790857 7790857 3950043 7790200 3950043 7790913 8190646 9710422 7790964 3471023 9710414 9710414 9710414 9710920 8190071 1760973 8190519 7310646 2760743 2760964 9710920
9710371 7790743 3730004 3730004 9710752 9710857 8190043 2760741 3730004 2370973 7980973 8190043 3700519 2760888 2760580 8190969 9710414 730770 5370043 2760043 8190071 7790752 7790888 9711023 3950964 8190743 9710580 730071 9710580 9710580 7790964 9040580 7090973 3731010 8190969 8190043 2370973 2370973 2370973 2370973 8190071 9710920 7790752 9710770 9710071 8190752 3470752 8190743 8190371 9710857 3470857 9710857 3700770
9710414 9710205 3470205 8190743 3470857 7790857 8190913 7790200 3950043 7790200 7790857 7790857 7790857 7790371 9710371 3470205 9710969 8190071 9710857 3730004 3731023 1760973 3730004 1760973 1760973 1760973 9710770 9711023 9710920 9710920 2760964 9710857 2760043 3730004 3730004 3470857 3730004 8190743 9710770 7790071 9710752 3470752 9710864 3470857 9710857 3470857 2760888 3470580 3731002 1760973 7790741 3471023 9710864 8190752 7790857 2760371 8190743 7790071 7790743 3470752 3730004 1760973 3731002 8711023 9710752 9710414 3700770 3470969 7790200 7790841 7790857 7790857 5370043 3470580 3730004 7790371
3470414 2760770 730560 730743 3730004 7090973 7090973 7090973 8190071 1760973 2760888 2760743 2760371 7790888 7790519 7790913 4630200 3731023 7980973 3470414 9710414 8871007 3731010 3730004 2760371 2760743 3730004 9710920 7790888 3700770 2760770 7790743 2760743 7790743 7790071 2760071 7790888 8190770 3700205 3731023 7790857 3731010 7090973 3731010 7090973 9710205 9710422 3731010 3731010 7090973 7090973 3730004 8190888 8190770 9710857 9710770 7790857 8190752 3470969 3730004 8190752 8190071 9710422 2760371 8190071 9711023 7790857 7790857 9710371 3470205 3730004 3730004 8190560 8190560 8190560 7790894 3730004 7790371
9040580 3731010 3730004 7090973 3730004 3730004 2760741 9711023 3470752 3730004 9710770 9710371 3470857 3470857 4720857 3470519 3730004 3730004 3730004 7090973 7090973 8190942 8870580 9710414 9710414 3470519 3470857 3700519 8190770 9710920 8190888 2760888 2760743 2760924 3470519 730770 730741 3470752 3470752 3470200 2760770 9710519 3700205 9710770 9710006 3470519 3730004 8190560 7090973 3730004 8190888 3730004 3470857 9710071 9710920 9710920 7790964 3471023 8190043 9350741 9710741 9710414 3700770 8190071 1760973 1760973 8190071 3700205 9710414 3470752 8190770 3470752 8190888 9710920 3950964 2760770 3471023 9710752 8190888 3700969 9710770 9710770 9710920 9710770 3470205 3470580 1760973 3950964
730646 5370043 2760043 7790752 2760043 2760580 7790200 7790200 7790200 8871007 7790200 8871007 8870544 7790580 2760043 7790580 8870043 7790200 7790200 7790200 7090973 7090973 7090973 7790519 2760580 2760580 9710580 3731002 3700969 7980973 8190752 3470857 9710414 9710752 9710414 9710857 3731002 8190752 5231023 2760924 2760741 9710371 3470580 3731010 8190646 9710770 9710770 3700519 9710741 9710857 730560 9710770 7790741 9710920 3730004 3730004 8190829 3950964 3700770 8190741 3470752 7790857 8190888 9710857 2760888 8190743 8190752 8190741 9710770 3700770 9710414 3470752 3731002 3731002 5370841 9710752 8190646 8190743 3730004 8190043 8190646 7790857 7790200 7790857 7790200 8190043 7790200
3470752 9710752 9710920 9710920 3950964 9710857 3730004 8190071 8190770 3950964 3731023 3730004 9710920 9710857 3470857 8190371 3470752 9710519 8190560 3470200 8190752 3731010 3730004 3730004 3730241 7790964 9350043 7790888 3470857 8190770 3470205 8711023 2760741 8190770 2760743 7980973 7980973 4720857 8190913 9710422 9710371 7790964 2760743 9710006 9710857 9710770 3470752 9710006 9710770 3731023 3470414 3470857 9710770 3470857 3470752 8190519 8190743 3470857 8190560 3471023 3470857 9710519 2760770 9710752 3700770 9710857 7790857 8190743 7790857 7090973 8190043 8190770 9710519 2760924 7790894 8190371 9710205 2760371 7090973 9710741 2760752 2760741 9710519 2760770 2760743 3470205 9710920 8190743 8190741 8190071 7790857 8190752 7790743 7790071 7790743 3950964 7790913
8711023 8190888 8190888 8190888 3470857 3470969 3470200 9350404 7790071 3470519 7790743 3470519 1760973 7980973 7980973 8190741 730560 9710414 3470857 3470200 3730004 2760043 9710205 2760043 2760043 9710864 2760580 2760043 2760043 2760043 2760888 7790894 3470200 3470043 7790743 7790857 2760743 3470043 8190752 730043 5370043 7790888 730743 9710864 8190371 3730004 1760973 1760973 7090973 8190043 7790580 8190770 7790894 3470043 9711023 2760743 3471023 7790913 7790913 7980973 7980973 3700205 9711023 9710920 8190371 3950964 4720857 3470857 2760071 8190743 3730004 3731002 3731023 9710422 7790371 5370043 7790371 8190752 8190752 3731002 3730646 3730646 8190741 3470857 9710752 730371 3731002
3731002 730741 3731002 1760973 730770 8190752 3730004 3730519 2760964 2760770 8190752 9710414 2760741 3470200 3700770 9710414 9711023 8190371 9711023 5231023 2760741 2760752 2760752 9710752 3730004 9350741 9711023 3470043 8711023 9710422 9710422 9710414 9710752 9710864 9710752 9710422 8190888 9710864 5231023 7980973 9710371 9710857 9350741 9710857 8190969 8190371 9710205 2760071 9711023 8190519 7790071 9710580 3470580 8711023 8190071 9711023 2760888 9710422 8190743 2760752 3730519 9711023 9711023
2760924 7790964 3470043 9710920 5231023 8190043 3950043 3730646 3470752 7790964 7790894 3730004 3731002 7980973 9350741 8711023 9711023 3470752 9710371 3730004 7980973 8190043 7790752 8190741 9710857 9710071 9710519 2760770 2760888 8711023 7790964 7790888 3730241 8190752 2760770 7980973 7980973 2760752 8711023 3730004 2760928 2760071 8711023 3700770 8190969 3950043 3470519 8190942 8190371 8190770 8190743 8190770 9710071 8190770 2760770 3700770 3470752 9710752 3470752 2760964 3731010 4630200 8190560 8711023 7790071 2760770 7790857 730560 3700969 3700205 8190646 8190071 8190888 8190743 3731023 1760973 3730004 3730004 9710071 3700770 3731023 3731023 7790857 3730004 1760973 1760973 3731023 8190371 9710857 8711023 9710857 3470580 9710920 9710519 3470580 3700770 9710864 7790888 4630200 3730004 8190752 7790857 8190071
3470414 9710864 9710857 9710371 8190770 7090973 8190888 8190942 9710071 9710920 7090973 8190743 7790894 9350741 9711023 8190646 8711023 8190770 8190071 7790857 7790857 8190741 3470857 8190743 730880 3730004 3730004 8190752 4630200 1760973 1760973 4630200 9711023 9710414 9710371 3470205 3950964 8870424 8190519 2760071 2760752 2760741 2760043 7790071 2760888 3470752 3470969 9710071 3470752 9710752 7090973 7090973 7090973 7090973 730770 9710371 3470200 2760752 2760071 7790519 9710864 3470043 3470205 3730004 3731023 3730004 7090973 7790519 3470519 3730004 3700205 7790857 7790857 3731010 3730646 1760973 3470200 3471023 8190743 2760770 3471023 9710519 2760752 2760752 9710071 9710519 9710071 2760964 3470519 8190743 8190743 3471023 8190770 8190743 7090973 7790857 7790857 7790857 5370043 7790913 3730646 8190519 8190741 3731023
9710371 9710414 2760964 2760741 2370973 1031010 1760973 1760973 3730004 1760973 9710920 7790857 7790857 3950043 3950043 3700580 7790857 8190043 7790964 5231023 3730004 3730004 9350741 3730004 4720857 7790857 2760964 2760752 7790752 730770 2760770 2760743 3470752 3470752 8190770 2760924 8190770 3730646 3730646 3731010 3730646 3730646 3700205 8190371 9710371 9711023 3730004 8190942 9710741 2760752 3470414 2760043 7090973 8190071 9710920 8190888 3700770 7980973 3700519 3470519 9710071 3730004 4630200 3470857 3730004 3730004 3470205 8190888 3731010 3730004 3731010 8190071 3470519 3470580 7790888 7790894 7790913 3470519 3470519
8190888 3730519 8190043 1760973 7980973 3731002 3731023 1760973 1760973 3730004 1760973 2760770 9710205 3470752 3470969 4630200 3731023 4630200 1760973 8190071 3730646 8190560 7790857 7790580 7790857 7790857 8190942 1760973 9710414 3700770 3470752 3470205 8190913 7790743 9710752 3470414 730770 9710857 8190969 8870580 7790857 2760580 8190043 8190071 5231023 8190743 8190071 7790857 4630200 4630200 1760973 8871007 3470969 3470752 7790857 1760973 1760973 1760973 1760973 9710752 9710414 7790888 3470200 730770 3470200 7790752 8190371 9710770 9710006 9710770 9710864 7790371 3470043 3470752 7790752 9710857 3730004 9710071 9711023 7790071 2760043 4630200 4630200 3950043 3731002 1760973 1760973 3470200 9710006 3470519 9710857 8190752 3470857 3471023 9710770 9710770 4720857 3470519 7530857
9710920 3730004 8190752 3950964 7790741 7090973 910928 9710741 3470414 2760741 9710920 9710519 8190071 8190071 3470414 9710580 3470580 7790857 7790743 9710071 9710920 7790964 3470414 3470857 7090973 2760741 3470519 3470043 9710371 7090973 4720857 2760580 7790071 3700205 4720857 4720857 9040580 4720857 4720857 4720857 9710371 5231023 2760371 2760371 8190371 3470752 3470752 8190071 3470857 3731002 8190071 8190741 9710580 7790741 3470205 9040580
5231023 3470519 2760888 8190519 9350580 8190743 3730004 7090973 1760973 8190743 9710205 9710752 8190888 9710969 1760973 7980973 8190371 7790857 7790741 2370973 8190770 3700205 9710422 3470200 9710205 9710006 9710006 5231023 9710071 9710752 3731010 8190770 8190741 3471023 3470857 8190770 9710741 3470969 9710752 9710770 3470414 3470205 9710770 8190913 9710857 9710857 3470414 3700770 8870772 3470752 3470043 910928 3700969 910928 3700969 3700205 3470414 3700770 9710920 9710920 9710857 3470205 9710071 9710071
8190560 8190071 9710371 7790371 3470205 3700770 3470414 7790894 3731010 3731010 3730004 7090973 3470200 9710414 3470752 7790857 7790857 7790857 5231023 3700205 3700205 3731010 3731010 3731010 8190743 8790857 7980973 9710205 9710857 3470857 9710770 3731010 3731010 9710857 3470857 3470200 7790371 8190752 9711023 8190071 9710752 3470752 3470752 8190743 7090973 1760973 9710857 3470857 9711023 9710770 3700770 9710071 9710422 9710752 8190560 8190071 8190752 3470200 9710770 9350741 9710857 9710205 3730004 7090973 8190913 9350580 730580 8870580 2760580 9710580 730371 7790857 7790752 2760043 7790857 7090973 7090973 7090973 3250857 7790857 7790857 3471023 7790857 7790888 7790888 9710969 3700969 9710205 9710071 9710752 3470580 9710422
730770 730928 9710205 9710006 3730004 7790741 7790857 7790200 730741 3730004 3730004 3730004 7790071 730560 730371 730071 9710371 3730004 730770 4720857 3470043 3730519 2760770 2760071 7980973 3470969 7790200 8190888 7790200 6760857 7790752 3730004 730071 9710006 3730004 3730004 7090973 8190770 730969 8190371 3730004 3470200 2760743 8190743 8190071 8190969 7980973 7790894 3730004 3730004 3730004 3730004
8870544 3471023 7790071 9710205 9710071 9710371 9710864 9710422 3730004 8870772 730371 9710864 9710864 7790841 7790913 730071 8870043 8870043 7790200 9710414 9710205 9710864 9350741 8190770 730928 7790200 8190371 9710071 2760964 2760964 3730004 730071 2760770 9711023 730770 3730004 3731010 3730004 3730004 8190043 7090973 8190043 7790857 3950043 7090973 730741 8190646 3731002 3731010 7980973 2760371 3730004 3730004 8190043 7090973
8190043 3950371 2760071 2760071 2760371 5231023 8190071 8190071 8190043 8190560 3470043 7090973 7090973 7790857 730928 8870772 7790752 7790752 7790964 910928 730646 730043 730043 730646 8870043 3470200 9040580 730741 730880 2760928 2760770 8190770 8870043 7790371 2760928 2760752 2760752 2760071 9710422 9710969 3470857 8871007 730580 2760580 3470200 7790580 9710920 2760928 3730004 730743 3730200 3731002 2760752 3730004 1760973 7980973 8190770 7790857 9040580 730928 4720857 7090973 3730004 3730200 1030638 9350404 2760752 730928 730580 2760743 2760580 3731010 3730004 7790752 2760770 2760888 3470752 3700205 9710371 9710864 9710006 2760924 2760743
4880973 730560 7980973 730043 5370043 8190770 8790857 9710371 9710969 2370973 3730200 2370973 2370973 7980973 3731002 2370973 3730519 7980973 5231023 9710864 4880973 9710770 3730200 9350043 9710580 3731002 3731023 3730241 730560 2760741 3730004 3730004 3730004 8870580
2760888 8790857 3470969 8790857 3730241 2760770 8711023 7790857 2760071 2370973 2370973 1031010 1760973 5231023 3950371 4880973 6990200 3470200 4880973 3730004 730743 9350741 9710920 3471023 7790857 9350765 9710580 9710864 9710205 8190752 7090973 8190560 3470200 3250857 9710071 3470200 8190752 7090973 8190770 8190752 3470752 3470205 8190741 5231023 3250857 9710857 9711023 8190913
7790371 5231023 2760371 730519 730519 2760928 730519 5231023 2760371 2760371 2760741 730371 730741 730741 2760924 2760371 2760371 2760371 730741 2760924 5231023 730741 9710864 730741 9710422 2760371 730741 730071 730741 9350741 9710864 2760741 730371 730371 730371 730741 3700580 9710422 8870424 730741 5231023 2760371 730371 9710371 9710371 8870772 7790371 8190743 730741 9711023 2760964 730741 730743 730071 2760743 730743 2760964 2760964 730743 7790964 730743 730071 730371 730743 2760964 2760743 730880 730560 730743 730071 730071 730969 7790752 8870772 730743 730969 730071 730071 730560 730770 730743 730743 730646 8870043 8870772 2760743 730071 730560 8711023 730770 730646 2760752 2760770 730969 730071 730741 730071 730770 730770 730560 9350741 9350741 8190888 9350043 9710864 2760741 2760924 9710864 2760964 2760371 730741 730741 730741 2760741 2760741 2760741 5231023 2760928 730560 2760043 2760371 730741 3700519 5231023 730371 730741 9350741 2760043 9350741 730741 730371 2760371 2760371 730371 730371 9710371 9710371 2760371 2760741 730741 730371 2760741 730371 2760371 9710371 2760371 730741 730519 730560 730560 2760924 2760371 730371 730741 730880 9710422 730371 2760371 730741
9710371 9710864 3731002 8190071 7790071 7090973 3730004 8190071 8190071 3950964 2760928 7790200 2760741 7790857 3470200 3731023 8190743 8190371 3471023 9710920 6760857 8190770 8190752 3470857 2760928 3470043 7790841 7790913 8190752 4720857 7790741 7790964 730560 7790741 7790913 3470414 9710414
3731023 3730004 8190043 3950043 2370973 2370973 1030292 7980973 9710071 9710920 3731010 3731023 3730004 730743 9710205 3730200 3700519 3730519 1760973 3730200 3731023 2370973 3731023 1760973 3730004 8190043 3470200 3470200 3731002 9350741 8190519 2760743 3470200 8190770 3731002 1760973 1760973 9710371 3730004 8190071 3470519 8190741 2370973 3731023 3730004 3730646 9350741 4630200 4630200 4630200 8790857 3471023 3470752 3470200 4630200 4630200 4630200 4630200 1760973 3730004 8190071 3731023 3731023 4630200 3730004 8190741 8190043 7790857 3730004 5231023 8190888 3731023 4630200 4630200 9710920 9710071 9710920 3471023 730560 730743 3470519 9710205 9710414 730880 9710422 9710422 9710422 9710422 9710422 9710422 9350580
9710857 8190942 2760770 2760770 9710519 3470519 3470200 9710770 2760071 3731023 3731023 3730646 9710857 9710857 3470857 730071 3470205 9710205 9710422 9710422 9710422 9710422 9710422 9710422 9710422 9710770 9710519 8870043 9710422 3470043 3470752 5231023 730928 8870043 730741 9710752 730741 9710414 2760924 9710414 9710741 9710414 3700519 3470414 3470752 3470752 730770 730071 7790371 9710920 2760752 2760770 2760752 9710371 9710205 3470205 730560 730560 9710422 9710422 8870544 8870544 8870424 730741 730580 730043 730741 730371 9710371
7980973 8190519 8190519 2760741 2760964 7790894 2760371 7980973 3730519 6760857 7980973 3730004 7980973 7980973 7980973 9350404 7980973 8190371 7980973 730580 9350580 8190752 7980973 2760580 8190043 8190752 5370043 9350043 9350043 9350043 9350404 9350043 2370973 2370973
7980973 3731002 3950043 7790743 3731010 3731010 4630200 3730004 1760973 8190770 8190043 9711023 3470519 3470519 3470857 9710741 9350580 9710741 3700969 3470205 5231023 3470205 8190752 7790894 2760071 8790857 9710857 9710741 9710857 730969 8870580 7090973 8190071 8190519 3700205 3470205 3950964 8190071 7090973 7090973 7090973 5231023 9710857 3950964 7790894 3470857 2760964 2760743 2760928 9710864 9710741 2760752 4720857 8190743 8190071 9710920 2760888 3700519 3470580
7090973 8190969 8190043 3470857 8190371 8870580 8871007 8870580 8870043 7980973 8190519 3730004 3471023 3470200 3950043 3950043 9710006 9710006 3471023 3950043 2760071 2760043 2760964 2760043 3470205 2760752 730741 2760371 2760071 3470519 7790857 8190741 9710414 2760770 2370973 1760973 7980973 7980973 3700205 3700770 5231023 9710770 8190646 8190743 4720857 3470200 2760752 9710071 9710071 8190071 8190752 3700519 8190743 2760580 2760741 3730004 8190913 8190371 9350580 2760743 2760964 9710071 3730004 1760973 3730004 1760973
7090973 7090973 7090973 3950964 8190770 3471023 3471023 9710414 3471023 3470752 9711023 3470414 9710414 9710414 8190752 3730004 3730004 3730004 730580 3730004 3730004 9710857 3470857 2760580 3700580 2760043 9710857 9710857 730770 5231023 2760770 7790752 8870772 7790741 3470857 8190888 9710969 3470200 9710371 730371 9350580 3730004 9710414 9350580 730928 3700969 730580 8870544 8190741 9710864 9710969 3470580 7980973 730071 2760964 2760770 9710422 9710752 3730004 9710857 9711023 9710071 2760071 3470519 7790371 8190071 8190043 8190770 8190560 8711023 9710371 9710371 9710371 9350043 4720857 4720857 7090973 7090973 3950964 2760043 9710920 3731010 7790894 7790752 7790894
8871007 7790741 3730004 9350741 3730004 1760973 2370973 3731023 3730646 7790071 3730004 3731010 3731010 3731023 9710920 9710071 3470519 8190743 8190942 8190071 8190942 6760404 7980973 6760857 8190765 5370043 3730004 3731010 3730646 8190519 8190741 3730004 8190888 8190752 8190519 3731010 3730004 9350043 9350580 9350580 730071 9710580 3731023 3731023 9350580 8190770 9710414 9710770 2760752 5370043 7790913 7790913 1760973 8190519 7790200 7790580 7790741 7790752 730969 730560 730646 8871007 8870424 8870580 7790888 730969 7790913 7980973 5370043 7790580 730928 7790580 730646 730646 7790200 8870424 8870043 8870043 8870544 3730519 8190752 7980973 2760928 7790071 3470200 2760371 8190741 7790857 7090973 9710857 8870043 8870580 2760741 2760741 7790200 7790752 730071 8190743 8190071 9710519 2760752 3470752 2760752 9710857 8190888 7090973 8871007 8190071 9710422 730071 730071 730928
730580 730928 730519 3700969 3470200 730560 730371 7790580 8870043 730071 910928 730969 730969 730928 730043 8870772 7790200 7790857 3470580 8870580 730880 730371 730646 730928 730928 730043 730371 8870424 730770 730928 730560 730880 730741 8870580 730928 8870424 730743 8870043 730969 7790913 910928 730071 730071 3700770 2760770 7790741 730770 7790752 3470752 8190071 730071 8870580 730071 2760741 730741 7090973 7090973 2760371 910928 9710371 9710006 7790741 7090973 7090973 7090973 2760888 9710580 3470580 9040580 8190743 9711023 9710414 3470580 8871007 8870424 5370841 730371 730071 730580 730928 730371 730880 730928 730928 730928 730071 8870580 730969 730969 730969 730043 730646 730646 730560 730646 3730004
5370043 730743 8870772 3470200 3700519 3730241 1031010 1760973 4720857 7790964 2760743 2760770 8190071 7790752 7790071 7790071 8870580 7790071 7790071 7790200 1031010 1760973 7790580 2760964 7790888 7790964 7790894 2760071 2760752 2760964 7790371 8790857 730969 7790371 7790857 3731002 1760973 3731023 3731002 5370200 8190743 2760964 3731023 1760973 4630200 1760973 2760741 2760888 7790857 7790071 7790071 8190071 3731023 4630200 1760973 3470580 9710920 1031010 1760973 1760973 8190071 1030638 3730519 1030638 8190071 3471023 9710071 3470200 8190770 730743 7790741 9710920 8711023 8190969 1031010 3730004 8190888 8190743 7790743 8870580 5370043 7790200 7790743 9710920 2760924 8190741 9710205 9710519 3470200 3700519 2760928 3730004 3730004 8190752 3470205 2760770 2760928 3700969 3700205 3470043 3471023
7090973 7790857 3730004 3730004 8190743 4720857 730741 3730004 3730004 3730004 3730004 7090973 9710770 3470752 9710920 9710071 3700969 3700205 3470857 8190071 2760071 2760924 3470519 8190888 910928 3730004 3730004 7090973 7090973 7090973 8190942 8190371 9710371 9710969 9710741 3730004 3470857 8190363 8190743 7090973 7090973 8190913 3470580 7090973 8190752 3470200 9710071 9710864 7790964 7790371 9710864 3950043 7790741 8190741 7790841 7790857 7790857 8190646 3730004 3730004 3730004 7530857 3470857 8190770 3470857 3470857 7790752 3470414 3470519 2760888 2760752 9710422 2760770 2760770 9710770 3470857 9710857 7530857 9710770 3700969 9710920 2760580 9710006 9710580 2760888 2760741 7790071 3470205 9710371 2760743 7790071 9710741 9710741 3700770 3731010 3731010 1760973 7090973 9710857 3700770
3470414 9710371 9710371 9710741 8190741 7790371 9710770 3700770 1030638 1031010 1031010 8190752 9710371 9710205 9710006 1760973 1760973 7090973 8190071 910928 3470200 9710580 7090973 7090973 8190560 3700205 9710006 3950964 9710857 3470200 8190743 8190888 2760580 2760043 2760770 2760043 9710770 7790743 4630200 8190913 3470200 9710752 7790071 9710006 7790888 7790580 7790580 7790913 9710580 9710580 9710580 3470580 8870580 8870580 9710580 9040580 9710580 7790857 7790857 8190743 9710920 1760973 3700770 9710752 9710770 9710752 8190560 4630200 8190743 9710741 3470580 7790888 7790894 7790841 3700205 9710770 2760888 7790071 2760888 7790743 7790071 3470043 4720857 9710857 4720857 3250857 3470857 4720857 3470414 9710857 3470857 3470857 4720857 4720857 3950964 2760580 3470580 2760752 2760770 7790857 7790857 7790857 8190743 7790857 2760743 7790857 7790964 7790741 8190646 3950371 2760741 2760043 2760888 3470043 7790857 7790857 7790071 7790857 7790857 3950964 1760973 7790857 8190888 8190071 7790857 5370043 5370043 9350043 7790857 4720857 7790857 7790071 7790857 8190888 730646 9710857 8190560 4720857 4720857 3250857 4720857 3250857 8190888 9710864 4720857 4720857 8190765 3950043 8190043 7790857 3730519 4720857
8190741 7790071 7790741 3470580 8190646 3470857 4720857 9711023 3731010 7090973 8190913 7790964 7790071 7790580 3470857 4720857 3470752 3730646 3730646 3471023 7090973 7090973 7790913 7790071 7790071 8190741 3470857 4720857 4720857 3470857 7790857 7790888 8190043 8190888 8190770 8790857 730741 3950043 7790857 7790580 7790841 7790580 7790964 7790580 7790894 2760580 3470580 8190741 3470200 910928 910928 3700969 3700969 3700969 7790913 7090973 3730004 730741 3730004 3730004 3730004 8190071 9710920 3950371 9711023 9711023 7090973 7090973 9710741 9710969
3700770 8190770 7790371 3470752 7090973 7790741 7790071 7790071 7790752 2760071 7790964 7790888 8711023 7790857 7790964 3470857 9710770 8711023 7790743 7790071 7790888 2760964 7790743 7790200 3700580 3700580 730880 4630200 3950964 7790752 7790071 8190743 7090973 8190043 7790888 2760043 7790200 2760043 7790519 7790964 7790894 7790913 7790841 4720857 1760973 3730004 9710741 2760752 3730004 3730646 3730004 3731010 3731010 7090973 7090973 3730004 8190888 3730004 8190371 9710752 9710752 3470752 3731010 1760973 7090973 8190741 3700580 9040580 8190646 7090973 8190646 9710969 3470969 3700969 9710741 9710371 9710071 9710741 4720857 9710371 3470200 3470580 8190371 8190741 9710969 9710006 9350580 2760924
3470200 9710857 9710741 7090973 3470857 7090973 7090973 8190646 9710857 7090973 8190071 7090973 8190770 3731010 3730004 3730004 7090973 7090973 7530857 8190770 3470857 3470414 9710741 7790743 7090973 3730004 7790857 7090973 7090973 8190741 8190770 3700205 4720857 8190646 3470519 9710519 3471023 7790857 730770 7790741 8190888 8190363 7090973 7090973 8190770 7090973 8190741 730741 3730004 8190560 3470857 3470857 3470857 9710414 9710006 9710071 9710752 7090973 3470857 8190560 8190071 3700969 3731010 7090973 7790580 7790580 7790580 7790580 7790913 9711023 730741 3470969 9710770 2760752 3730004 9710071 9710071 9710920 8711023 8190071 3470752 9710752 3470752 730519 730560 7790964 2760964 7790200 2760888 2760741 3470200 4630200 3730646 9710205 8711023 9710770 9710969 8190752 8190560 8190770 3471023 9710770 3470752 9710071 3470969 9710741 9710371 3470752 730770 8190043 3470200 8190043
8790857 3470857 3731010 7090973 7090973 8190043 3470043 9710770 9710580 9710580 9710864 9040580 3470857 910928 910928 3700969 8190969 9710752 9710371 9710414 9710414 730071 2760928 2760924 7790071 8190770 9710071 5231023 3730004 8190913 9710414 3470969 9710371 3470580 9710414 7790888 7790741 7090973 7090973 7090973 3700770 8711023 3730004 3730004 7090973 8190741 3730004 7090973 8190937 9710864 3730004 3730004 7090973 7090973 8190363 7090973 1031010 1031010 1031010 7790752 7790752 4720857 7980973 7790857 9710371 8190043 8190043 7790857 7790857 5370043 7790857 7790857 7790857 7790857 3950043 8190743 4720857 3730004 3730004 7090973 7090973 3470969 3470752 3470752 3700519 9710864 3730004 7090973 8190646 8870580 8190969 3470200 730741 9710920 2760924 9710006 2760888 7790743 7790071 8190743 3730004 3730004 3730004 1760973 8190741 9710371
3731023 3731010 4630200 2760964 8190646 3730004 8190743 8190752 3731010 3730004 730371 3730646 9350741 3700969 8870772 7790888 2760888 9710770 9710752 9710770 8190888 3470519 3730004 9710371 8190071 2760770 9710920 7790964 7790580 910928 910928 8190969 3731010 3470200 8190770 8190743 8190969 9710741 3470969 730743 7790071 7790741 7790580 7790741 9710071 3730004 3730004 8190913 9710580 3470205 9710580 9040580 8190743 8870580 7790741 7790071 3470519 7790743 7790071 7790857 8711023 3470580 3471023 7790841 7790580 7790857 8190071 8190770 2760770 730519 2760888 9710519 3470580 7790580 730880 9350580 730880 8190770 1760973 1760973 2760752 7790857 7790964 3950964 7790743 3470200 7090973 7790857 3950043 3950043 7790857 7790857 7790857 7790580 7790580 7790580 3730004 9710920 8190646 2760043 2760964 7790888 7790752 9710864 8190741 8190913 8190519 5370841 9710920 730743 9710969 3470969 8190071 9350741 730969 9710006 8190371 5370043 2760071 730770 8870544 8190888 8190743 9710752 7790964 7790743 9710752
3700770 9710414 3470200 9711023 9710770 9711023 9710857 3470857 3470857 9710580 730741 730371 8190071 8190371 7790741 7790371 7790741 730071 8190770 8190071 7790888 8190743 1760973 3730004 3470752 9710770 3470519 3730004 7090973 8190741 9710864 730580 9710580 7790580 9710071 8190770 7790741 7790741 2760043 2760770 7790964 8190741 8190741 9710857 9710857 4630200 8190560 2760043 2760964 8190043 730371 9710770 5370841 7790580 8190646 7790857 7790200 7790888 7790913 8190646 3730004 9710920 2760371 3700770 3730004 3731010 1760973 9710414 1760973 7980973 1760973 9710371 730646 2760741 2760752 7790580 7790371 8871007 9710864 9710920 7790857 7790580 8190043 7790580 1760973 3470752 8190071 8190741 3730004 8190770 7790857 8190888 3471023 7790071 9710205 8190371 730560 2760924 7790071 3950043 3470752 3470752 7980973 730969 3470969 2760924 3470205 1760973 3470200 5370841 7790913
2760371 730870 3700580 730928 9350043 9350043 7980973 730580 9350043 7980973 7980973 7980973 3730004 3730004 3730241 5231023 2760743 3731002 2760888 2760371 3730519 8190043 3730004 3730004 7980973 3730004 3730004 3730646 3730004 8190071 8190888 8190743 730743 9710580 2760928 9350043 730646 3730004 8190743 7980973 3470043 8190071 8190371 8190743 3470857 9710857 8711023 3731002 2760928 8190071 3731002 3730646 7980973 5370043 2760371 5231023 2760924 7980973 4880973 7310646 7980973 730870 9350741 3731023 1760973
9710371 7530857 8190743 3950371 3470857 8190741 5231023 2760770 2760580 7790857 3470580 9710969 9710920 2760580 2760580 2760580 2760580 8190888 2760888 7790888 7790752 2760043 2760043 8190942 9710071 8190371 9710205 3700969 3700580 8870580 8870580 730969 9350741 9350580 9350741 9350043 8870580 9350741 9350580 730743 730043 730770 730071 730741 9350580 730741 9350580 9350580 730741 7980973 3730004 9350580 730741 730580 730741 730770 730969 730741 730646 9350741 9350043 730743 8870580 730743 730071 9350043 9350646 9350741 5231023 730371 9710371 730371 730071 730371 730371 9710969 730071 730928 8870580 8870424 8190741 9350741 8190969 5231023 2760741 8190888 8190752 730371 8190969 8190071 8190371 9350741 8190969 8190071 8190371 8190969 2760371 730770 2760770 9710752 8190888 730770 2760770 2760043 7790371 730371 8190043 7790741 9710414 2760924 2760741 9350580 8190519
9710580 9710580 9710071 9710920 8711023 9710920 3471023 3470200 3470580 9040580 3470414 7790841 730043 2760752 9710580 2760752 9710422 9710519 3470752 3470752 9710071 9710752 3470752 3950043 3470519 7790964 9710519 9710071 9710580 9710422 9710920 9710205 9710371 3470969 3470580 730071 730580 9710580 9040580 8190043 9710371 9710006 9710371 7790371 3470200 7790371 3470414 8190646 2760043 3700770 9710422
9710006 3471023 7790857 8190071 730043 2760580 730743 730870 9350580 9710770 9710071 9710920 9710071 2760043 9710857 7090973 730071 9350741 3730004 2760888 2760743 2760071 730870 8711023 8190743 8190743 8190752 3470200 8190942 8190888 7790857 8190888 8190743 7790857 3950964 9710422 2760371 2760928 8190071 3470857 3471023 8190770 3950964 9710920 3470200 9710920 9710864 2760924 9710422 7790741 3470200 9711023 3730004 8711023 6760857 2760741 9710920 3470043 2760071 8711023 2760743 8190743 2760743 730870 3700205 8190371 8190071 8190371 8190942 5231023 9710519 730580 730580 7790894
9710414 2760043 730043 2760043 8190043 2760043 2760043 7790741 7790743 2760071 8870043 7790752 4720857 2760964 3700770 8190752 7790743 730043 730043 3470043 2760043 3470043 2760043 5370043 2760043 5370043 730043 3470043 8870043 3470043 7790743 7790894 2760580 2760580 7790580 2760743 7790964 7790580 7790894 7790743 2760580 7790894 7790071 730580 730519 730580 2760741 2760580 2760071 2760071 2760770 7790964 7790071 8190071 3950964 7790200 7790964 730969 7980973 730969 730870 730870 730580 730741 730580 730580 730580 730580 7790580 730580 730580 9710580 730580 8870580 730371 9350580 730580 730371 730580 730969 730969 730580 730969 730580 730580 9710580 730646 730741 730580 730646 8871007 8871007 730770 5231023 730560 2760928 8190969 730928 8870043 7980973 7980973 7980973 8870043 730646 730741 3700580 7790371 9350580 9710422 8870580 8870580 8870580 8870580 8870580 8870580 8870424 730371 730071 730969 730071 730560 3700580 3700580
8190765 7790857 9040580 3470580 7790841 7790913 3470200 3700580 9710920 9711023 8870580 8190888 9710864 4720857 8190646 3250857 8870043 7980973 730371 8870580 730743 3700205 7980973 9350741 8870424 9710422 9710414 3470752 9350043 9710770 9710752 9710580 9710371 9710770 9710422 9350580 8190743 8190371 7530857 9710071 3470752 9710864 9710920 9710752 9710752 9710770 9710071 8711023 9710071 9350580 3470200 7980973 7980973 9350580 9350043 5231023 3470200 3470200 9710770 9710752 8711023 9710770 9710752 9350404 9710071 9710071 9710770 3470752 9710071 9710071 9710071 8711023 9710519 8711023 3470205 730371 730371 7790371 730741 8711023 7980973 3470200 9350580 3700205 9710752 9710071 9710071 9710770 9710770 9710770 9350580 9350741 8190371 3700770 8190071 9710770 8711023 9711023 8711023 9710920 3470200 9710741 3470414 9710770 9710071 3470857 3470857 3700969 910928 910928 3700969 3950371
730969 3700580 2760071 2760888 2760071 730870 730928 2760071 730969 8190888 3470969 8190071 8190743 8190969 8190969 2760580 2760888 2760743 2760071 2760071 7980973 3700205 3470969 8190043 7790894 3700205 9710205 730560 7790857 7790964 7790894 7790964 7790071 7790894 9350404 7790894 8190743 3950043 7790888 7790743 9040580 3470200 9040580 7980973 8190043 8190071 3470580 7980973 730560 7790913 7790888 3950964 3700205 730870 730969 730969 730870 730870 730969 8871007 8870043 7790857 3700580
7090973 7090973 8190770 9710741 9710920 1031010 1760973 8190969 9710006 3700969 9710969 9710770 8871007 3470857 3700205 9710205 9710969 3700519 9710770 9710371 2760888 2760770 8711023 9710414 9710371 8870580 8870580 3700580 8870580 3470752 9710770 7790964 3470519 9710920 9710920 7790888 2760741 2760752 9710422 9710752 9710770 9710414 3470752 3470200 8190363 7790371 7790857 7790888 7790752 9040580 9710071 8870580 2760071 9040580 9710770 9710920 3470200 9710580 730580 3730646 8190743 9710770 3470752 9710770 3700770 9710071 7090973 3470752 9710071 2760580 7790888 3470580 8190888 8190888 8190969 8190560 8190743 8190743 1760973 910928 3470200 3470752 7790894 3700205 730928 9710741
3470752 3470857 8190888 4720857 7090973 7790857 7790857 8190743 3730004 3730004 3730004 3730004 3731010 3730004 7090973 7090973 9710969 3700205 3470969 9710006 8870580 7790964 7790071 7790964 8190646 7790857 8190646 3731010 7090973 9710864 730560 9710741 9710741 910928 3470857 8190371 9710414 9710770 730770 3731010 3731010 3730004 7090973 9710770 9710741 9710752 9710414 3700770 3470752 3470414 9710741 9710741 9710371 8190741 8190371 8190913 730743 730741 7790841 8190770 9710857 3731010 3731010 3730646 7790071 7790371 3950043 730580 3470752 7090973 9710422 1760973 3730004 9711023 730071 9710864 9710969 9710770 730371 2760580 2760580 2760924 9710422 3730004 9710205 730741 3700969 9710752 3470200 2760770 7790580 3730004 3730004
6760857 3731002 6760601 7980973 9350741 3250857 8190913 9350404 2760770 2760770 3470200 8870772 3700770 9710752 3700770 8190770 8190913 9710864 3470752 3470752 8870580 730880 9710580 9040580 9710205 9711023 8190071 3470205 8190560 730928 5231023 730371 730741 5231023 730741 7980973 730371 7790841 8190043 7790841 3950043 9710414 730560 3730004 8190913 8190942 8190743 9710920 8711023 8870772 7790200 8870580 9710205 9710414 9710422 8190770 7790857 910928 3950371 8190770 3730004 7790752 9350741 9710920 1760973 3730004 8190371 9710580 7790964 1760973 3730004 8190969
7790857 7090973 7090973 7090973 7090973 3700580 3950964 3950043 7790841 730969 9711023 9710205 9710864 8190071 2760888 7790857 9710920 3470857 7980973 7980973 8870043 8871007 7790071 7790913 8870043 730519 730519 9710519 2760752 7790857 8190770 2760888 3731002 7980973 1760973 7980973 1760973 3730519 1760973 1760973 8190519 2760580 8190770 2760741 7790743 730743 2760071 2760888 8870544 7790888 7790743 7790741 7790857 7790857 7790857 3950043 3950043 9710422 7790743 7790071
7790913 7090973 7790857 7790841 7790913 7790071 7790964 7790888 7790888 7790913 3731002 3731002 7790857 7790857 7790857 7790841 8190043 1760973 8870043 7790857 7790857 5370043 7790857 7790857 7790857 8190646 3730519 8190519 3470857 7790857 7790857 7090973 7790857 7790857 7790857 3730241 730371 3700969 9710006 730928 8711023 8190770 8190743 2760770 7790200 7790894 7090973 1760973 7790857 1760973 7790913 7790913 7090973 7090973 8190969 8190743 9350043 3470200 8190743 7790857 8190071 3470857 1760973 1030638 9710414 9710920
7790200 7790857 7790200 8870544 3700580 8190741 3470205 2760752 730870 730870 730743 2760964 9350404 8711023 7790857 7790857 8870580 3700770 9350741 730870 2760964 3730200 3730004 1760973 7980973 1760973 5370043 1760973 7790857 3950043 7790857 3950043 3950043 8870043 3950043 9350646 8190741 8190752 9350580 730743 8870043 730071 7790857 7790857 730371 9711023 7790888 910928 2760741 7790752 2760071 7790857 910928 2760580 3730004 1760973 1760973 7790580 8870580 7790200 7790200 8870043 7790200 8870043 7790580 7790580 7790857 7790580 8870580 3730004 4720857 7980973 8190519 3470580 3700580 3470580 7790580 7790580 730870 730870 730928 730928 8870580 7790964 9040580 3950043 7790913
7790913 3950371 7090973 4630200 1760973 4630200 8711023 8190888 8190888 8190743 730043 5370043 7790580 7090973 3950964 3950964 8190043 8190770 9350580 9710864 2760741 7790071 8190519 7790888 9350580 3470580 730580 9710414 8190743 9710920 9710920 9710006 8190646 7090973 3730004 8871007 3700580 8190770 8190071 9710205 3470043 3470752 3470752 3700969 3700770 9710580 8870580 9710752 3700770 9710071 3470200 7790888 2760043 7790894 7790888 2760071 2760888 7790743
3470205 9710857 7790743 3470519 2760741 8190071 2760770 3470519 7790519 8190519 8190888 2760580 2760888 8190969 9710770 9710422 2760741 8190942 2760371 2760371 9710205 7790964 3470205 3470205 9710770 9710071 3700770 730969 8870580 9710414 7790894 2760071 730519 3470580 7790580 2760580 3470580 9040580 7790857 8190371 2760743 7790071 7790371 7980973 7090973 730928 8871007 8190913 3950043 4630200 1760973 3730004
2760924 7790752 8190071 8190043 730743 7790741 730770 9710770 9710864 8190371 9710071 3731010 7090973 9710205 3730004 3730004 3730646 9710741 9710770 9710006 3470200 3470200 3730004 3730004 3730004 7090973 7090973 8190743 9710741 3470969 3470580 3470414 2760741 4720857 3470857 9710770 9710580 5231023 9710071 8190770 4720857 4720857 730880 2760752 730770 730770 7090973 9040580 7790519 9710414 2760741 7090973 3470752 8190741 8190888 8190888 9710864 8190741 7790741 7790857 5370043 9710969 7090973 7090973 9710752 3700969 9710414 8190741 3731010 7090973 8190770 7090973 3470519 9710519 3470414 9040580
8190741 7790857 8190646 9350765 8711023 8190071 9711023 8190770 3471023 3470857 8190969 9710770 9710920 8711023 9711023 8711023 3700969 3730004 9710857 9350646 3700969 9710857 8711023 8190071 7790888 7790857 3950043 1760973 3730004 1760973 9710857 9710857 4630200 3731023 4630200 8190770 9350765 1760973 8190770 8190888 3470519 7790743 3471023 7790857
9710920 1760973 8190888 8190071 8190071 8190071 3470200 7790371 7790371 7790519 3950043 8870580 3731002 9350043 3700770 3950964 3470857 2760741 3470857 3731010 1760973 8190741 3730004 3730004 3730004 7090973 3730004 8190071 3730004 8190071 9711023 9350043 9710770 3470752 3470752 9710857 3731002 8190043 8711023 9711023 3470200 8190770 3730004 9710857 8190888 5231023 9710920 3731010 3731010 3730004 3730004 3730004 8190741 9040580 7090973 7090973 3950043 3950043 9710414 9710857 3731010 3731010 3730004 9710864 9710205 3730004 3730004 3730004 3730004 3731010 3730004 3731010 3730519 8190646 4720857 9710071 9710920 9710969 8190043 3470043 3470205 3470205
8190071 3730004 1760973 3730004 8711023 8190371 730741 8870043 2760964 7790371 8190752 3470969 3470043 7790743 7790752 7790894 730580 3471023 910928 7790071 7790200 9710519 5231023 9710071 7790752 9710071 3950964 7790743 8190071 1760973 8190743 8190743 8190942 9710071 3470519 9710519 9710770 9710920 9710920 730770 730580 7790841 7790743 2760743 2760743 7790743 7790071 7790857 2760743 7980973 9710422 3470200 730741
7790841 7790913 7790841 7790913 7790200 7790200 7790743 7790964 2760071 7790071 7790888 7790888 3950043 7790913 3950043 3950043 3950043 3950964 7790913 7790071 7790743 7790743 3950043 7790964 8870043 7790071 7790743 7790071 7790964 7790743 7790743 7790071 7790888 8870043 7790743 7790964 8190043 7790071 7790071 3950043 7790913 7790841 8870043 8870043 7790743 3950043 3950043 7790071 8870043 8870043 8870043 8870043 8870043 3950964 8190043 9350765 8190743 8190043 8190043 7790857 2760888 8190888 8870043 3470043 7790894 3470043 7790888 8870043 7790743 8190071 8870043 8870043 7790743 7790964 7790743 8870043
7790894 7790964 8870043 7790743 7790964 3470043 8870043 8870043 7790964 8870043 7790964 8870043 8870043 9350043 7790741 8870043 9711023 8870043 8870043 8870043 7790371 8870043 8870043 9350043 9350043 8190888 2760043 8190741 9350646 8190043 8190969 8870043 7790964 8870424 7790841 8870043 8870043 7790371 9710006 9710006 7790371 9711023 7790371 7790371 7790371 3470519 9350043 2760741 730741 7790857 2760752 7790741 7790741 3470519 9710071 9710741 9710741 2760741 2760741 8870772 8190741 8190743 8190741 8190752 7790857 7790964 3471023 730743 5370043 5370043 730043 8871007 730741 730770 3700205 3470580 3470414 2760964 8190888 9710519 3470519 9710519 9710519 730743 5231023 2760924 5231023 3470200 3700519 2760924 9710741 9350741 9710371 730371 2760371 2760964 2760770 9710519 7790741 3470519 3700519 2760741 9710519 9350741 2760752 2760924 9710414 8870580 7790894 5231023 2760924 2760924 7790752 2760924 2760924 2760924 3470519 8190743 9710414 9710414 3470414 9350043 9350741 730741 2760888 2760928 2760743 9350741 9350741 2760371 9350580 2760741 730741 2760770 3700519 2760964 9350741 9710519 3700770 3700519 9710519 9710519 2760741 3700770
7790200 2760928 1030282 1030282 5370200 1030282 1030282 1030282 4880973 7790200 7790200 7790200 5370200 3731002 5370200 1030282 5370200 4880973 1030282 1030282 1030282 8190743 5370200 7790964 7790752 7790913 7790913 7790752 3470580 3730241 3731002 3730241 9711023 5370841 5370841 7310646 1030282 7310646 8190752 8870580 3700580 3700580 3700580 1030638 4880973 1030282 2760928 3730241 3730241 7980973 7980973 7980973 1030282 8190937 3470205 3470205 8190560 3700519 3700205 8870424 7790752
3730004 8711023 9710422 1030638 1760973 3730004 4630200 1760973 4630200 9711023 3470519 2370973 8711023 2760743 1760973 1760973 1760973 8190519 8190519 7790071 7980973 3470752 4880973 7980973 8190743 8190743 8190071 3470752 8190371 3470205 2370973 730741 2370973 8190770 3470857 730580 3950043 9710920 2760071 3470200 5370043 1760973 3730004 3730004 3730004 5370043 4720857 9710752 3470752 9710770 8190770 9711023 3470200 9710857 4880973 5370043 7790741 8190741
9710920 9710071 9710920 9710920 8711023 2760071 9710519 2760741 9710920 2760752 3470752 3470752 3471023 3950371 3470200 3470200 3950964 3471023 3470580 7790841 7790857 3470200 9710071 3470969 9710920 3470752 3470752 9710770 3470752 3470752 3470969 9710770 3470969 9710920 9710071 3470969 3470752 7790741 3470519 2760888 7790071 7790071 7790913 3470752 3470752 7790888 3470969 3470969 8190770 3470969 3470969 8190752 3470414 3470205 3470969 7790913 7790580 7790580 7790580 9710580 9710414 9710752 9710414 3470752 9710770 9710414 9710920 7790752 8871007 730371 9710414 9710371 9711023 3730004 3730004 3731010 3730004 7090973 8190913 5370043 9350043 7980973 5370043 7980973 3731002 3731002 5370043 5370043 9350043 5370043 2760043 8190043 7790857 7790913 7790913 8190743
9710414 9710371 3470200 9711023 8190770 7980973 8190741 9710414 730071 7980973 9350580 9350580 9350580 7980973 6760857 9350580 9350741 2760371 3730241 8190888 730743 6760857 1760973 3730004 1760973 8190071 9350741 7980973 7980973 7980973 8190519 7980973 8870424 9710414 5370841 3731002 9350580 3730200 3731002 3731002 3731002 2760888 9350404 9350765 8190071 9350741 2760928 9711023 9350043 8190043 8190770 2760752
9350043 8190043 9710770 9710770 9710770 9710864 2760752 3700770 9710770 9710741 9710741 2760580 9710864 8190741 3470200 9710752 3470752 8190371 3730004 9710752 8190043 8190752 9710920 9710864 3470580 2760043 2760743 9710752 9710371 3470043 8190752 9711023 9710422 9710580 9710752 9710752 3470205 3470200 2760741 3470752 8711023 2760888 3470752 9710071 3730004 3730004 3730004 8190888 9710857 8190770 9710371 3470200 9710920 3470205 8190371 3471023 3470200 7790857 8190560 3950043 3470205 3470205 3470205 2760043 8711023 2760043 2760371 9711023 9040580 3470580 3470580 3470580 9710006 9040580 9040580 9710006 3470580 3700519 3700770 2760071 9710422 2760741 7980973 1760973 3730004 8190741 8190043 3470200 9710071 9710752 9710071 9710969 9710920 3470205 9710752
730870 5370043 7980973 9350741 730870 9350580 730371 730371 9350646 7980973 5370043 9350043 730741 8870424 8870772 8870043 8870043 8190519 9710857 9350646 9711023 7790964 9710414 3470580 2760371 730770 9710770 1760973 8190743 9710969 9710414 3700519 9710205 3470205 3950371 9710371 9710741 9350741 7980973 7980973 3731002 7980973 1760973 3730004 3730646 1760973 4630200 1760973 4630200 3730200 3731002 1760973 1760973 3730646 7090973 8190646 1760973 4630200 3731023 1760973 4630200 4630200 8190741 3470200 8190752 1760973 1031010 1760973 1760973 1760973 4630200 1760973 1760973 8190371 8190743 8190888 3471023 730741 9710969 3470969 9711023 3700519 8190752 8190743 8190743 9710414 8711023 9710920 9710071 9710071 1760973 1760973 1760973 8190071 9710969 7790857 730646 9710969 3470969 9710422 8871007 8190646 3470200
9350646 730580 730580 730371 730770 730580 1031010 2370973 7980973 3731002 4880973 7980973 8190969 4720857 6760857 6760857 6760404 7980973 7980973 2760770 730580 8871007 9710580 2760580 8190752 730043 730371 730371 730741 730580 9710580 730580 7980973 7790580 2760580 730580 7790580 730580 9350580 3731023 3731023 2760580 8190519 8870580 3731023 3730200 8190043 3950964 7790071 3730241 4720857 4720857 2760580 2760964 9350741 3700770 3470857
9710741 730560 9710205 8190770 8190371 8190743 3730646 7090973 8190770 8190937 9710371 3470752 9710770 3470414 9710969 3470752 9710920 9710920 9710071 3700770 3470205 9710371 2760043 730880 9710414 8190770 3950371 7790888 3470414 7790071 730743 9710864 730770 730071 8190969 9710864 9710969 9710969 8190969 9710857 1760973 9710414 1760973 7980973 1760973 8190741 730770 8870580 3470200 8190371 730560 910928 8190770 3730004 3730004 9710770 3730004 9710864 3730004 3730004 3730004 3730004 3730004 8190743 9710857 3730004 8190646 3700205 9710371 7090973 9710371 8190888 3470857 3470200 3470857 9710371 8190560 3730004 3730004 3730004 3730004 3730004 3730004 1760973 1760973 2760770 3700770 3470752 8190071 8190646 8190741 3470200 8190888 3470969 9710752 3470752 9710741 3470969 9710969
730969 3700770 2760924 2760371 2760371 9711023 9710414 3470414 3700205 5231023 9710371 9710864 9710864 2760928 3470043 2760924 5231023 9710006 9710371 2760741 9710864 2760371 2760371 9710371 9710371 8711023 8871007 5231023 8190888 3470414 9710414 3730004 9710371 8871007 730043 730371 730043 2760964 3470043 9710371 9710969 3470200 9710071 9710770 8711023 9710006 9710371 9710371 5231023 3700519 730743 9710371 9710857 9710371 8870580 3700580 730071 730770
2760964 9710741 8790857 8190969 7980973 8190043 2370973 3730004 1760973 3730004 5370043 8190043 8190043 8190043 1760973 7980973 7980973 8190371 3730004 3731023 3730004 3730004 3730004 9710857 2370973 3730004 5231023 2760752 8711023 7790857 8711023 7790071 730743 8711023 3731010 2370973 2370973 1760973 1760973 1760973 8190888 9350043 8190888 3730004 2760888 5231023 9350404 3250857 8190829 2760741 730371 2760924 2760752 3470200 2760928 7790200 730560 8190071
6990200 6990200 8790857 3730601 6760857 8190877 8190937 6990200 8190942 6990200 9350404 6760601
null
null
null
8870544 7790841
3950371 8190765 9350646 8190829 3730200 7980973 8190829 1030292 1760973 3731002 9350404 8190942 8190877 8190937 8190937 1030292 3731002 1760973 9350765 8190913 9350404 8871007 8190765 8190913 4630200 8190913 8871007 8190765 8870544 3950043 8190765 9350404 3470200 8190646 9711023 9710752 8190877 8190765 3250857 9350765 8190913 8190765 8190765 8190913 8190888 8190765 8190969 8190913 8190363 9350741 730071 9350580 7310652 3730404 9350741 9350404 730646 9350646 8190937 9350646
3730646 4630200
null
null
null
5231023 1030638 5370877 8190363 2760928 7310564
null
null
null
7790200 7790519 7790841 5370841 9350043 8870544 3950043 7790200 1030638 3731002 5370200
null
9350580 9710205 9350741 8870544 8190741 3730519 9350404 8870544 8870544 5370877 3250857 8870424 9710205 7980973 7310646 5370200
null
null
7980973 1031010 1030282 1760973 5370200 3950043 1030638 7790200 8870544
7790519
5370841 3950043 7790841 4630200 7790200 5370841 3730241 5370841 8190913 7980973 8190363 9350765 8190913 8871007
9350404
7790200 7790200 3950043 8870544
null
null
8870544 8190969 3731002
null
null
null
null
null
null
null
null
7790841 5370877 7790200 5370841 5370841 7790857 7790841 9350646 8871007 5370200 5370841 5370841 7790857
9350765 8870544 3730646 4630200 8190646 8190363 8190937 8190363 9350646 8190969 8190969 8190743 3731002 7980973 7980973 3731002 5370200 8190043 7310646
8190741 8190363 9350741 730880 730969 9350765 9350646 9350765 8871007 7790200 5370043 3950043 7980973 730646 8871007 9350646 7980973 7980973
7790519
8870544 5370200 8871007 7790857
null
8190752 1030282 3731002 7310646 8190363
null
null
null
null
3950043
8870544
null
4630200 1030292 5370200 1030292 1030638 4880973 4880973 1030638 1030638 1030282 1030282 5370200 5370200 5370841
null
null
7790841 8870580 8870544 1030282 3950043 7790200 7790200 7790857
null
8871007 730928 8870544 7790519
5370841
null
null
1031010 1760973 1760973 3731002 1030282 3731023 7980973 1030282 5370200 1760973 5370200 5370200 5370200 5370200 5370841 8190519 3950043
8870424 7790841
8870544
5370200 7310646 9350404 8190765 8870544 1760973 4630200 1031010 1760973 4630200 8190765 4630200 910928
null
null
7790200 8870424 9350765 7790519 8190913 4630200 1760973 2370973 2370973 7310646 4880973 1030282 7980973 1760973 8871007 4630200 1030292 1760973 4630200 1760973 1760973 1030282 4630200 1760973 4630200 4630200 730928
8871007
730646
3700969 7790200 3950043
null
8870424 8870544
null
null
7790200
null
7980973 1030638 2370973 3730241 1030282 7310601 2370973 7980973 3730200 7310646 2370973 3730200 7310646 3730200 3730200 7310765 3731002 7310404 7310646 7310564 7980973 7310646 7980973 2370973 7980973 7310646 2370973 1030282 7980973 3730200 1030282 2370973 7980973 7310646 7980973 3730200 3730519 7310646 7310564 7980973 3730200 7310564 7980973 3731002 7310404 3730200 3730519 3730404 7310646 2370973 3730519 7980973 2370973 3731002 2370973 3730200 7310564 7980973 7980973 7980973 7310646 7980973 7310646 3730829 7980973 7310601 3730200 7310646 7310404 7980973 7310765 7310646 7310765 3730200 7310646 7980973 3730519 7310646 7310646 1030282 7310601 7310646 7980973 1030282 2370973 7310601 1030282 7310646 7310765 7980973 7980973 1030282 7980973 7310646 7310601 3730200 7310601 3730200 3730200 7310646 1030282 7310564 7980973 7310601 3730519 7310765 7310601 7980973 7310601 7980973 2370973 7980973 4880973 3730404 7310601 3731023 7310564 1030282 7310646 2370973 3730200 7310765 3730200 3731002 7310765 7310564 3730200 3730519 7310765 3730200 7310404 3730200 7980973 7310404 7980973 3730200 7310601 7980973 3730200 1760973 7310646 3730200 3730200 2370973 7310646 7980973 7980973 7310601 3731002 2370973 3730200 7310646 7980973 7310564 3730829 7310564 7980973 7310404 3731023 7310646 7310646 7980973 7310601 7310601 7310404 7310601 3730241 7980973 7980973 7310646 7310601 7980973 7980973 7310646 7310646 7980973 7310646 3730829 3730519 3731023 7310765 7310646 7980973 7310404 2370973 3731002 3730200 7310404 7310765 2370973 7980973 7980973 7980973 7310646 3731002 3730200 3730200 7310404 3730200 7310564 7310601 7310646 3730200 7310601 6760857 7310646 3730200 5370200 7310646 1030282 7310646 7310404 7980973 7310765 7310646 3730200 7310404 7310601 3730519 7980973 2370973 3730404 3731002 3730519 7310646 3730200 7310646 3730200 7310646 2370973 7980973 7310564 7980973 7310646 3730601 7310601 7980973 3730200 7310646 7980973 7310601 7310601 4880973 7980973 7310404 7310646 7310646 7980973 3730241 3730200 7980973 3730519 7310404 7310646 7980973 2370973 1030282 2370973 3730200 3730200 7980973 7310601 3730200 7310646 7980973 7980973 7310646 7310601 3730200 7310601 2370973 3731002 2370973 7310646 7980973 3731002 2370973 3730241 7310765 7310564 7980973 7310646 7310646 7980973 7310646 6760857 5370200 7310765 7980973 7980973 7980973 3730200 2370973 7310646 1030282 7310601 1030282 7310646 7310601 1030282 2370973 3730519 7310646 7310646 1030282 7310601 7310765 7980973 7310601 7310646 7980973 3730200 7310646 7980973 7310646 3731002 7310646 7310601 7310564 2370973 7980973 7310601 7310564 7980973 7310601 2370973 1030282 2370973
2370973 3730200 7980973 2370973 7980973 3730200 3730519 3731023 1030638 7310601 7310646 7980973 7310765 3731023 7310646 7980973 7310646 3730829 1030282 3731002 3730519 1030282 3730200 7310564 3730200 2370973 7310646 2370973 2370973 3731023 7980973 7310601 7310601 1030282 7980973 7310601 3730200 7310646 1760973 2370973 7980973 3730601 7310404 7980973 7980973 7310765 1031010 3730200 1030282 3730601 1030282 7310601 7310646 3731023 7310646 7310404 3730200 7310646 7310646 3731023 7980973 3730241 7310646 7310765 7310564 3730829 3730200 7310404 1030282 7980973 7310601 7310646 7980973 3731002 3730519 7310646 7980973 3730200 1030282 7310564 3730200 7310765 3730519 1030282 7980973 7310564 5370200 3730519 7310765 7310646 7310601 2370973 7310564 7310646 7980973 7980973 6760857 7980973 7310646 2370973 3730200 3730829 7310646 7980973 1030282 7310646 3730404 3730200 7980973 1030282 3730200 7980973 7980973 7310601 7980973 2370973 2370973 3731002 3730241 3730200 7310646 3730241 1030282 3730200 7310646 3730200 6760857 7310646 7310646 6760857 7310646 3730200 7310404 3730241 7310601 2370973 7310564 7980973 1030282 1030282 1030282 7310646 3730519 7310404 3731002 7310601 7310646 7980973 7310601 7310646 7310646 3730519 7310601 7980973 7310646 7310646 1030282 3730519 7310646 3730519 1030282 7980973 2370973 7310601 7310765 3730200 2370973 3730200 7310646 3730200 3730519 3730200 7310646 7310564 7310646 7310646 3730829 2370973 2370973 3730200 7980973 7310404 3731023 1030282 3731002 7310646 7310601 7310646 3730200 2370973 3730200 7310601 7310646 7310646 2370973 2370973 3730200 3730200 6760857 3730200 7980973 3730241 7310646 3730829 7310646 7980973 3730200 7980973 3730519 3730519 2370973 2370973 1030282 7310765 7980973 7310646 3730200 7980973 7310564 3730200 7310601 3730829 7310404 3730200 7310601 7980973 2370973 2370973 7310564 2370973 7310646 2370973 1030282 1030282 2370973 7310564 3730765 3731023 1030282 3730200 3730404 3730519 7310404 7980973 3731002 7310646 7310646 3730200 3730200 7980973 2370973 7310765 7310404 7310404 3730200 3730241 3730200 2370973 1030282 7310601 3730200 7310646 7980973 2370973 3730200 7310646 7310404 2370973 2370973 1030282 7310564 2370973 6760601 3730241 1760973 7980973 3730200 7310646 7310601 3730519 3730200 3730601 2370973 7310404 3730241 7310646 3731023 7310765 7310564 7310601 2370973 3730519 7310765 2370973 7980973 7310765 1760973 7980973 7310646 7980973 3730200 2370973 7980973 6760857 3730200 7310601 2370973 2370973 7310601 1030282 3730200 3730200 1030282 3730200 3730200 7310646 2370973 3731002 3730241 2370973 3730241 7980973 3730200
1760973 5370200 8190877 3731002 7980973 7980973 7980973 7980973 3731002 3730200 7310601 7310765 1760973 7310765 4880973 7310601 7980973 5370841 7310765 5370877 3730601 7980973 3730765 8190765 3730404 7980973 9350580 3731002 3731002 4880973 7980973 7980973 2370973 4880973 7980973 3730404 3730241 7310564 3730200 7310646 9350580 3730004 7980973 7310404 7980973 7980973 5370877 9350765 3730519 7310765 7980973 7310652 7980973 7980973 7310564 3730765 7980973 3730404 6760404 3730829 7310564 7980973 1030282 7980973 7310765 3730765 7310646 7980973 3731002 7310646 7310564 7310404 3730200 7310564 3730241 7310564 7980973 7310601 3731002 7980973 6760601 7310646 6760404 7310646 3730241 7980973 7310564 3730241 7980973 9350043 7980973 9350765 7310564 6760857 4880973 7310765 7980973 8190829 9350765 3730765 7310564 7310601 6760404 9350404 7980973 7980973 7310601 7310564 9350404 7980973 8790857 6760404 3730829 7310646 3731002 9350404 3730829 7980973 7980973 3731002 7310646 9350765 3730829 7980973 3730404 8190877 8190765 3731002 9350404 8790857 8190877 7310404 7980973 7310404 7980973 4880973 7310601 3730241 7310601 4880973 4880973 7310404 6760404 7980973 5370877 9350404 6760404 3730601 8190942 8790857 8190363 7310765 9350765 7310765 8190829 3730200 5370877 7310646 4880973 7310765 7310601 8190829 5370877 7310765 7980973 7980973 3731002 3730200 3730200 3730200 3730519 7310404 7980973 7980973 7310564 3730404 7980973 3730200 3730404 3730829 7310646 3731002 6760857 3730829 3730404 7310646
3950043 8190942 8190829 8190765
7310646 1030292 7310564 3730004 1030282 9350404 5370877 8190765 8190765 8190765 8190829 9350404 9350646 8190765 8190765 6990200 8190829 8190765 5370877 8190765 8190829 3250857 8190765 8790857 3731010 8190765 8190371 8190765 8190765 9350404 8190765 8790857 8190765 3250857 8790857 6760404 8190765 6760601 3730601 3250857 8190765 8790857 3250857 8190942 6760601 3250857 7530857 9350765 1030282 3250857 9350765 8190765 3250857 8190877 9350404 3730601 8190829 8790857 9350404 8190765 3250857 8190741 8190752 8190765 9350404 8190829 7530857 8190877 9350765 8190829 8190877 8190363 3730404 8190363 9350404 8190765 9350646 8190829 7530857 9350404 3250857 8190829 8190937 8190829 9350765 8190829 3730765 3250857 8190765 8190765 8790857 6760601 9350765 7310765 8190829 7530857 3250857 9350646 9350765 7530857 8190765 7310601 3250857 7530857 8190829 7530857 3250857 8190937 9350646 6760601 8190829 5370877 3250857 8190829 6760404 8190877 8190877 8190363 9350404 9350646 3730404 8190829 7530857 9350404 8190877 8790857 2370973 8190519 5370877 9350404 9350043 6760601 3250857 9350765 8790857 8190765 8190363 8190765 8790857 3730601
3730404 3730004 3730765 3731002 6760601 3730404 3730519 3730765 3730241 1760973 3730829 5370877 3730404 3730829 7310404 7980973 3730829 3730829 7310404 3730765 8190877 3730404 6760601 3730404 3730765 6760404 3730519 3730829 6760404 3730601 3730601 6760857 3730601 3730765 3730601 6760857 2370973 7310564 8190829 3730765 6760857 8190765 9350404 3730404 9350765 6760404 3730765 7310564 3731002 6760601 3730241 8190829 3730004 3730404 8790857 3731002 3730404 8190765 6760857 6760404 3730765 8190765 7310601 3730601 6760601 3731002 7310564 3730601 3730829 3731002 7310601 7980973 7310765 7310564 3730200 7310765 3730404 7980973 5370877 7980973 3730004 9350404 3731002 3730601 7980973 4880973 7310646 4880973 7310601 7310404 7980973 6760601 7980973 3730241 6760857 5370200 7310564 7980973 7310564 7310601 7980973 7310601 7310564 3730519 6760601 6760404 8190829 6760404 7980973 3730829 5370877 6760404 3730519 3730404 6760404 3730601 3730765 3731002 6760404 3730765 6760601 3730765 6760601 3730765 3730601 6760601 6760404 3730765 3731002 6760601 3730765 3730601 3730765 7310564 6760601 3730241 3730601 6760857 1760973 3730601 3730404 6760404 6760857 6760857 7980973 3730404 3730241 3730765 8190829 7310564 3730601 3730241 3730765 6760404 3730241 3731002 3730829 3730241 6760404 3730829 3730404 6760404 6760857 6760857 9350404 3730765 3730765 7310765 7980973 6760404 3730829 6760601 9350404 6760404 6760404 3730765 6760601 3730241 6760601 3730765 3730601 3730601 8190877 6760857 3730765 6760601 3730601 7310564 6760601 6760404 7310601 7310404 6760404 5370877 3730404 6760404 3730829 3730765 6760404 2370973 9350404 6760601 6760404 3730765 3730601 6760404 6760857 3730765 5370877 6760404 7310404 3730241 3730601 6760404 3730004 7310601 6760404 3731002 6760404 6760857 6760857 3730601 7310564 3730601 6760857 7310564 3730601 7310646 3730241
8190877 3730404 6760404 9350404 6760404 9350765 9350765 5370877 9350404 8190877 9350765 8190877 3730765 5370877 6760601 8790857 8190877 9350765 6760601 9350765 6760601 3730765 3730601 3730765 8190942 8190829 8190942 5370877 3730404 8790857 5370877 9350404 6760404 8190765 9350765 8190942 8190765 6760404 9350765 9350404 6760404 5370877 8190877 6760404 8790857 8190877 6760404 6760601 3730404 9350765 8190829 6760404 6760404 8190877 8790857 6760601 9350404 8190829 8190942 3250857 8190765 8190829 5370877 6760404 8190829 5370877 7310404 4880973 7310765 4880973 4880973 7310601 8190937 8790857 8190765 8190765 9350765 8190765 6760601 9350765 8190765 8190942 9350404 8190829 8790857 3730829 9350646 8190969 6760404 8190877 8190829 5370877 3730829 8190877 8190829 5370877 6990200 9350765 6760857 8190877 9350404 8190942 9350404 8190877 6760404 8190937 9350741 6760404 8190937 9350765 8190363 8190877 9350404 6760404 5370877 8790857 8190877 9350404 8190829 6760404 9350765 9350404 8190765 6760601 6760601 6760601 7310765 9350404 1030282 6760404 9350765 8190829 8190877 9350404 6990200 8190877 6990200 8190829 6760404 8190765 8790857 8190877 8190829 3730765 5370200 7980973 1030282 6760404 8190765 3731002 7310564 7980973 7310564 8190829 8190765 8190877 5370877 6760404 9350765 9350404 9350765 6760601 6760601 7980973 3730241 3730004 8190765 9350404 1031010 7310765 4880973 4880973 4880973 9350404 3730601
3730200 7310404 8190937 9350404 3730404 4880973 3950371
8790857 8190829 8190942 6990200 3250857 8790857 8190829 3250857 8790857 8190765 8790857 8190877 9350404 8790857 3250857 8790857 8190363 6990200 9350765 8190829 3250857 3250857 8790857 8190829 8190829 8190877 8190829 8190363 8790857 8790857 3250857 8790857 8790857 9350404 8790857 8190765 8190937 8790857 9350404 9350404 8190829 9350404 7530857 8790857 6760404 8190942 8790857 7530857 9350404 3250857 8190765 9350404 8790857 8190913 8190765 8790857 8790857 6760601 9350404 8190765 6760404 8190765 8790857 8190877 8790857 8190765 8790857 6990200 3250857 8790857 8190829 8190765 8190877 9350404 8790857 8190942 8790857 8790857 8190877 8790857 8790857 8190877 8190765 9350404 8190765 3250857 8790857 8190877 3250857 3250857 8190877 8190942 7980973 2370973 7310601 1030282 8190829 3250857 8190877 3250857 8190363 7530857 8190765 8190765 8190371 9350765 9350404 9350765 7980973 7980973 8190829 3250857 8190829 8790857 8190877 8190765 8190877 6990200 6990200 8190765 8190877 6760404 8790857 6760404 8190765 8790857 8190765 8790857 8790857 8190765 8790857 7530857 8190942 8790857 3250857 6990200 6990200 6990200 7530857 8790857 8190765 8190765 8190913 8790857 3250857 8190765 6760404 6990200 8190765 8790857 8190765 8190877 6990200 3250857 8190765 8790857 7530857 8790857 8190829 8190942 8790857 8790857 8190877 8190877 8190829 7310601 2370973 7310404 6760404 6760404 6760404 5370877 6760404 4880973 4880973 4880973 2370973 7310646 3730519 3730601 3730404 8190765 8790857 3250857 8190829 6990200 8190877 6990200 6760404 8190829 6760404 8790857 9350404 6990200 8790857 8190765 3250857
8190765 8190969 1030282 3730241 7980973 7980973 7310646 8190942 2370973 3730241 7310564 9350765 1030282 1030638 5370877 8190877 3730241 8190942 8190519 8190752 8190942 8190877 1030282 1031010 1760973 5370200 8190765 4880973 5370200 5370200 6990200 8190765 9350404 1030638 3730601 1030282 7980973 7980973 2370973 4880973 4880973 4880973 4880973 4880973 4880973 1030292 4880973 2370973 9350765 5370877 9350741 6760404 7310646 4880973 7310564 4880973 7980973 3730241 3730829 3730241 5370200 1760973 7980973 8190765 7310646 4880973 7310601 7310646 1030292 7310765 7980973 1030292 7310646 7980973 9350404 8190942
3250857 8190765 8190888 6760601 9350404 8190765 6760601 8190942 9350404 1030638 3730241 3730601 3730241 4880973 4880973 4880973 4880973 7310564 7310404 7310646 2370973 7310765 6760404 8190765 7980973 1030292 4880973 4880973 4880973 4880973 4880973 2370973 2370973 9350404 9350646 8790857 6990200 8190765 8190877 8790857 7310564 1030638 9350404 6990200 8190877 3730404 6760601 8790857 8190877 8190942 8190765 7310601 2370973 4880973 4880973 4880973 4880973 7310564 7980973 9350404 3250857 3730241 7310765 6760601 4880973 2370973 4880973 4880973 7310564 7310404 7980973 7310765 7310564 9350765 7310601 7310601 7310765 6990200 8190765 6990200 7310765 7310601 6760857 8190829 8790857 6990200 6990200 8190765 8190765 8190765 8190877 8190877 7530857 8790857 1030282 8190942
730371 6760601 7980973 7310564 2370973 2370973 4880973 4880973 4880973 4880973 4880973 4880973 7310601 9350404 8190877 3730404 3730241 6760601 8190942 4880973 4880973 4880973 2370973 1030282 7310646 3730241 7310646 7980973 7980973 5370200 7310646 4880973 8190765 8190937 8190363 8190765 7310646 1030282 1030282 7310601 7980973 4880973 7980973 1030282 8190829 7980973 4880973 4880973 4880973 5370200 5370841 1030292 4880973 4880973 4880973 1030282 4880973 7310404 2370973 7310601 7310404 4880973 4880973 7310601 4880973 2370973 2370973 7980973 7980973
3250857 8190765 8190877 8190942 3730601 9350404 3731002 8190937 8790857 8190765 3730241 7980973 7980973 7310646 7980973 5370877 8190942 5370841 7310646 7310564 8190942 3731002 5370200 7310646 7310646 1030282 9350765 3250857 8790857 8190937 8190765 9350765 9350646 9350765 8190765 8190765 7310564 4880973 4880973 2370973 7310646 9350765 3730601 8190877 8790857
8190829 3730241 3730241 8190877 6760601 1030282 7310765 1030638 7310564 1030282 7310564 7310765 1030282 1760973 8190829 9350404 9350765 3730404 7310601 9350765 9350580 7980973 7980973 3731002 7530857 7310765 9350765 8190829 7790200 5370841 5370841 8190942 4880973 4880973 4880973 4880973 4880973 4880973 4880973 4880973 4880973 7310601 8190829 8190937 4880973 4880973 8190765 8190765 8190646 6990200 730928 1030282 4880973 4880973 4880973 7310646 8190765 5370841 8190519
5370877 8190765 5370877 4880973 4880973 4880973 4880973 4880973 4880973 4880973 4880973 8190877 3730765 3730829 7310404 7310404 5370877 8190877 3250857 8190765 8190765 8790857 8790857 8190937 8190765 8190765 8790857 8190519 3250857 8190829 3730765 8190877 3730404 8190765 3250857 8190942 9350646 8190765 8190877 8190829 8790857 7530857 8190913 8190765 8190829 8190829 8790857 8190877 3250857 8190765 8190877 8190765 8790857 9350765 8190371 8190877 8190765 3470857 8790857 8190765 9350404 8190942 9350765 8190877 8190765 8790857 7530857 8190942 8190937 3250857 3730601 3250857 8190829 8190765 8190877 8190913 8190363 7530857 9350404 6990200 8190877 1030638 7310646 5370877 8190765 8190942 9350765 8790857 8190877 8790857 3250857 1030292 2370973 7310404 3730829 1760973 6760404 3730829 8790857 6760404 6760601 6990200 8190765 6990200 8190765 9350404 8190765 8190765 8190937 8190765 8190942 3731002 3730519 4880973 4880973 4880973 4880973 4880973 8190043 8790857 8190877 8790857 8190877 8790857 8790857 8790857 9350765 7310601 9350765 5370200 4880973 1030638 4880973 7310601 5370200 7310601 4880973 7310646 3730404 4720857 8790857 3250857 8190913 8190765 3250857 6990200 7530857 4880973 4880973 4880973 7980973 2370973 7310765 2370973 7310404 7310601 7980973 3730241 9350404 8190363 8190765 8190877 8190363 3950964 8190913 9350646 8190646 8190646 8190765
1760973 4630200 1030282 1030282 5370200 5370043 7790857 1760973 1030292 1031010 1030638 1030638 1031010 1760973 3730646 4880973 4880973 2370973 4880973 1030638 4880973 1030292 1030282 3730200 7980973 1030282 1030638 1030282 7980973 1030292 7790200 7790200 8190646 8190043 5370841 7980973 1030282 7980973 1760973 1031010 1030292 1030292 1030638 1030282 1031010 1030638 1030638 1760973 1030292 1030282 1030638 1030638 8790857 3250857 3730241 7980973 7980973 2370973 7310646 7980973 7980973 9350765 1760973 1031010 4880973 9350404 5370841 8190765 8190765 8190913 1760973 4880973 4880973 4880973 7310646 1031010 3730200 8190363 8190888 4880973 4880973 7980973 1030282 7980973 7980973 1030292 1030638 7980973 1030292 1031010 5370200 8190765 8190913
4880973 2370973 7310564 6990200 4880973 8870043 5370200 6760601 6760857 7310601 7310601 8790857 8190942 3470752 3730241 9350765 6760404 7310564
7310404 7310404 7310765 7310404 7310601 7310601 7310601 7310404 7310404 7310765 7310404 7310564 7310404 6760404 7310404 7310404 7310404
8790857 8190877 1030282 1030292 4880973 7310404 7980973 5370877 8190942 9350765 8871007 6990200
3950371 1030282 4880973 4880973 1030638 4880973 4880973 5370200 8190937 4880973 1030292 4880973 4880973 4880973 4880973 1030292 1030282 5370877 9350765 5370841 7310564 5370200 5370200 3730241 3730200 3731002 7310646 7310765 4880973 4880973 7310646 7310601 7310646 7310646 9350404 8190765 8190888 7530857 8190942 2760043 8190765 8190942 8190829 8190765
1031010 1030282 3950043 3950043 1760973 4880973 4880973 4880973 4880973 4880973 4880973 4880973 4880973 4880973 1030282 7980973 1030282 5370200 7980973 5370841 8190937 730870 3470752 7790752 9350646 8190770 3250857 8190363 4880973 8190937 8871007 8871007 7980973 8790857 8190937
3731002 1031010 4880973 4880973 4880973 5370200 1030292 1030292 1030292 1030292 1030292 1030282 1030292 1030638 1031010 1030638 8870544 1030282 1030282 1030282 4880973 4880973 1030292 4880973 1030282 4880973 5370200 5370200 1030282 1030292 1030282 5370200 1030282 1030282 1030282 1030282 1030282 4630200 4630200 5370043 7980973 5370200 1030292 4880973 1030638 8870544 1030282 1760973 7310646 4880973 4880973 4880973 4880973 4880973 4880973 1030282 7980973 8190937 3950043 8190363 8190765 7790200 8190937 8190969 8790857
8790857 8190071 3700205 1030282 1030282 1030282 7310646 5370200 5370200 7980973 5370841 9350646 8871007 4630200 1760973 1030282 4880973 1030292 1030282 1030282 1030282 9350765 9350404 8190371 3730241 8190937 8190560 8190937 7530857 8190363
1030292 1031010 1030282 1760973 4630200 4630200 1030282 1760973 1030638 4630200 4630200 8190519 1030638 1760973 1031010 5370841 7310646 7310646 5370200 3731002 7980973 5370200 7980973 5370200 9350646 7790913 1030282 3700205 8190371
3250857 8190937 8871007 7530857 1031010 9350646 7530857 4720857 9350043 9350741 8870043 7790200 7790857 5370841 7090973 5370200 1030638 1030638 1030292 1030638 1030292 1030292 1030292 1030292 4630200 1030638 1760973 1031010 9350580 8190519 1760973 1760973 1030638 4880973 1760973 1760973 5370200 7310646 7980973 5370200 730928 7790857 8190363 8190363
2760371 2760043 7790743 8190942 7790371 2760043 2760928 7790913 7790841 8870772 3730241 8190519 3470519 7790857 7790894 7790894 2760743 2760964 8870043 7790743 7790894 7790519 8190519 8190519 7790964 8870772 8870772 7790519 3470519 8870772 7790841 3731010 3730519 3731002
7790841 7790841 7790519 2760928 7090973 7310646 5370841 2760043 5370841 7790841 3730519 8190071 3730519 3730646 8190071 7530857 9350765 3731002 9040580 7790841 8870424 9040580
3250857 7980973 1760973 5370841 8870424 8870043 3950964 8871007 9350404 9350404
3730765 8190519 6760404 8190363 2760043 7790857 7790964 7790200 3730404 8190877 1031010
7790841 7790519 7790200 4630200 4630200 3250857 3730829 8190560 3250857 8871007 7980973
7980973 7980973 7310646 3950043 9350580 7790857 730969 730969 1030282 7980973 8190969 8190969 8870043 730043 910928 910928 8870043 7790841 730870 3950043 730043 730043 8190969 5370043 7790913
9350646 9350404 7310646 9350580 8870580 7790071 1031010 1031010 1031010 1030292 1030638 3731023 1760973 4630200 5370200 1030282 4630200 1031010 1031010 1030638 1031010 1030292 4630200 1030638 1030638 1030282 1030292 1030282 1030638 1030282 8190646
7980973 4630200 1030292 1030292 1031010 4880973 4630200 7790580 7090973 1030282 3730829
7090973 4720857 8871007 3730601 5370841 9350580 8870544 5370877 8190913
