209
null
null
1760973 4630200 4630200 5371023 5371023 250200 7790200 7790857 1030292 1030638 1031002 250200 4630200 8190652 5370772 5370772 7790969 5370519 5371023 5370841 4630913 7790200 1030292 7310646 5370841 5370200
null
7790964 3470772
null
9710920 8190857 9710371 730646 8870580 9710205 4911023 8190687 9350564 8190857 6760601 3730993 3250857 5231023 7530857 8190404 8190404 7790937
8710519 9710864 9710741 9710743 3471007 9710071 8190560 9710969 8710752 3950888 7790200 3700969 3700969
9710920 3700743 3230519 3700969 520969 8190829 8190857 9710071 9710752 3700770 7790857 9710205 3250857 5370404 6990481 6760601 1030638 3730877 2370973 2760580 2760560 8710752 8190404 3950960 8190877 8190961 4880973
8191007 9710371 9040580 4720772 6350404 9710371 3730601 8190857 8190687 3950888 6760601 8870969 8190857 8190404 8190857 8190829 9710772 3250857 8190969 8190829
9710071 9710205 9710969 8190404 9710969 7980973 7790857 9710071 9710741 3731002 7980973 3731002 6760646
7310877 8190652 8190961 6990200 9710371 8190071
2760752 3730993 8190857 8190404 6760857 3730519 8190752 3731002 8190969 8190646 3730829 10110857 10110857 8190770 8710519 5370741 5370371 3230519 2760414 9710519 9350888 3730601 8190404 8190700 6350404 5370404 5370877 9350601 8190961 8870942 8190896 8190829 6350857 6760765 10110857 7980973 7310669 5370841 4911023 4630200 3730519 4630200 2760896 5370071 3730928
3700857 9710071 8710752 4911023 8190687 6990481 8190404 8190071 8190580 8190964 8190071
5370404 9350601 7310646 2760071 730888 7790772 3951002 3730580 8190652 9710071 4911023 2760888 9710519 4720371 7790888 2760896
2760071 4911023 9710743 9710071 730770 9710414 3950960 9710752 8190652 3471007 7790937 4040200 9350564 5370404 9710043 7310601 7310700 7310646
730964 8190752 3700743 9710071 2080770 2760894 8710752 9040857 2760580 2370973 9350888 8190752 9710496 9710414 730200 9710743 3700743 9710741 9710741
7530857 8190404 3730519 5370071 8190652 5370571 3730993 7310646 7310646 9350743 5370841 6270652 730969 730857 8870888 9350601 7790519 9710414 9350741 5370741 9710741 9710071 9710920 9710743 9710743 5370519 250200 250200 250200 8870043
9711002 5370200 7530857 910857 3950888 5370519 8190404 9350519 8190519 5370519 5370519 8190519 9710969 9710969 9710741 3470857 9710743 3700770 8190857 9710496 7790937 9710864
9710371 9710414 8870580 9710743 3471007 8190646 8190404 3700770 8191007 9350770 7790752 8870969 3700969 3731002 5370200 9350924 4880973 5370930 7790870
3730601 4990857 5370571 9350371 3700205 8190371 8190371 9710371 3471007 3700857 9350770 3230519 2760580 3230519 7790741 9710414 3230519 3730241
9710414 9710006 250200 5370743 8190371 7790371 3700741 9710864 8870942 250200 8190700 5370741 5370071 8190652 8190652 8190652 5370772
9710071 4720200 6350857 5370841 8870424 5370841 8190857 8190519 8190961 8870969 730752
7310652 7310371 10140652 7310652 6270652 6270652 7310652 7310371 7310371 7310652 7310371 10140652 7310700 10140652 7310266 7310877 6270652 7310765 7310652 6270652 7310652 6270652 7310652 7310652 7310652 7310652 7310652 7310652 7310652 7310652 7310266 7310652 7310652 7310829 10140652 7310371 7310371 7310652 7310652 10140652 7310652 7310371 6270652 7310371 10140652 7310652 7310266 7310371 7310371 7310652 7310371 6270652 6270652 7310371 6270652 7310652 10140652 7310371 7310652 7310371 7310371 7310652 1940652 7310371 6270652 7310266 7310404 7310652 6270652 10140652 7310371 7310371 7310266 6270652 7310829 6270652 6270652 7310266 7310652 7310652 7310652 7310877 7310652 7310829 7310652 7310652 7310652 7310652 7310652 7310652 7310652 7310652 7310652 7310652 7310652 7310652 7310652 7310652 10140652 7310652 7310371 6270652 7310877 7310652 7310652 7310652 7310652 7310652 7310371 7310266 7310371 7310652 7310652 10140652 7310371 7310652 7310371 7310371 7310404 7310371 7310652 7310371 7310652 10140652 7310371 7310371 6270652 6270652 7310371 6270652 6270652 7310652 7310371 7310635 7310471 7310371 7310371 6270652 7310371 6270652 6270652 7310652 7310652 10140652 7310652 6270652 6270652 6270652 6270652 6270652 6270652 7310652 7310652 6270652 7310371 7310471 7310652 6270652 7310471 7310652 7310371 7310652 7310371 7310652 7310371 6270652 6270652 7310371 6270652 7310652 7310371 7310371 7310471 7310371 7310652 6270652 6270652 6270652 7310652 7310471 7310652 7310652 7310371 7310652 7310652 7310652 6270652 7310371 6270652 6270652 6270652 7310266 7310371 7310652 7310371 6270652 7310652 7310652
5110635 7310635 7310635 7310635 7310635 7310635 6270652 6270652 7310371 7310371 6270652 7310652 7310371 7310652 7310371 6270652 7310371 6270652 6270652 7310471 7310371 7310371 10140652 7310404 7310266 7310601 7310371 6270652 7310765 7310371 6270652 7310652 6270652 7310652 6270652 7310877 7310371 7310652 6270652 7310371 6270652 6270652 6270652 6270652 7310471 7310371 7310471 7310471 7310371 7310652 7310471 6270652 7310652 6270652 7310652 7310371 6270652 7310652 7310371 6270652 6270652 7310371 7310371 7310700 6270652 7310266 7310266 7310829 7310601 6270652 7310266 7310371 7310371 7310266 7310371 7310371 6270652 6270652 7310371 7310371 7310471 7310371 7310371 7310371 7310471 7310652 7310652 7310829 7310471 7310471 6270652 6270652 6270652 7310471 7310471 7310700 6270652 7310371 7310652 6270652 6270652 7310652 7310652 7310652 7310635 7310371 7310371 6270652 7310652 7310471 7310266 7310471 7310471 6270652 7310652 6270652 7310471 7310635 7310635 7310635 7310471 7310652 6270652 7310652 10140652 7310652 7310652 7310371 7310471 7310371 7310471 6270652 6270652 7310471 7310471 7310471 7310652 7310471 7310471 7310471 7310471 7310471 6270652 7310471 7310471 7310471 7310471 6270652 7310471 7310471 7310471 7310471 7310471 7310652 7310471 7310471 7310635 7310471 7310635 7310471 7310471 7310652 7310471 7310652 7310471 7310635 7310471 7310471 7310635 7310471 7310471 7310371 7310471 7310471 7310652 7310471 7310471 7310471 7310471 7310471 7310471 7310371 7310471 7310652 7310471 7310652 7310471 7310371 7310652 7310471 7310471 7310471 7310371 7310471 7310471 7310471 7310371 7310652 7310471 7310371 7310471 7310471 7310471 7310371 7310471 7310371 7310652 7310471 7310371 7310471 7310652 7310471 7310471 7310471 7310371 7310471 7310471 7310652 7310471 6270652 7310471 7310471 7310471 7310471 7310471 7310652 7310652 7310471 7310471 7310652 7310471 7310635 6270652 7310471 7310635 7310371 7310471 7310471 7310371 7310652 7310471 7310471 7310471 7310471 6270652 7310471 7310471 7310471 7310471 7310471 7310471 7310471 7310371 7310471 7310652 7310471 7310471 6270652 7310652 7310652 7310471 7310471 7310652 6270652 7310471 7310371 7310652 7310471 7310471 7310371 7310652 7310652 7310471
7310829 5110560 7310829 5110560 5110560 5110560 5110560 5110560 5110560 5110560 7310371 5110560 5110560 5110471 5110560 5110560 5110560 5110560 5110560 7310371 5110560 5110560
5110635 5110560 5110560 5110471 5110652 5110471 7310652 5110471 5110471 5110471 5110635 1940652 5110652 5110471 5110471 5110652 5110471 5110471 5110652 5110560 5110635 5110635 5110635 5110471 5110635 5110635 5110635 1940652 5110652 5110560 5110471 5110471 5110471 5110635 5110471 1940652 7310652 5110471 5110635 5110652 5110471 5110471 5110652 5110471 5110635 5110471 5110471 5110652 1940652 5110560 7310635 5110635 5110471 5110471 5110471 5110471 1940652 5110471 5110471 5110652 5110635 5110652 7310652 5110471 5110471 7310635 5110560 5110652 5110652 5110471 5110560 5110471 1940652 5110471 5110471 5110471 5110471 7310635 5110635 5110635 5110471 5110471 1940652 1940652 1940652 5110652 5110560 5110652 5110635 5110635 5110635 5110471 5110652 5110652 5110635 5110471 5110635 5110652 5110652 5110471 5110635 7310635 5110635 5110635 5110635 5110471 1940652 1940652 5110652 5110471 5110635 5110635 5110471 5110635 5110471 5110635 5110471 5110635 5110635 5110635 5110635 5110471 5110635 5110635 5110635 5110635 7310635 5110635 5110635 5110635 5110635 5110635 5110635 5110635 5110635 5110635 5110635 5110635 5110560 5110635 5110652 5110635 7310635 5110471 1940652 5110652 1940652 5110635 5110652 5110652 5110635 5110652 5110652 5110635 5110635 5110635 5110635 5110635 5110635 5110635 5110635 5110635 5110635 5110560 5110652 5110560 5110652 5110652 5110652 5110635 5110471 1940652 5110652 5110471 5110471 5110471 5110471 5110652 5110652 5110652 1940652 5110652 5110471 5110471 5110635 5110471 5110652 5110471 6270652 6270652 5110471 5110471 5110471 7310371 5110471 7310652 7310471 7310652 5110652 5110471 5110652 5110471 1940652 5110471 5110560 7310266 6270652 7310471 6270652 6270652 7310471 7310471 5110471
9350880 730770 2760371 3700969 2760422 3471007 3230422 9350743 3930857 3700857 730857 730928 8870942 8870888 3700772 9350560 5231023 8190857 8190857 7090973 7090973 7090973 8190969 7790888 7790888 7090973 7090973 7090973 7090973 7090973 7090973 7090973 8190772 2760772 2760930 6660930 730870 730870 2760928 8190580 8190896 3470422 3730004 8190857 2760930 730743 730870 730870 9350743 730200 2760580 2760741 2760964 2760960 2760006 8190519 8190964 3471023 730212 5231023 9710920 9710920 730741 730857 4720772 4720772 2760741 4720371 3730004 7090973 7090973 3730646 3930857 3470857 9710969 3700422 9040772 730857 9350880 2760071 2760888 3471023 2760743 230857 230857 6660857 7790857 7790770 9710371 9710857 3700857 3700741 3700741 730964 730857 730560 7790894 8190930 730969 9350770 730752 8870770 730964 730964 730371 4720371 8870580 7790964 7790896 7790964 7090973 8190857 8190741 8190741 8870969 3470857 9040772 3470043 8870772 3730004 3731010 730857 7790964 8870772 730928 730857 730857 4990857 910857 7790896 5370772 730580 2760888 7790888 8870743 730928 7790772 2760772 2760930 2760930 9350560 730212 2760414 910857 3730004 3730004 3470857 730772 730772 9350880 5370371 2760043 2760646 8870422 3471023
7790888 9710371 9040772 9040772 8870772 2760924 8190772 9040772 520969 2760770 520969 3950888 520969 520969 520969 730371 7790969 5370043 6770857 4990857 8190930 9350930 8870969 7790969 8870969 8870969 520969 520969 520969 520969 9710969 9710969 9710969 9710969 520969 520969 520969 8711023 8711023 9710969 9710969 7790969 9350930 730580 9350930 9350371 9710580 3700969 9710969 9710772 9040772 9710422 7790870 7530857 8870924 7790371 3950960 7790937 8190752 9040857 3471023 2760043 7790857 8190700 7790857 8870888 8870888 2760071 8190896 8870743 8190896 1760973 8190964 7790857 7790752 8870888 8190857 4630857 1760973 7980973 8190741 8190894 8190752 8190857 8190857 8190772 8190071 7790857 3950888 8191023 3230422 8190071 8190857 3730646 8190857 8190857 8190857 6660857 3730004 3730004 230857 8870580 9350741 9350741 2760964 2760928 2760969 9350560 6660857 7790857 8190930 3730646 8190930 8190652 8190580 8190646 8870942 7790741 7790200 3730928 8190857 8190857 3730004 8190857 8190857 8190580 3730993 8190964 8190964 8190857 9350752 8190687 8190857 8190857 8190652 5370743 8190646 8190580 9350930 5370371
3470580 7790888 4720200 3470043 4630857 9350741 7530857 9710371 8190741 4720857 3470857 8190857 3700580 3470580 3470580 7790741 3470580 8870580 3950960 8190857 9350743 8870743 5370043 3470422 5231023 4720857 9710071 730071 8710752 3730004 7090973 7090973 7090973 7090973 2760560 2760924 2760964 8710519 730964 9710422 7790741 3730004 8190580 730857 7790857 7790857 3470857 7790857 9710414 9710071 3700200 3700969 4880973 5370930 5370743 8190646 7790857 7790424 2760006 2760006 7790770 7790857 7790371 9350371 9350560 9350924 3470857 3730241 8190652 3730993 8190652 8190652 910857 8190969 8190652 8190652 8190652 8190560 910857 8190969 8190969 9040857 9040857 9040857 8550857 8550857 8550857 8550857 8550857 8550857 8550857 8550857 8550857 8550857 9040857 9040857 8550857 520969 9350880 910857 8190857 8190371 8190857 730857 3230205 8190857 8190961 4720857 731007 3230880 3230422 8870422 730857 730857 730857 730888 730857 2760414 3470580 9040580 7790896 7790964 7790371 2760924 2760646 2760371 7090973 8190857
8870969 5370071 5370741 7790857 7790857 7790857 7790857 7310371 730212 730857 2760371 730857 730770 730741 8190770 8190930 8870743 8870580 730857 730880 730961 730880 730857 8870580 7791007 5370371 5370371 730964 8870969 9350519 9350930 6660930 9350930 5370930 730857 730857 5370772 731007 730371 730857 5231023 730857 9350772 8190942 8870422 730924 8190969 8190560 8190071 1030993 3930857 730212 730857 8870580 730371 8870770 9350519 5370772 5370772 5370519 9350371 9350371 9710422 9710422 9710772 3930857 8870969 8870924 9350371 8190857 9350880 9350741 9350741 2760772 2760772 730880 730969 3230212 3230422 3700580 5370371 3700580 9040857 8870924 3700422 9710422 8870422 3700422 3700857 3700422 3700772 8870772 730969 8870969 3230205 730580 730741 4720857 730857 7790857 8870043 7790857 8870043 8870580 3470580 3470580 7790857 8190580 8190580 7790200 8870422 730200 730812 5370371 730857 730857 8870422 730857 731007 730857 730752 9710782 8870888 730770 730857 3230422 3230880 2760580 230857 9710857 2760414 2760422 2760960 2760960 2760422 9350519 9350371 730857 730371 9710371 9710864 8190857 8190519 8190857 2760741 2760043 2760741 2760071 2760960 2760770 7790741 2760888 2760743 2760743 2760071 9710772 2760930 2760422 2760888 2760560 2760752 3700857 9040580 9710857 8870580 2760930 2761007 730880 2760422 8870770 2760770 3230519 8870770 730646 7790200 7790200 8870772 8190930 8190930 7790857 7791007 3700580 8870580 3230880 730560 730928 730928 730961 8870580 730580 730743 730043 730212 730212 730212 8870043 2760930 730212
7090973 7790857 9710772 730043 730071 2760772 2760560 2760888 2760743 2760071 2760071 2760071 3470772 8190857 3731010 3731010 8550857 7090973 7090973 7090973 7090973 7090973 2760371 2760960 2760752 7090973 7090973 9711002 520969 730969 8870580 3470043 3470422 2760422 730888 2760371 9710857 3730004 3730004 9040857 8190371 4720969 4720371 8870043 9350924 730857 7790964 5370043 730880 2760071 9710920 2080770 2760888 2760888 7790896 9710782 7790770 8870770 3230880 8870942 2760414 2760414 9710920 2760414 2760414 2760006 9710371 7790741 7790857 5370071 730580 7790888 3470580 730961 5370071 8870888 910857 910857 4040200 7790770 730071 3730580 4720857 8190896 3950896 3230560 2760422 2760772 2760772 8870580 730560 7790894 2760580 730043 7790770 2760580 2760770 7790741 9710857 3731010 3731010 3731010 7090973 8190752 8191007 2760580 8190857 2760006 2760371 7790857 5370741 730741 2760414 2760580 7790964
730857 3730004 730857 730928 910857 3950960 4040200 730580 3730004 3731010 8190857 8190857 8191007 3230519 730580 730928 730560 8870580 2760580 8870422 9040580 8190580 1760973 4630580 8190519 3471023 9040580 9040580 9040580 9040580 9040580 9040580 7790937 730969 3230880 3230880 3730004 8190857 8190857 3700519 3700519 3700772 2760743 8870772 8190857 8870424 8190687 7790857 3700741 8870942 9710371 9710371 3700422 9710743 3700969 5231023 3700519 2760964 9711002 4630857 4630857 3730646 3730646 8190857 9710741 3700741 2760772 9710930 8710519 2760743 5370930 8190371 9350371 2760741 7790752 8190580 1760973 3730004 1760973 4630200 7790964 2760741 4630580 9710969 730071 2760969 2760960 2760646 2760770 7790200 7790896 7790752 1030993 7790857 7790888 9710071 8870743 9040857 9710857 7790371 3700422 2760560 2760371 2760414 2760743 2760560 730646 9711002 730870 9710422 3470857 9040857 4720857 9710371 3700969 730961 730924 730961 731007 4720200 730961 7790200 8870043 8870043 7790857
4720857 4720857 1760973 8191007 8190894 4720857 3950888 730741 7790964 7790741 7790896 7790371 2760580 2760896 3470580 8190894 7790770 730371 730880 730741 3230212 4720772 5370741 8190857 9710741 5231023 4720371 3731010 3731010 4630857 8550857 7790857 9710741 3950960 4720857 8191007 730560 3230212 3230880 3230422 4720857 4720857 7090973 4720857 4720857 2760770 2760770 730752 9040857 8190857 4630913 7790969 731007 731007 7790857 730857 8870770 7090973 8190857 8190770 2760960 2760006 2760741 8711023 7790964 3471023 8190741 9040857 3471023 8190741 2760752 8190942 9710580 9710422 4720857 3471007 9710422 4720371 9710371 9710006 3470422 3700205 3470422 3700741 9710422 3470422 9710422 3470422 9040857 3471023 7790770 8190770 2760752 2760770 9710920 7790888 8870888 3731002 8190646 9710414 9710741 7790894 8870924 7790857 7790857 8190772 8870743 8870043 7790371 7090973 7090973 3700741 730928 3230422 730857 3470580 8870580 8190071 2760924 2760743 2760743 2760924 2760772 2760964 2760964 3250857 3470987 8190646 3470422 2760646 3470772 8190857 3730004 8190857 8190857 3950960 4630913 8190652 7790772 3700580 8870043 8870580 9710772 2760772 3230519 9040772 9710752 2760071 730770 2760964 8870888 8870888 730752 730519 730888 8710519 8870888 3230205 9710205
730646 8870043 2760752 2760770 2760960 8710857 8190071 8710857 8710857 8190857 8710857 7090973 7090973 3470857 3700969 8190741 2760772 9710414 4720371 7790741 7790741 2760741 2760770 3470422 7790371 7790752 2760928 3470772 8870422 7790770 2760043 3230422 731007 3230205 7790371 7790888 730888 2760888 2760960 2760741 2760888 2760752 8190071 2760772 2760888 8870743 730743 8870743 8870743 3700580 4630580 4630580 3230880 3230212 9710864 9710006 9350924 730580 730928 2760006 9040580 4720371 7790857 7790857 730560 2760888 2760888 8870888 2760964 2760741 3470580 9710006 9710580 8870580 730741 8870580 9350924 8870580 8870580 8870580 7090973 8190857 7090973 8190857 7090973 3700857 9040857 3700969 8190857 8190857 8190857 7790857 9350880 8190580 8190857 8190857 8190580 8191023 8190580 8190969 910857 5370043 8190687 7790896 7790896 8190857 8190894 8190580 7790857 7790969 8550857 8550857 9040857 8190857 8190687 8870043 9040857 9040857 9040857 9040857 9040857 8550857 8550857 8550857 9710920 9710920 4990857 9350741 9350770 3700205 3471007
3730004 3470857 8190752 4720857 730580 4720857 8190580 8190580 7090973 7790857 5370043 5370743 5370043 7790857 5370930 7790857 7790857 7790857 8191023 7790200 5370930 6770857 730961 730961 3230880 730646 8190896 8190961 8190961 8190930 3700857 7790857 3250857 3470580 9040580 3700857 8190741 8190942 8870560 8870560 3731002 9040857 8190580 8190942 5370519 3730114 8190519 8190687 2760422 6660857 4990857 730857 5370741 730870 3700205 7790200 8190519 7790200 8190519 1760973 5370930 5370519 5370519 8190741 9710930 3700743 9350519 8190964 7790857 7790964 8190560 9040857 9040857 3730519 8190857 3700857 8190964 8190930 8190857 8190894 3950896 8190580 5370772 7790857 7790857 2760371 8711023 8190964 9350930 8870743 3950888 7790961 8870743 4720200 4720857 910857 910857 8190896 8190857 3730004 3730004 3730519 3950896 8190857 1760973 8191023 8190930 8190772 7790857 7790857 8870772 8190913 8190964 8190964 730857 8870743 9350880 4720772 8190961 3700200 910857 910857 910857 8190896 8190896 730743 8190580 8190580 2760580 8190857 8190964 4630580 8190071 9040857 7790857 5370743 730857 8190580 8191023 8190857 3730646 4630580 3731002 8190519 230857 7790772 5370772 730772 8190964 3730004 3730004 3730004 5370930 7790200 8870969 8870424 7790969 7790969 7790961 5370404 9350772 7790200 8870969 4720857
9710043 8870043 8870043 8870043 730969 8870043 9710782 2080770 7790888 3470043 7790888 8870043 8870888 3470580 3470580 8870043 8870560 8870743 4630857 4630913 8190652 3700422 4720371 7790519 7790424 2760006 9710071 9710071 3700770 3700743 3700422 3700741 7790969 4630857 7090973 7090973 7090973 7090973 3730646 7790770 8870422 9710752 4720371 2760960 2760770 9710422 8711023 8870888 3730519 8190930 9710930 9710864 7790857 8190969 9710969 8710752 2760772 730212 9711002 730646 3470580 9710496 8190770 8190964 3950896 9350519 3930519 8870969 3930519 3700205 730928 730519 730741 7790519 730519 730888 730043 8870580 9711002 3950960 9710496 8870888 3470422 9710920 9710043 8870888 9710371 520969 520969 3700969 9710006 9710864 4720371 9710920 9710006 8870560 7790969 7790969 7790741 7790741 2760414 8870580 7790200 9350924 4720371 8870888 7790371 8870580 730888 7790888 8870743 8870043 5370043 3930857 730741 2760741 3730580 910857 8711023 730743 8870743 3700200 8870743 3700422 2761007 8870924 2760371 8870969 730646 7790969 7790371 7790200 7790857 8870888 8870888 7790969 7790200 3951002 8870969 8870969 8870424 7791007 7790519 7790969 7790519 8710519 9710006 3470772 9710371 3470772 9711002 5231023 9710930 2760043 9710772 7790371 8190741 3470857 3950888 8190071 8190741 3470772 3700519 730888 3470422 9711002 9710006 730371 730741 3230880 2760770 7790371 2760888 2760888 7790752 7790888
4720371 4720371 3230560 9040580 8190964 8710857 9710414 9710920 7090973 9710920 9710920 3470987 8550857 7790424 9710580 2760580 2760752 2760414 7790857 9710414 2760964 8870580 8870580 3700580 8870743 730928 730928 730857 9350560 730857 730857 8190580 8190857 3730646 3470857 8190857 8190770 3470857 8190371 3470987 2760371 730519 730964 3230880 8191007 7790857 7790519 8190580 4720857 730743 730924 8870580 3700580 3700580 8870580 3700770 9040580 9040857 2760646 3230519 3230519 8710857 730888 730924 730857 7790200 2760043 2760043 7790894 7790894 8870924 2760646 2760928 2760772 2760371 9710519 3950888 8710857 8190857 8711023 8190071 2760888 2760560 9710496 2760071 3470043 7790894 3700969 9350519 730580 8870580 2760928 730580 730371 2760928 9040580 4720969 9710743 9350743 9350743 9350930 4990857 730560 2760371 9710743 8711023 7790888 9350519 4720969 7790741 3471023 2760964 4630857 3731002 3730646 4630913 3730646 3730646 8190857 8190857 8711023 2760043 9710043 5231023 730371 730071 3470043 3700743 2760743 2760006 2760743 7790888 2760743 7790888
9040857 9040772 2760560 7790870 7090973 7090973 2760371 9040857 8190857 7090973 7090973 9040857 3950888 9040857 9710864 9710864 2760414 8550857 9710422 2760646 2760414 8870924 9710864 8870924 8190560 7090973 3700857 3700857 3700969 3700969 2760422 8190519 8190519 7790371 7790371 3470772 9710006 3950896 9040857 2760924 9710772 3470043 9040857 3470857 3700200 8870043 8870043 3700580 3700969 3470422 3700422 9040857 8190560 4630913 3930857 8870043 8870043 3700580 8870580 3700580 8870043 9040857 3700969 3700969 3700969 3700969 7090973 8550857 9040857 7790519 2760928
7090973 3700205 3700969 3700741 3470857 7090973 4630913 3950960 9710043 3700422 3470422 2080770 3700743 9710422 9710414 7790371 3470043 9710741 9710920 9710920 8550857 8550857 8190646 9040857 3470857 3700969 3700422 7790964 9710743 9040580 2080770 3230560 7090973 7090973 8550857 8550857 9040857 8550857 8550857 9710920 7090973 8190894 7090973 8550857 4720371 4720772 4720371 8190741 9040857 4720857 3700969 7090973 9710006 8870888 7790964 2760071 3471023 5231023 9710752 9710496 9710969 3470857 9710864 7790741 9710743 9710743 3470580 9710422 9710422 9710043 9040580 3700741 3700741 8190964 8190896 7790894 7790964 7790964 7790937 8870770
9710006 9710920 9040857 7090973 3950888 4720371 2080770 7790964 3470580 7790894 3470422 3950896 9040857 9040857 9710741 3950960 7790770 3950888 9710741 3700770 9710496 9710580 3700580 3470422 9710414 8550857 3470857 9710857 3730004 7090973 8190652 8550857 9710741 9710205 8190896 3470857 3700205 520969 3700969 9710422 3700580 3700969 7090973 8550857 8550857 9040857 9350741 910857 3471023 2760964 7790519 7790752 7790519 7790964 7790894 2760770 2080770 2760888 2760888 7790519 3471007 4720969 7791007 9710969 9710371 3700741 3730004 8190930 9350560 7790857 8191007 8870888 730857 7790964 8870560 8870422 7790752 8870772 8870743 7790424 7790424 8870560 8870888 8870560 7790371 8870560 7790969
4720857 9710857 9040857 3700857 9350928 9350942 730560 8870580 3730004 3730004 8190930 5370930 7790857 730519 7090973 8190857 9710580 8710752 9710071 8711023 730888 9710043 8711023 9710519 2760964 7790896 7790371 7790371 7790424 7790424 8870743 7790741 8190770 7790857 7790969 3950888 7790519 7790752 3471007 3471007 3471007 3471023 8870580 4720371 4720371 3471007 7790896 8190371 9710006 3700969 9710006 4040200 8190969 8870560 5231023 9710864 3950960 3950960 3950960 7790857
3950888 730964 8870942 9710782 9710422 3950896 9710741 9040857 9040857 9710580 730646 730212 3700743 8870422 8190964 7790857 730043 8870043 3700519 9710422 3470422 3700422 9040772 9710006 7790371 730969 730969 730646 8870770 7090973 7790896 8711023 9710580 2760414 9710414 9710414 9710741 7790961 7790964 7790888 3470772 7790964 7790896 8870743 730888 7790964 8870969 4040200 4720200 730212 8870743 3700770 3700741 3700770 7790741 8870888 8870743 3700580 3950896 3470580 3700580 3700580 9350924 9710920 3471023 7790964 7790964
2080770 3700770 7790772 8870969 7090973 7090973 7090973 7090973 3950960 3470857 3700772 2760969 9710772 7790770 9710519 9710414 4040200 9710422 3230205 8870770 3470043 9710772 7790770 9040772 9710006 9710772 8870888 8870743 8190071 9040857 8550857 9040857 8190961 8190071 9710205 8190560 7790857 7790888 8550857 9710920 7790888 8870772 9710519 9710864 8710752 9710752 9710752 9710920 7790857 7090973 730741 8870772 8870969 4040200 7790961 730969 4720969 730646 8870772 8870772 7790969 3700969 7790888 730969 730928 8870969 8870969 4040200 730772 730071 730928 730888 730928 730071 730770 9710422 3470987 9710422 3730519 9710920 9710920 3950888 3700205 9710205 7790371 2760888 3700772 8870043 8870043 8870043 7790894 7790752 9710371 9710969 9710743 9710496 8190857 8190652 8711023 9710857 2080770 9710071 9710752 3950960 7790888 7790937 3950896 3700741 8190752 3950896 730752 3470043 7790896 2760646 9710496 9710414 7790896 7790964 3950896 9710414 3700741 3950888 7790937 9710043
3700422 5370930 7790857 9710930 9710864 9350924 7790857 8190930 8190857 3731023 3731010 8190857 3730646 3470857 9040857 9040857 3470857 3470043 9710422 7790741 3731002 9710743 3700205 8190857 7090973 8190646 8190896 3470857 7790896 9040772 9710772 2760043 3930857 9710743 9710741 3700422 8190857 8190741 8190371 2760371 7790964 2760888 7791007 730961 730752 3950888 5370930 230857 730888 3470043 730888 6660930 9710422 9710422 2760071 8870560 9350752 9040580 9040857 9040857 2760422 3230422 9711002 8870560 730200 3230422 8870422 9350741 3730928 730857 730857 3700772 3700857 8870772 730812 730880 9350770 3730580 9350519 4720200 730857 730857 2760043 3470772 7790770 7790752 7790857 9710371 7790752 7790741 2760743 2760770 3470772 7790741 3470772 730880 2760888 3470580 7790894 250200 3471023 9710920 8870888 9710006 9710422 3230880 8190741 8550857 7790857 7790857 7790857 7790857 7790200 7790857 3950960 8870770 9710414 2760924 2760770 9710930 9710930 7790896 7790741 7790752 9710371 3950888 9710743 2760772 9710414 2760741 7790857 7790857 7790371 7790937
7790741 730924 9710772 3730004 3730004 3730004 2760772 730928 730888 730580 730371 8870043 730371 730043 730743 2760071 2760422 2760422 8870772 2760071 2760371 7790741 2760964 9710743 2760371 7790741 730928 730969 730870 730646 8870580 8870743 9350741 7790371 7790770 3471023 8190580 7090973 7790857 7790770 2760371 8190857 8190772 8190770 3470772 3470987 2760752 730772 2760928 2760960 2760928 7790752 5231023 730043 8190894 9710741 3470772 730870 730371 9710414 9710006 2760928 730743 5370743 2760964 7790857 8190772 9040857 8190857 8190646 7790857 7790969 8870424 3731010 3730004 3950888 8550857 730071 9710864 730924 7790741 7790964 7790741 730928 9710969 7790857 8190371 9710371 9710857 8190371 7790857 3471023 7790964 2760741 730969 2760924 2760743 7790964 2760924 2760924 2760888 730928 730743 9710043 7790741 730928 730646 730924 730924 7790752 2760752 2760930 2760741 6660930 230857 3731002 730857 2760580 8870043 3730993 3730993 8190857 8190752 3250857 8870743 9350741 5370371 8190071 8190071 9350752 7790857 7790857 7790741 9710496 4720371 7790741 7790200 8190772 3731002 8190857 5370743 730646 8191007 3700741 9710741 8870043 7790424 9710580 730857 4630580 9710857 9710857 5370772 2760930 2760422 2760741 730857 730743 8190687 3470857 8190580
7790964 9040857 7790964 7790964 730964 8870772 2760772 2760772 7790896 9710772 8870743 8870888 3471023 2760043 730870 730928 2760928 8870772 730870 2760006 2760043 9710371 9350560 3950896 7790964 2760071 730870 730870 8190857 2760422 7090973 8190930 7090973 8190857 7790857 7790937 7790894 2760043 7790894 7790896 2760560 2760772 7790870 2760560 8190646 4630913 2760928 731007 730741 730812 3470043 7790371 3470772 7790741 3470422 8190964 730964 730961 9710071 8870743 9710422 9710743 8711023 3950896 8190741 730812 9710422 3230422 3950960 3950888 3230560 3700741 3230205 3730004 8190857 8710857 9710752 9710414 3471023 7791007 9710969 9710205 9710205 9710371 9710071 3470422 8190071 8190519 9710969 9710969
3470857 4630580 3470857 3470857 7790896 8190580 8190071 2760580 2760043 2760928 4630580 4630580 4630857 8190071 4720371 9710920 9710920 9710920 1760973 9350371 4720857 4630913 4630913 7790857 3470043 9710969 2080770 3470043 9710071 9040580 8190580 9710969 9710743 1030638 9350743 1760973 9710920 8711023 9710920 3700205 9710920 2760964 7790519 2760964 3730004 8190857 8190961 9710205 9350560 9710969 8190857 4630857 730924 9710071 9710752 2080770 7790741 9710496 8870043 9710920 9710920 9710071 8190071 3731023 8190894 7790857 7790857 9710772 7790741 3470987 7790200 3731023 1760973 1760973 1760973 7790857 2760414 3470043 7790857 3471023 9710920 7790894 8190752 1760973 8190930
9710752 9710752 8710752 8190857 9710371 730071 2760371 2760888 2760924 8711023 9710741 4630200 7790937 8870743 8710519 9710743 9350928 8190894 3730004 3730004 3730646 8191023 730371 8190580 9710743 9710864 7790857 2760006 2760371 9710782 9710743 9710006 9710422 8190857 8190560 7790752 2760752 2760414 230857 3730580 3731002 3730580 8190857 7790857 7530857 3730114 3730646 3730993 9710071 9710205 3700519 730752 8190071 8190964 9710752 9710414 9710920 7790964 3700205 9710741 3471023 8190894 9710371 8710752 3700200 3230880 3730646 8190646 8190857 2760006 9710422 3230205 2760752 3700969 9710371 8870770 730880 3700422 9710422 3700770 9710752 8190652 3471023 8190770 3250857 8550857 730770 2760580 2760752 8870770 7790752 7790752 3470772 8190687 3730519 2760741 9710580 2760371 8711023 3470857 3470857 3470857 9040857 3930857 730743 8870969 2760560 3730646 9040857
7980973 8870969 8870969 730969 910857 8870969 8870969 8870969 910857 5370743 9350743 8870743 3230519 730857 730857 730857 730857 730043 8870043 8870580 8870043 7790424 9710782 9350928 2760960 8710857 3950888 3471023 3470422 9710519 6660930 6660857 730812 8190857 8190857 7090973 3730993 3730765 3730993 6760646 8190741 8190857 8190857 8190857 3470857 8190857 8190913 8190700 8870770 7790371 5370043 9350519 730857 7790857 7790424 8870924 230857 730560 9710930 230857 2760888 2760752 9710752 2760752 8711023 2760770 730770 2760964 2760752 730741 8870580 8870770 730371 730857 8190580 730857 730857 9350752 4990857 9350930 6660857 6660930 730071 730743 730743 730371 730928 730743 730071 9350560 730857 730857 730857 730743 730646 730928 8870424 730888 8870743 8870743 8870743 8870424 7790969 8710857 9350930 1030638 7980973 3730241 9350519 9350371 2760894 2760960 9710580 3471007 5370829 2760896 730880 3730200 2370973 1030292 7980973 1760973 8190857 6350857 9350942 730200
730812 2760894 2760960 9710772 7790772 2760964 2760071 3230880 9710920 2080770 9710743 3700743 3700743 3700519 730880 3700422 730888 730812 9350743 2760071 2760743 2760580 2760752 3730004 8190930 8190741 8190741 8190770 9710414 3950960 3950960 8190519 3470422 3471023 3471023 7090973 7090973 7090973 8190913 7090973 8190770 8710857 3700205 9710205 3700969 3700770 3700770 3700770 9710422 8870560 3470857 9040857 3470857 9710857 9040857 2760371 2760043 2760414 2760414 2760743 2760043 2760924 3470772 9040772 8190519 8190519 8190857 9040857 7790857 2760071 7790964 8870772 3700772 7790894 3700770 9040857 3470857 9040857 9350880 9710772 9710772
9710741 8190560 8190560 3470857 9710414 9710496 3470857 9040857 9040857 8190519 8190857 7090973 7090973 8190770 2080770 9710496 7790752 2760414 8190519 7790371 9040857 9040857 730857 3700580 8190857 8190913 9040857 7790371 3470422 9710864 9710864 9710864 3700741 7790857 730924 9710782 8190071 8190964 3700857 8710752 9710414 9710969 9710969 8190857 9710743 9710071 8710857 3730004 8190560 8710857 4720857 3230205 3230519 3230212 3700422 4720200 4720857 3930519 3930519 3930519 3930519 3930519 8190857 8190519 3950896 9710071 3950888 3230880 3700969 8190404 8710857 3700770 9710071 9710782 9710422 2760770 9040580 9710741 9710422 9710205 3700422 9710006 3470987 7790371 5370043 2760071 7790857 7790964 3950888 9710580 7790770 2760770 9710414 8711023 9710743 9710969 9710071 7790870 2760924 3471023 2760006 9710743 9710071 9710071 7790896 7790964 3470857 9710743 9710071 9710920
7790752 3470043 9040772 7090973 8190857 8190071 2760422 7790857 9710422 3730580 4630857 4630580 9040857 8550857 9710743 9710741 8190857 9040857 9710371 9710752 9710752 9710071 3470857 3470857 7790964 3700422 3730646 3730646 9710496 9710414 9710496 9040857 730560 3470857 9710496 9710414 8710752 3471007 9710580 7790896 9710743 730752 8870770 9710071 9710580 9710743 4720371 3470857 7790200 3950888 2760741 730212 9350741 8190969 8190857 910857 910857 8190646 4720857 8190646 8190770 9710741 3700741 3700741 8190071 3730580 8190857 7090973 3950888 3470857
5370930 7790964 3700770 9710071 7790896 2760964 730857 730857 8710519 1031010 1760973 8190857 8190894 3230422 3230205 730371 8870560 9040772 9710371 9040772 9040772 7790961 3470987 9710071 3470580 3700770 7790770 7790424 7790770 7790937 3470987 9710782 2761007 8710519 3471007 2761007 2761007 2760580 7790888 2760580 3470987 9710071 730743 4720371 3470580 3470580 9710071 9710920 2080770 2080770 3471007 9710743 9710920 3470987 7790964 9710519 730888 730743 2760071 7790964 3470772 3470772 7790969 7790969 7790969 9710743 3700770 9710969 2760743 8870770 8870969 8870969 8870969 9710920 9710969 2760924 9710969 9711002 2760969 730741 8870969 9710782 7790888 9710071 9710920 3470422 9710006 8190857 3731010 3730004 4630857 7090973 8190964 8190772 3700772 8870580 3700743 8870743 8870422
9040580 7790888 3700741 8870743 2760896 2760743 3470043 9040772 9040772 9040772 3470580 7790894 7790741 3470580 8190752 8190857 8190857 9710006 7790371 2760741 9710071 3470580 3470987 9710969 8710752 9710743 3470987 1760973 3700519 8190071 3471023 9710071 8710857 8190857 7090973 1760973 9040857 9040857 8190071 3930857 8190560 8190894 3950888 3700770 8190687 250200 9710371 3950888 9710752 3700741 8710752 8710752 8710752 9710920 3730993 3730928 9350743 3700857 3730646 3731010 8190857 3730646 8190964 3930857
3470857 3470580 9710422 9710205 3700743 5231023 3731023 3731023 4630200 8190857 3230880 731007 3731023 3731023 3731010 3731023 3731002 8190857 7090973 8190857 8190857 2760371 2760964 8190371 8190896 2760924 3470857 8190857 1760973 8190519 8190772 8190772 2760772 2760646 1030993 7790894 7790770 3470043 7790964 8190772 9710864 9710422 2760770 8190930 8190857 8190857 8190857 5370519 2760930 8190772 8190404 7790888 9040772 8190404 2760894 8190687 3731023 6660930 7790894 8190560 3730200 7980973 1760973 9350772 3730004 8190772 7790888 7790857 9710371 5231023 6990200 7790857 2760580 730580 3731023 3730601 4630200 3730646 3730601 730812 7790857 6350601 2760770 2760646 2760894 8190519 7790857 2760928 8190741 8190894 3730004 1760973 3730114 1760973 1760973 1760973 8190930 3230560 4720371 3700580 9710414 9710857 3730646 8190772 8190857 9710043 9710422 7090973 8190857 8190857 8190857 8190857 8190857 8190857 8190857 8190857 8190857 8190857 9350880 9040857 8190857 3700857 9350888 8190857 3730928 8190969 520969 520969 520969
3700741 8190580 8870770 9711002 9040857 9040857 7790857 9711002 8870772 8870942 8190071 8190930 5231023 9711002 7790969 9710743 3700743 8190969 3731002 8190560 2760006 9040857 8190913 8190560 7790857 8190894 3470857 8190560 9040857 8190687 8190964 3470857 8190371 8190741 9350924 3731002 5231023 5231023 9710006 7790371 9040857 9040857 9350741 8870743 8190687 3470857 8870942 3731002 3730241 9350752 7790857 8190371 8190071 8190371 3470857 8190741 3470857 3471023 8190829 8190404 8190700 7980973 3731002 7790857 2760924 3700519 3470422 520969 3700519 8870743 9710920 8190942 8190964 9040580 3731002 9350930 8190752 8190687 7790894 7790371 8190580 3470580 8870743 9710071 8190964 9350888 3470857 8711023 8190964 7790888 9040772 9350930 5231023 9710006 9710006 9710006 3950896 3471023 7790741 9710743 9040857 9350924 9710422 8190371 9710857 8190913 7790888 5370930 8190772 7790857 8190942 8190371 9350942 9710205 2760560 8190560 9350880 7790857 8190071 9040857 3250857 2760071 2760743 7790752 3731002 3730241 7980973 5370404 9710205 2760580 3700200 3700422 7980973 3730580 8190896 230857 5370071 730857 3730580 3730580 230857 230857 2760043 230857 7310646 7310646 2760043 2760743 2760896 8190519 3700200 5370743 7310646 3250857 9710006 7790371 9710006 3700519 9040580 7790964 8870969 8870743 7790371 9710422 2760371 8190829
9350930 9350930 730857 9350752 6760857 3731023 8190857 3731002 3731002 3730004 5370371 8710857 9350930 5231023 3730004 3731010 3730004 3730004 3731002 1760973 8190857 9350371 730857 2760930 9350930 9350880 9710930 2760752 9350930 3731002 9350752 9350880 2760924 5370071 8190772 2760964 3730200 3730004 3730004 3730004 6350857 5231023 6350857 9350930 9350752 9350752 6760857 4990857 9350371 2760964 6660857 2760969 2760894 8190857 6350857 3730004 3731002 8710857 5231023 5231023 730857 9350371 9350371 9350371 7530857 9710782 9710782 3730004 3730004 9350371 3730241 3730004 2760071 9350888 9350770 6660857 6660857 9350888 9350772 9350930 6660857 9710930 6660857 6660857 6660857 3930857 6660857 230857 6660857 9350752 8710857 9350743 6660857 9350928 2760888 730371 730812 9350880 7980973 9350752 6660857 6660857 9710743 6660930 9350560 9350741 730371 6660857 9350519 9350880 730888 9350752 6660857 730857 6660857 9350741 9350743 10110857 6660857 6660857
3700422 230857 3730004 3730004 9350880 3230212 7980973 7980973 7980973 3470772 7790964 3470772 731007 7980973 7980973 9350772 730857 8870580 7790200 8870043 7790857 7790772 7790424 8190580 7790772 5370043 7790200 7790200 7790937 6660930 730880 3730519 8190964 3700743 3700969 4990857 3950896 4040200 730857 3730519 230857 8190772 7790772 2760772 8190519 7790870 7790857 730646 7090973 8190942 3730241 3730241 3700969 9710857 9710857 5370071 8190896 3470580 7790894 3471023 8190652 3250857 8870043 8870580 7790857 730857 3700969
7790870 4630580 1760973 8190857 7980973 9350752 7790200 7790870 8711023 2760888 2760888 8710519 3730928 3730004 3731010 3731010 3730646 8190071 8550857 3731002 730857 5370930 9350772 7790888 3731002 8190930 5370741 8190857 8190741 8190772 3730004 8190580 8190857 7090973 910857 3471023 9040857 7790371 8190770 3950960 7790857 7090973 8190857 8190857 7090973 8190857 7090973 7090973 7790857 3250857 8870743 9710071 9710414 9040857 5370741 8190580 230857 9710371 7090973 7090973 8190913 8190071 9710969 8710519 8190896 8190071 9710857 730857 9710752 8710752 8190770 8710857 8710857 3470857 8190964 8190770 2760752 5370741 3730004 5370930 1030638 1760973 5370743 9350741
8870422 3470422 8870770 3700205 8190857 9040857 8190560 3230205 730371 9350741 8190580 3470580 4720857 2760743 9710414 9710371 4630580 3730580 9350371 9710496 7790964 9710414 9710920 8190857 8190857 8190519 8190741 9710857 9710969 2760964 3700743 730580 2760371 2760560 2760560 2760646 8190894 3470772 2760743 2760741 8710519 9710580 9710422 7790741 7790964 7090973 9710772 3470772 7790894 9710371 3731010 3730519 6350857 2760752 8710857 8710857 9710752 2370973 2370973 2370973 2370973 3731023 3730646 3730993 8870580 8870580 7790894 8870770 8190857 3730004 3731010 3731010 3730646 3730646 3730993 9710857 8710857 9710071 3730004 3470857 8550857 730743 3230880 2760964 8870743 9710580 9710857 9710422 9710580 9710857 2760770 2760422 2760964 9710422 2760969 9710743
7790961 7790870 7790200 7790857 1760973 8190930 4720371 2760888 8711023 7790857 2760752 730924 9710969 1030638 9710741 4630857 4630913 7790857 8190519 2760741 2760006 9710864 8190071 8190857 8190071 730964 8190857 2760894 9710519 3700519 9040857 9710371 9710371 9710371 9710006 3950888 7790969 7790424 7790424 3730004 1760973 8190071 5370071 2760964 3731010 4630580 7090973 2760888 9350772 3700969 3951002 7790200 730857 8870924 1760973 1030638 730371 9350924 3230422 730371 730560 9710580 3470580 9710006 9710741 8190752 3470857 3230422 3700205 3230205 2760560 3230205 8190961 7790200 7790894 8190857 8190857 7090973 8190930 8190930 8190930 8190857 1760973
9040857 7790888 3731002 1760973 9350772 5370772 7790371 8190560 8190964 230857 2760741 10110857 8190857 8190857 2760888 3730646 3730200 1760973 3731023 3730004 230857 5370371 9710580 6660930 2760930 730371 730071 3700743 9040580 8190857 8190857 730857 730212 8870560 8870743 7790424 2760928 230857 3730519 10110857 8190741 8190752 8190519 9350928 9350560 730371 2760580 3700580 9710580 9710969 9350743 6990200 2760743 2760743 7790857 7790964 2760752 8190519 6760601 6660857 730519 730580 8870580 4720371 8870580 9040580 5370043 8191023 5371023 7790200 7790857 7790964 4630200 3731023 730580 730071 7790894 9040580 2760752 8190857 8190857 2760930 2760964 8711023 3470580 3700770 6660930 6660930 9350880 7980973 730857 7310646 6660857 8870580
9350743 3731010 3730004 3731002 9350772 730770 9350930 9350880 9710930 9350772 9350770 9350930 3731002 9350741 3731023 3731023 3730004 3730004 1760973 3731002 3731002 7980973 9350772 9350930 6660857 3730004 3731010 3730004 3730519 3730004 8190519 6760857 9350743 8190770 3250857 2760960 2760770 2760894 2760752 8190752 3730004 7980973 3730004 3730004 3730004 10110857 3730004 9350770 9350924 9350371 9350560 8190580 9350888 10110857 8190969 9350741 5370371 9350741 9710969 9350772 4990857 5370743 9350741 9350743 5370371 6660857 3930857 7980973 3731002 3730993 3930857 6660857 9350371 9710772 9350371 3731002 8190371 9710930 9350772 8190857 9710782 2760888 8710752 10110857 3730004 8190741 3730580 3730004 2760894 9350942 6660857 6660857 9350930 9350752 7980973 6660857 9350880 6660857 6660857 9350743 8190519 6660857 230857 9350741 9350743 9350743 3930519 3930519 730371 7790857 2760896 9350752 9350560 10140652 7310646 6660857 5370743 230857 9710930 5231023 3730200 3730004 6660857 6660857 10110857 3230422 730857 6660930 730752
8190560 8190560 9710772 3730004 3730519 3730004 3730580 9710857 3470857 8190071 8190071 8190071 8190687 2370973 2370973 4630200 9710519 2760964 9350743 9710496 7790371 7790752 3950896 7790964 3230880 3700205 9350560 9350560 2760741 8190857 3730004 2760772 2760741 3731010 8190752 2760772 2760772 2760772 3230519 730888 3230519 3950960 7790937 7790741 2760043 6660857 2760930 8190964 8870743 730857 6660930 2760960 3230560 5231023 8870580 9040580 9040857 9040857 730969 730770 8710519 7790770 730772 2760770 7790961 9711002 7790888 7790894 3700772 3950888 9710371 3950888 9040857 9040580 7790371 8190961 7790961 7790857 7790857 5370743
8711023 2760071 9711002 3700969 9350752 8190857 8190969 730857 3700772 9711002 7790896 9350772 8711023 730071 9710743 9710857 9350371 9710930 730752 8870580 9350752 8870580 8870580 730371 730560 8870424 3700205 8870770 8870888 3700580 8870422 8870560 3700741 8870924 8870743 8870969 3700969 8870969 3700205 9710741 3700422 8711023 8190687 3730004 3730004 8190857 8190857 8190857 8190857 9040857 8190580 9350928 8710857 910857 9710857 8190752 9350743 9350743 9350880 2760930 9350560 730924 9350924 730924 9350741 8870770 8870770 8870772 9350743 8190857 8190857 8190371 8190857 8190857 910857 8190857 8190560 3700857 3700969 8870743 730741 730924 730928 730741 8870580 8870580 8870043 8870770 8870969 730741 730560 9711002 8870969 7790937 8870580 9350942 8710857 8190071 730770 8711023 9710772 9350772 730880 9350772 730772 2760371 730741 9350741 8870422 9350772 730741 8190741 730812 9350880 8190772 730741 9040772 3700200 730880 730924 730924 8870969 730043 730969 730969 7790969 8870580 730857 730857 730857 730743 8870772 9350888 8870043 8870424 730928 8870743 8870743 730371 3700200 8870422 8190772 3700772 8870770 730857 8870743 730741 731007 730071 9710496 8870969 3700200 3700743 3700200
8870580 3470043 7790964 8870888 8870924 8870888 8870888 3950960 9040580 2080770 2760964 9710414 3730004 8190371 3470857 9350743 9350924 3730519 9710496 8710752 8190770 8190969 730964 9710857 4720857 8190896 8190964 8190741 8190857 3730004 8190770 8190071 3470857 9710857 7790870 4720772 8190857 2760071 2760743 4720371 8190857 1760973 8190896 9710930 730969 9710857 9711002 730770 5231023 9710752 8190741 8190071 3471007 9710782 4630200 8190519 8190519 730964 8710752 2760894 2760888 9710969 9710414 9350371 8190752 9710743 9710782 9710580 9710782 5231023 9710205 8190857 9710371 8190896 9710752 9710743 8710752 3950888 9040580 3730004 2760414 8190741 8190857 8190857 7090973 9710496 9710741 2760414
8550857 910857 2760928 7790888 7790752 8870560 8190857 8191023 8190857 8190772 8190913 4880973 8870422 730857 730857 730212 3700422 8190930 8190857 9350560 9350924 8870580 730857 730770 9350880 9350741 9710930 8870770 9350741 910857 8190969 910857 8190969 8190969 9040580 9040857 3230422 8870888 9350924 8710519 9710422 3930519 5370772 2760930 8190894 8190687 9710782 730888 9710371 9710371 9710371 9710371 9710371 9710205 9710782 9710752 9710857 9710741 9710920 9350880 8190371 8870942 7790961 2760960 3470043 8870942 8711023 9350741 3930519 730212 9710772 3700772 8710857 8710857 9710741 9710414 8870770 2760896 8870888
9040857 9040857 8550857 8550857 3950896 9040857 9040857 9040857 3950896 9040857 9040857 9040857 9040857 3730519 9350880 9710741 9710930 9710414 9710741 730212 8190519 730857 6760857 8190404 8190942 730857 730857 7790969 5370743 9350519 9350880 10110857 8190942 8190930 9350888 8870743 9350772 3730004 10110857 5370071 8870424 8190560 2760422 8190560 5370741 8870580 2760580 8190580 8190071 8190519 8190772 8190857 8190857 8190857 8190071 3730519 8190857 9710857 7790870 7790969 9040580 7790969 4040200 7790969 730743 730580 9710864 8190964 3730004 3730004 8190770 730743 8870888 2080770 2760770 3471007 8190896 3700770 9350743 8870580 8870888 8870772 730857 3730004 3730928 8190857 8190857 8190857 8870424 8190580 4720857 9710422 7790741 3700580 8870422 8190857 1760973 3731023 3730928 3730928 3730004 8190857 8190857 8190913 8870969 7790857 8870969 8190071 9350880 8870743 3730004 3730004 9710857 8190741 9710782 7790964 8190857
3700422 3700422 9710422 9710422 3700422 3700741 3700422 3700422 9710422 8870888 730770 2760741 9710864 9710741 9710741 9710864 9710864 9710864 3700741 3700772 3700422 3700422 3700772 730928 3700580 3700200 3470580 730812 9710205 3700200 3700519 8870772 3700772 9710205 3700519 8870770 3700205 3700200 3700743 3700772 3700741 7790741 3700580 3700772 3700772 3700772 3700205 9711002 8870560 730770 9710752 8870043 3700770 3700772 5231023 2760960 3700770 730928 730928 2760741 730870 730071 730741 3700770 9711002 9350924 5231023 3700772 9710930 9350772 3700772 730071 730560 3700741 3700770 8711023 3700969 3700519 730888 730888 9710782 9710205 3230560 9710043 9710580 7790857 8870888 8870888 9710496 3700580 3700580 2760580 730071 9350371 9350371 730371 9350371 9350371 730071 9350924 730857 730857 730857 9350752 9350743 8190071 5231023 730371 9350741 2760414 2760960 2760371 2760964 2760043 2760043 9710371 730741 9710043 2760371 9710371 7790937 8870043 2760043 7790969 8870743 7790969 7790371 8870043 8870942 9040772
7790200 3730241 3930857 3470772 9710857 9710857 9710496 9710071 8190857 9710969 9710782 2760964 9710857 8190964 230857 8190964 3230212 7790752 3730004 3730646 8190857 9710743 7090973 3470857 730880 3230560 8190371 3470857 9710857 8870743 730924 3470580 8190857 8190752 9710743 9710414 9710371 9710743 9710920 8710857 5231023 3470772 9040772 8190071 8190857 8190687 9710772 8870580 2760752 3470580 4720772 9710043 9710414 3470043 3470043 3470043 3470043 7790964 7790888 8870043 7790894 7790741 7790894 7790741 7790371 7790741 7790894 7790741 3731010 8190741 8190371 9710496 7790896 730857 9710496 8190857 8190857 9710857 8710857 8710752 7090973 8190857 3470857 3470857 3950960 8870770 3470857 730071 9710006 3230205 9710496 9710043 8870942 2080770 2760043 6990200 8190071 8190857 8710857 9710743 4720371 8870888 8190857 8190857 8190560 8190857 8190646 9040857 8550857 3470857
2760371 2760741 7790857 3950888 2760896 7790741 3470857 3950896 8190580 9710006 5231023 9040772 9711002 5370741 5231023 9711002 9710371 5231023 3471023 9710857 8190894 8190857 8190857 3730993 9710930 9710071 9710857 9710930 9350930 9350930 9350930 8190930 8190752 5231023 9710371 5231023 8190857 8190857 5231023 2760772 2760772 8190857 4630857 8190741 8190741 9710857 9710857 8190857 8190857 9350560 8190560 3470857 8190560 8190560 8190560 8550857 3730646 8190857 8190857 8190857 8190857 8190857 9040857 9710422 9710205 8870424 9710371 230857 8870888 9710752 9710043 3730004 8190964 3950888 3700205 9710743 2760741 3470043 3950960 9710857 9710205 7790964 9040857 3730004 3730580 8190752 8190961 3700857 9711002 730964 3230560 9710371 3471007 3470857 3700743 3470857 9040857 8190741 9710864 2760371 9710864 3700857 2760964 3470857 9710857 9710496 8190857 9350930 8870422 2760560 9040580 8190646 4630580 9710205 8190772 8190071 5231023 5231023 8190894 8190896 8190752
8190857 8190896 3700770 8710857 8190770 7790896 8190894 3470857 3700743 9710371 9710752 3230560 5370371 2760960 9350880 8190741 9040857 2080770 8710752 9710071 8710857 9710071 9710414 9710071 9710071 9710920 3470857 8190930 8190857 8190519 8710857 2760896 8190964 8190894 3471007 9710071 9710920 3470857 3470580 9710864 8710752 3700741 8190770 9710743 2080770 8190071 8190071 7790857 8191023 8191023 8191023 8190930 8190646 4630200 7790857 4630857 7090973 7790857 8190857 8190857 8190857 8190646 7790857 8711023 9350924 8190371 2760752 3470987 8190560 2760772 230857 8710857 2760752 9710205 9710496 9710752 9710920 9710741 3700857 3700857 3700857 9710743 9710930 9350560 8190894 8190961 9710496 8190752 8190857 8190857 8190741 9350752 8190741 8190857 8710752 3470987 9040857 3930519 8190969 9710864
3930857 730371 9350741 730071 9350371 9710371 3730004 9350741 8190942 9350888 3700857 3930857 3470857 9350942 9710857 910857 3930857 9350770 3930857 9350743 9350924 730741 730580 3700772 9350770 10110857 9710772 230857 9350880 8190857 730560 3700857 3700857 8190913 3930857 8870969 520969 8190560 8870969 8870743 8870924 2760741 9710741 3930519 3930857 9350752 4720200 730580 2760888 3230212 9710414 730519 730924 730857 8190770 8190896 730857 8870942 730924 8190752 3700205 5231023 8191007 4720857 3470857 8870888 2760043 8870772 9710857 9710969 4040200 8190741 8190687 8190857 3730004 8190969 910857 9350880 910857 5370930 730857 730857 730741 3700743 730560 3700200 3700857 3700200 9710782 9710371 9710782 3730004 9350371 9040857 3930519 730969 730371 8190961 8710752 9710741 8190741 8710752 3950960 9710006 9350888 9350741 3700200 520969 3700857 8870969 3700200 9350942 9350928 10110857 730646 730857 8870043 9710414 730741 9710071
4040200 4040200 7790857 3730519 4720857 730043 2760964 2760964 9710857 3731010 1760973 3730004 3730646 1760973 1760973 7090973 4630857 7090973 8190857 7090973 8190580 8190961 9040857 4040200 730924 9710864 730964 9710772 4720200 730560 3230560 730560 9350560 730752 730857 7980973 3730004 1760973 8190894 5370741 730071 730857 730560 2760071 3930857 9350741 3930857 8190969 7980973 8190969 4630200 4630580 8190857 4630580 8191023 4630200 8190857 3730004 7090973 4630200 8190857 8190857 8191007 8191007 8190857 8190772 8190857 3250857 9350560 9710496 4720200 7790969 9040580 7790961 730743 730743 2760752 8870770 8190071 8870969 8870969 5370404 4040200 910857 910857 9350741 730371 8190857 8190741 3730004 9350519 7790857 7790857 2760928 9350601 2760580 2760969 8870580 2760580 2760580 2760580 2760752 2760969 730071 2760928 9350519 2760743 2760770 2760752 9710519 7790888 2760930 2760928 2760894 2760422 2760896 7790894 7790894 2760071 2760896 730743 9710782 9710071 9710422 2760928
3470857 730371 9710580 9710043 2760888 8711023 8870770 8190741 3470987 3470772 9710857 2760043 3470422 9710205 9710414 7790770 3471023 9710743 9710496 9710371 2760071 2760743 2760371 8190519 8190580 3950896 3700969 9040580 3950896 9710752 3700770 9710414 3700743 3700422 9710741 3700770 730043 730071 2760752 2760770 7790752 9710920 7790896 9710519 7790896 7790519 7790770 7790896 3470987 3700969 8870924 8710857 8190752 9350770 3470857 2760894 9710772 9710580 9710496 3470580 9710741 8710857 9710414 9710920 3950888 9710857 7790857 9710752 9710920 9710772 9710496 7790770 3471023 8190961 9710857 9710205
5370371 3230205 8870580 3230212 9710422 3730004 9710006 730580 9710580 730580 8190580 9710752 730812 7790752 9710414 3730646 4630580 8190857 8190857 8190964 3470857 3470580 9710580 3470580 3700200 230857 9710519 3730004 5231023 9710772 730964 3230519 9710496 3930857 3930857 8190857 8190969 8190969 8190913 8190913 9710205 7530857 8870969 8190371 9350519 7790371 9710519 9710205 9710743 9350752 3700741 3700200 7790896 3950960 3730114 8190857 8190857 8190857 8190687 9350880 9710857 230857 2760006 2760924 2760924 6760857 730857 9710071 9710857 3700200 9710422 9710371 3700205 9711002 730371 2760580 2760422 8870580 9710752 8710752 8870770 9040772 8870560 7790896 3470043 730071 9710043 2760752 730071 2760924 8870888 9040772 7790961 9040772 3471023 8870772 9710772 7790371 9040772 8870043 7790371 3950960 7790741 7790741 7790969 3731010 6760857 8710857 9710071 8190857 8870770 9710043 8710752 9710752 8710857 3930857 3700969 9350743 3930857
9040857 7090973 8190930 7090973 7090973 8190894 8711023 9711002 9710752 9710496 9710782 3230205 2760743 2080770 8190857 9710857 8190071 8190770 8190857 8190857 8190560 8190071 8190770 8190560 9710772 9710772 3730004 8190857 3730004 8190857 3730004 9710857 7090973 9040857 9040857 3470043 9710519 9710857 3470772 8190772 3700772 3731010 3731010 7090973 8190857 7090973 8190857 8190741 3470857 8190770 7790741 3950888 9710857 9040857 9710741 8190770 9710930 7790752 8870888 9710743 9710752 9710752 7090973 3730004 2760371 3700205 8870888 3731023 8190857 3730004 3730004 3731010 7090973 4630857 7090973 7090973 3730004 8190857 8190857 8190857 9710371 3700857 9710496 3700857 9710930 9710422 2760896 3700422 3731010 7090973 8190857 7090973 8190857 7090973 4630857 7090973 7090973 7090973 3700857 9040857 8190857 3731002 8190857 8190857 2760371 3700857 8710857 3470772 7790888 7790896 7790200 7790857 7790857 7790857 7090973 7790857 8190519 8190741 8190071 8870969 9710422 730770 3230212 2760924 3930857 2760930 6660857 8191023 3730004 8190560 8190857 8190964 3470857 8550857 8550857 8870924
7790519 7790519 7790519 7790519 7790519 7790519 7790519 7790519 7790519 7790519 7790519 4990857 3700969 8190857 8190857 8190071 3730519 9350930 6660930 8870924 7790741 8870580 8190752 2370973 730770 8870580 730812 7980973 4990857 9350930 8711023 9350743 8870969 7090973 3731010 9710930 2760371 2760770 2760894 3731010 3730004 3730519 2760894 2760888 2760371 7790964 7980973 2760930 8711023 8711023 2760422 730964 8870770 9710743 9710741 9350743 9350880 910857 1031010 2760894 2760964 2760896 7790969 7790371 9711002 8190894
9710857 9350930 3950888 1760973 3730004 730371 9710930 5370371 8870743 7790857 7790424 7790888 8870772 8870422 7790200 7790857 7790424 8870424 7790857 7790424 8870580 7790741 2370973 3730004 8190580 5370071 8710857 3230422 3731023 3730004 9350942 8870888 9350752 5370371 730857 7310646 9350888 730772 730857 730772 730743 8870743 730857 730812 7980973 8190752 7790857 2760770 4630200 8190741 3250857 2760071 2760071 7790857 7790896 7790894 7790857 7790894 7790857 8870772 7790200 7790200 8870424 7790424 7790424 730752 8711023 8710857 9350743 5370071 5370772 9350928 3731023 1760973 8190071 8190964 3950960 8870580 8190896 8191007 8190519 8190371 8190646 9350924 8190371 3730993 9350924 9350924 730857 730857 730857 730857 9350772 9350772 730857 5370371 730857 9350772 9350772 9350772 9350772 6660857 4990857 5370371 6660857 9350930 9350772 9350772 6660857 6660857 9350930 730857 9350930 4990857 730043 6770857 9350930 9350772 730857 9350772 9350772 9350930 730857 4990857 9350880 5370371 730857 730857 8190371 9350560 730857 9350942 3730229 7980973 3731002 5370071 5370772 5370930 730969 5370741 8190741 9350741 9350942 730646 7980973 2760371 6660857 5370930 5370829 9350930 2760930 3730519 4990857 4990857 730857 5370200 9350930 3230519 6660857 730857 9350519 6660857 9350519 5231023 10110857 9350519 9350519 9350519 730857 9350519 9350880 9350880 9350880 9350519 730857 730580 730870 2760422
3470857 3470043 8190741 7790752 3700772 3700422 3700772 9710422 7790964 2760964 3700772 3700772 9710414 9710496 3700857 9710772 9710920 3700741 3700422 7790857 8190741 9040857 3950960 3950888 8190772 3470772 3470857 8190371 7790371 9710519 8870772 7790857 8190894 7980973 6770857 6770857 9350930 730928 2760006 7790896 9040772 7790857 9710920 2760964 2760772 7790857 7790870 9710930 730580 3470580 8870580 9040580 9040580 8550857 3470857 3731010 3730004 3730004 3730004 3730004 8190857 7090973 8190857 7090973 9040857 3470857 7790964 2760772 3470772 8190894 8190896 7790896 8190772 8190894 3730114 3470857 3930857 9710422 2760770 2760894 2760752 2760371 2760422 2760964 9710205 1030993 9710930 8870770 8190969 3730580 3731002 5370743 7790857 8190770 2760770 7790371 730743 730741 730812 2760960 2760894 730371 2760924 2760896 2760896 2760371 3470772 9040772 3700772 5231023 2760770 8190772 8190772 8191007 9040857 8190964 8190857 2760422 2760414 9710930
3730646 3950960 9710857 8190930 8190560 8190964 3470987 8190752 7790896 9710920 9040857 3700741 3700770 3700743 3700770 4880973 3730241 2760894 3470857 3700770 9710414 3700743 3470857 9710857 9710857 3700857 9710857 3470580 3470580 3700743 9040857 8190857 9710857 3700741 8710857 8190741 9350888 2760743 9710930 8711023 7790964 5370404 7790896 3700205 3930857 3470857 6660930 9350930 6660930 2760930 8190964 9710006 9710422 9710371 9710371 9710741 7980973 8190741 9710864 9710371 9710371 9710371 9710371 9710371 9710864 9710864 9710414 8190404 3730004 9710857 3471023 9710371 5231023 5231023 3470043 2760924 8710519 2760894 3700519 3700519 3730928 3730928 3730928 5231023 8190752 230857 2760960 2760894 230857 230857 2760770 7790896 9040772 3700770 9350371 8190942 9710043 2760930 2760896 2760930 2760894 230857 2760770 8190687
9710741 8190741 3950896 9710414 3950960 8190857 9710071 8190964 7090973 7090973 7090973 8190857 8190580 3470580 3470580 2760743 730812 7090973 8190770 8870743 730560 9710864 9040857 8550857 8550857 2760964 2760743 2760888 2760894 2760006 2760888 2760741 9710864 2760964 2760580 2760580 2760896 2760770 3470772 7790770 8190896 7090973 8190894 2760752 2760414 7790741 7790894 7790770 9710371 9710371 730924 730964 2760371 3731010 3730004 8190857 3470857 8190857 4630580 4630580 9350741 7790964 7790371 2760888 9350924 9710006 7790371 8190857 7090973 9040857 7790752 7790770 7790752 8870770 7790770 3471023 7790770 7790752 2760752 2760924 2760043 7790896 3950888 7790964 2760964 2760928 2760928 5231023 9350770 2760741 8190964 9710920 2760960 8190071 3950896 8870560 2760752 7790857 2760888 5370071 3731002 7980973 7980973 4880973 7980973 7980973 5370930 4880973 7980973 7980973 3700857 8191007 3230212 2760924 5231023 9710930 2760896 2760043 2760894 2760772 2760772 2760964 8711023 2760043 2760580 2760043 2760928
9710071 9350371 2760960 5370071 9350770 9710741 2760414 3700519 9710414 8870422 8870043 730880 730212 730043 8870580 2760924 8870888 2760371 8870580 3700422 8870888 7790770 7790937 7790741 7790894 3950960 3700969 3950960 7790741 7790741 9040580 7790969 9710422 2760924 7790371 7790371 3470987 3700200 3700743 7790741 7790371 8870743 7790424 8870770 7790371 3700205 7790741 9711002 7790741 3700519 9350743 8190071 3700857 8190071 9040857 8190652 8190913 9710371 7790969 2760371 2760560 2760960 2760741 2760741 7790894 8870888 8870560 8190752 8190371 9350560 8190770 2760960 8870924 2760371 9350752 2760770 3930519 8190894 8870888 8870770 3951002 8870924 7790741 730646 8870770 9711002 8870770 2760743 2760894 8870888 9350752 3730993 8710857 9350741 2760960 2760960 2760071 9710414 9350743 9350743 9350770 2760770 3700519 7790896 3700743 9710422 9710496 730880 8870422 9711002 8870924 7790770 8870743 8870422 9710741 3470987 5231023 8870924 7790770 3700205 3471023 7790424 8870743 8870770 7790424 7790371 9710743 9711002 730880 3700741 8711023 730743 730743 8870942 9350743 8870422 730928 9350924 8870924 9710930
3700519 3700770 9710752 9710920 7790896 2080770 9710071 730519 8710519 8710519 2760969 9710782 3470857 7790200 2760743 8870770 2760071 2760964 9710205 9710743 9710920 2760071 2760580 2760964 7790752 2760071 9710205 3471023 9710205 8710519 7790896 3471023 730371 9710371 3930519 2760422 3471007 7790894 9710519 9710496 9710496 9710920 8710519 2760071 730752 2760580 7790894 730752 2760960 2760580 2760743 9710071 9710864 9710920 9040580 9710920 2760964 2760888 3470772 2760743 2760969
7790519 2760772 2760422 7790894 7790371 7790896 2760772 9710043 7790888 8870942 3700772 7790894 2760371 9710071 3470987 3470422 9710920 3470987 7790371 2760894 7790964 2760894 2760646 2760964 8710519 730880 8710519 2760006 3470987 7790200 8190896 3730241 8870743 2760071 7790896 3470987 9710772 9350942 2760896 2760888 2760896 7790519 8710519 2760580 2760580 9710519 2760741 2760960 2760770 2760752 9350371 3700770 8710519 7790770 2080770 3930519 9350560 2760752 8710519 2760071 2760770 730371 2760743 9710519 2760422 9710752 9710752 2760772 2760896 2760960 8190071 7790969 9710920 2760743 6660930 8711023 9710969 9710920 9710371 7790741 2760770 2760752 2760964 2760964 2760888 2760752 2760043 7790896 2760888 2080770 8710519 7790519 2760928 2760964 2760896 2761007 3930519 2080770 2760752 2760888 9710422 2760770 9710752 8711023 2760770 2760071 2760964 8711023 2760888 7790772 7790896 2760752 9710422 2760752 3700519 9710205 7790770 8710519 9710371 3950896
9040580 9040580 8870580 3730004 7090973 3731010 8190857 7090973 9040857 9040857 3700857 7790937 3230205 730560 9710422 9040580 730880 730212 3470580 730580 5370071 2760888 2760896 2760422 730212 3470580 3470043 2760071 4720772 7790896 3470772 4720200 9710580 9710043 3470043 7790857 7790857 9710071 9710743 8190964 2760752 9710864 3470580 3471023 9710580 3700743 9710414 2760772 2760888 7790888 7790896 7790770 2760414 7790371 3470580 8190560 9040857 7090973 9710930 9710043 2760560 7790752 730964 730212 3700205 3700857 9040857 3930857 3700857 9710969 9710969 3700969 7790969 2760896 2760772 230857 2760071 9710772 7790888 8190580 730580 9710864 730964 9710580 8710857 8190741 9040857 9040857 8710752 9710743 8190741 9710969 9710205 4720371 9710006 730071 9710864 9710071 9710414 3930857 8870969 9711002 9710006 4720371 7790964 7790200 9710205 4630857 8190857 8190857 8190913 3470772 8190752 230857 2760770 8190772 3950888 3950888 5370071 3230880 9710580 3471007 9710580 5231023 7791007 9710414 3470580 2760580 2760580 8190741 9710741 9710741 4630580 4630580 5370043 2760894 8190964 8190772 8190894 7790857 2760043 9710006 9710580 3471007 7790770
3470422 9710496 7790741 7790371 730071 2760043 8190964 2760969 2760741 3230422 2760371 3700205 730580 730212 730770 9040580 7790752 7790770 7790752 7790888 7790888 3700770 9710772 730772 730560 9710205 7790371 9350371 2760646 2760770 2760646 2760752 2760960 2760960 2760071 7790752 2760560 2760646 2760928 2760960 2760422 9710422 2760580 9710782 9710006 2760752 2760960 2760770 9710519 2760741 2760071 9710864 8710519 2760896 2760071 7790519 8710519 9710006 2760006 9710519 3700519 3700519 9710422 3230422 2760422 3230205 2760422 9710519 2760752 3470422 2760071 2760580 2760560 2760770 9710519 7790888 9710071 9710006 2760371 9350560 730870 730772 8870772 3230422 730772 9711002 9710071 9710772 7790371 9710071 9710071 730812 3700772 9710920 3470772 2760371 1030993 8710752 9710071 730812 3700969 3700743 9710864 3950896 8870969 7790969 7790424 4040200
730857 8711023 9710743 3700422 7980973 2370973 3730241 8190894 8190519 7790964 7790888 7790964 7790519 4630200 5370743 8711023 1031010 8190741 9710752 7790200 7790937 5370519 5370043 7790200 7791007 1031010 1031010 5370741 730857 2760580 7790770 9350519 3700770 8190770 5370071 1760973 3700200 3930519 9350772 7980973 8190964 2080770 3730829 1031010 3731023 1030638 3730004 8870743 8190894 230857 2760772 2760043 2760743 2760043 730772 730961 730969 8870424 8191007 8190580 730741 8190857 8191023 4720857 8190961 3730519 2760371 2760043 3730004 8190857 1031010 3731023 3730241 2760580 2760580 2760371 2760741 7790964 7790857 7790371 3470043 730646 2760580 2760371 2760580 730857 230857 6660930 230857 3730519 8190896 8190646 8190071 8190519 910857 3230422 7980973 7980973 3730519 1031010 5370071 8190519 8190700 8711023 8190752 3470043 9710772 230857 7790200 2760043 2760772 7790964 7790894 7790964 7790770 3700741 3730004 3730004 7980973 2370973 3730519 1760973 2760888 5370772 8710752 5370743 2760071 3470772 1760973 5370519 230857 730772 730371 730924 7790969 8190772 8190964 9710519 1031010 1760973
7790857 7790741 2760930 2760741 2760894 2760752 3730004 8190857 8190560 2760888 7790770 2760770 7790888 9710741 7790371 9040857 9040857 3950888 3950888 3950888 7790752 3700519 8870424 9350560 8870560 3700422 8870560 8550857 7790770 7790741 7790741 7790937 7790371 7790741 7790969 2760928 7790519 7790741 8870770 7790424 8870560 8870424 7790741 9710422 8870424 8870924 8870770 7790200 7790752 7790741 8870770 3700205 7790969 2760924 9040772 7790937 7790964 7790870 7790741 8870424 7790424 7790424 7790870 8870424 7790424 7790857 7790200 8870772 8870560 9710422 7790937 8870560 3700743 7790741
9710205 9710205 9710205 9710205 2760560 9710580 2760560 9710205 3700205 9710422 730560 2760894 3700205 3700205 3470043 9710043 3470043 3470043 8870422 3470422 3470422 3700422 8870422 3700770 3700519 9710371 9710071 3700770 3700770 9710371 9710864 2760928 2760371 2760371 9040772 7790371 3700969 9040857 8190896 3470857 2080770 9710496 9710414 2760960 2760770 2760772 2760414 2760960 2760960 9710864 9710422 2760422 9710920 8190752 2760896 2080770 2760896 2760896 2760960 2760770 8190964 7790770 7790752 7790896
9710496 9710743 3730928 3730928 8190752 8190071 8710857 9710496 9710743 9710743 8870924 3470422 8870770 8870560 3950960 7790937 8870770 8870422 3950896 730969 8870942 8870743 8870772 8870743 730928 3230519 730880 8870743 2760960 2760371 8870942 730752 2760924 3700969 7790937 730880 730560 730646 8870424 9711002 7790371 2760371 3700741 730560 8870888 730928 3470422 3700580 9710580 730560 7790894 3700580 730924 730924 7790371 8870942 7790741 3470580 8870924 8870888 8870743 7790969 7790888 7790741 3471023 9040857 3471023 7790857 2760743 7790964 7790371 3471023 3700519 9710519 9710422 8190741 2760894 5370519 2760924 7790741 7790200 7790870 2760646 7790424 7790888 7790770 9710743 7790424 3950888 8870772 8870770
9710205 1030993 8190752 8190770 3730004 8190752 2760960 5231023 7790857 7790371 2760071 5231023 730212 2370973 1760973 4630200 230857 9710371 2760741 9710414 9710741 1760973 3731023 1760973 3730519 3731023 2760752 5370519 2370973 1760973 1760973 8190896 5370743 3230422 3230519 3700422 8190770 8190969 8710752 730743 730743 8870969 1760973 1760973 1031010 1760973 3730241 1760973 8191007 8191007 9710857 1760973 230857 2760071 730071 9710743 9710782 2760772 5370772 5370371 2760896 7790888 7790964 6990200 9710071 9710920 8190964 1031010 1760973 4630200 8190857 730857 9710006 730770 2760752 7790772 2760772 9710519 9710743 5370071 2760964 8190371 9710371 9710969 8190741 2370973 1760973 1760973 7980973 9710752 8710857 5370743 731007 730857 730752 730646 730924 8870888 730560 8870743 7790424 9710414 2760071 2760580 2760580 9710580 8710519 2760743 2760071 9710580 2080770 3470580 8190894 2760414 9710205 9710422 9710006 9350371 9710864 9350770 8190371 8190560 9710496
7790752 7790752 7790200 2760646 7790519 7790894 9040580 7790741 3731010 3731010 6660857 730857 3700205 9710741 7790894 2760071 8710752 5370071 2760930 2760930 2760930 2760930 2760930 2760930 2760930 2760930 2760930 2760964 2760964 2760743 2760888 2760964 2760071 7790888 7790772 7790964 3950896 3950888 7791007 7791007 4720857 7791007 9710371 9710071 2760043 2760772 9710772 2760371 730964 3470580 3230560 9710772 9710422 3230205 9710205 3230205 9710205 9710752 9710752 9710205 7790894 7790752 7790741 9710496 8190913 8190519 9710414 730071 4630580 8190857 8190371 8870043 3230205 3700200 3731002 1760973 1760973 8190580 3950888 3950888 9710371 3700969 5370930 3731023 3731023 3730519 3730519 3730519 5370071 3730004 5370772 7090973 8190964 3471007 3230519 3230560 9710864 2761007 3230205 3230560 2760752 9710969 3950896 9350888 2370973 3470857 2370973 2370973 3730580 2370973 8190580 1760973 8190894 1760973 3730004 9710422 9710580
7790969 8870772 8870924 3700205 8870770 3700772 9040772 8870422 2760414 3700519 8870770 8870560 8870422 8870580 8870770 9710371 3700205 8870924 8870924 7790969 7790371 3700200 7790741 3700200 8870580 7790741 8870743 4040200 8870424 8870424 730928 3700205 8870422 8870424 8870424 3700205 3700969 8870969 8870560 3700770 7790371 4040200 8870770 3700741 8870969 8870424 8870424 8870924 9711002 8870770 8870560 8870888 8870424 730812 8870969 3700200 3700200 8870580 3470580 8870969 8870424 8870888 8870743 730857 6770857 730857 730928 2760928 3700200 730743 730924 730741 8870743 730212 730880 8870043 730928 730646 730928 730880 730646 3930519 3700200 730928 730924 730371 730741 730741 2760928 730880 2760371 3731002 7310646 9350371 730857 730928 730857 730371 9350880 730924 8870743 8870422 8870424 8870424 3700580 730560 8870424 8870422 9350880 730519 730812 8870969 730928 9350924 6660857 730857 730928 5370071 730519 730928 9350371 730928 9350519 6660930 730928 9350519 730200 6660857 730519 730880 730928 8870422 3700580 3700969 3700772 8870424 3700200 3700969 4040200 8870924 7790371
2760414 2760071 7790870 8190741 3951002 7790741 7790371 7790741 8710519 8870743 2760741 5231023 2760924 7790741 7790770 7790371 7790424 3470422 7790371 7790937 7790424 7790741 8711023 3471023 9710920 7790964 7790964 9710071 730969 3700770 9710772 730741 7790894 730752 9350880 730964 9710969 9710371 3470772 9710071 8870888 2760741 2760043 2760888 7790964 7790870 7790964 7790888 7790937 250200 250200 3700743 2760772 2760888 2760071 2760743 2760896 9710519 9710414 9710743 2760896 2760894 7790964 3700969 3950960 8870560 3950888 7790371 9710752 2760960 2760560 2760770 8190519 7790894 7790964 5231023 9710414 2760894 2760741 9710920 9710414 3700519 9710414 730752 730371 7790752 2760888 3470580 2760743 3730114 3730580 3230519 9710752 3470580 9710920 7790894 7790888 2760888 2760894 9710043 8710519 9710422 9710920 7791007 7790937 2760743
7790770 3470772 2760741 4911023 7790424 7790888 2760741 7790424 2760580 2760043 8870924 7790200 9710772 7790969 730880 7790752 4720371 4720969 3471007 7790371 8870924 8870924 9710519 7790969 7790969 7790519 7790937 8870942 6990200 5231023 9710519 2760006 7790371 7790752 8870924 8870924 8870580 8711023 8870969 3470043 9710519 8870770 2760741 7790741 9350371 2760371 7790752 8870924 9710371 3470422 5231023 2760924 730924 730888 3470043 730924 7790752 8870770 8870888 7790741 8870424 7790770 2760043 8870969 7790969 7790770 9710414 8870969 7790770 8870969 9710743 8870969 8870743 730741 7790741 9710519 7790741 9711002 2760770 2760741 730924 8870743 7790969 2760071 2760770 7790888 9710741 730741 9711002 7790888 5370071 2760928 2760741 8710519 730743 730071 730741 2760743 9710864 2760888 9710371 8870942 7790741 730743 9711002 9710772 9710743 9710864 9710864 730770 730371
8870743 7790964 8870743 9711002 7790969 9710864 3470043 8870580 7790741 2760741 9710496 3470422 3700743 9710741 9710743 3700205 2760960 9350888 7790371 8870770 8870770 3470580 7790741 8870770 3700770 7790741 8870888 8870743 7790964 3700741 8190071 8190896 9350752 9710496 8190071 730888 3230519 2760741 2760770 3230519 9710752 9710741 9710864 9710752 9710422 7790371 9350752 8870924 8870560 7790964 8190772 2760969 2760770 7790752 2760964 2760743 2760071 2760772 2760888 2760964 2760752 9350888 8190652 8190652 9710414 3470772 9711002 3470043 8870942 3950960 8870770 8870743 8870770 9710920 7790371 730880 2760371 9710205 7790371 9710071 7790888 8870888 8870770 8870743 9710043 3730580 3730993 9350743 7790857 9350743 2760743 9710071 8190071 730371 8870580 8870580 8870888 8870580 8870424 3700200 8870888 8870743 3700741 3700200 7790371 6770857 2760741 2760888 730964 9710519 8870743 730743 730880 730928 8870743 730071 730964 730888 730743 730928 730928 730928 730743 9350772 730928 730928 730371 730928 730928 730928 730646 730071 730741 730752 730371 730646 730371 730371 730741 730212 730928
5370772 7790937
4040200 3951002 5370930 3951002 7790937 1030282 4630200 5370200 4880973 5370200 4040200 5370829 730870 3951002
3951002 4040200 1030993 7310646 3950896 9350928 5370404 9350942 7790961 7790937 3951002 7790969
5371023 1031002 5371023 7790752 8870770
8550857
null
null
null
3951002
null
null
null
null
8870969
null
null
null
null
3731002 250200 1030993
null
null
5371023 5370571 3951002 3951002 8190700 3951002 730961
null
5370841 6770857 5371023 5370200
3951002
null
3950888 4630200 3951002 4040200
250200 8190646 5371023 8870043
null
null
8190913 7790969
3951002 3951002
5371023 5370200
null
4630200 3731002 3951002 9350519 5371023 5371023 4630200 4630200 5371023 4630200 1030292 1031002 1031002 1031002 5371023 1030993 5370519 4630913 4630913 4630200 4630200 4630200 250200 5371023 1030292 1030638 1030857 1030292 1031010 1031010 1030857 1031010 1760973 1030857 4630200 4630200
250200 250200
3950888 5370043 8190652 4040200 7790961 7790200 5370841 7790969 3951002
null
null
6770857 5370043
null
null
null
null
6770857
null
1031002 3951002
null
null
3951002 3951002 250200 3951002 3951002 3951002 7310646 5371023 4720200 4720200
null
3951002 4040200 5370200 7980973 3951002 1030282 4630200 1030282 3731002 8190857
null
null
null
1031002 1031002 250200 250200 5371023 250200 250200
5370200
null
null
null
null
7790519 7790519
null
null
null
7790200 3951002 7791007 1030282 4040200 5370877
7790857 4040200 7790969 5370519 4040200 3951002
3951002 1030993 5370841 4040200 4040200 3700200 9710864
8870770 3951002 7790519 7310646
5371023
null
5370043 3951002
7980973 1030282 7310669 5370404 9350601 7980973 8190404 8190829 7310404 8190942 8190404 3730601 8190942 7310161 7980973 7310200 7980973 3731002 6760765 7980973 7980973 7310564 1030282 6760601 5370404 8190857 7980973 8190404 8190857 7310601 8190404 3730601 6760942 5370571 3731002 3730519 9350564 3730928 6350601 9350601 3730241 7310177 3730404 1030282 6770857 3731002 9350601 7310404 7310765 7310601 7310646 7310765 7310404 9350601 7310404 7310646 1030877 4880973 4880973 7310161 7980973 7310404 7980973 7310601 7310200 7310404 7310601 7980973 3730829 7310404 7980973 7310601 3730200 3731023 3730200 3731002 3730700 3730601 7310877 7310646 7980973 8190700 3730765 3731002 8190404 8190752 8190829 7310200 8190404 7530857 3250857 6760601 6760601 3250857 7980973 7310601 1030829 7980973 9350601 9350601 8190700 3730765 8190857 8190404 8190829 4911023 8190404 4720857 8190857 8190177 3730241 5370404 6350601 6770857 7980973 7980973 7310601 6760857 9350601 3731002 9350942 3730404 7980973 3730241 8190404 7310646 3730004 7310700 8190942 8190700 7530857 3730765 8190700 8190404 9350601 8190700 8190942 8190700 8190404 3250857 8190829 8190700 8190942 5370404 9350601 6760942 9350371 6350601 7530857 8190829 8190404 8870942 6350404 8191023 8190404 8190877 3731002 3730601 8190404 7980973 3730229 7310404 3730241 6350857 3730700 3730765 8190829 5370877 9350601 5370877 9350601 8190404 8191007 9350601 8190519 8190913 5370404 7980973 9350601 6350601 8190829 3730519 6761023 8190404 9350601 8190877 8190700 8190770 3250857 7530857 7310266 7310669 7310669 3730229 3730229 7310200 4880973 4880973 4880973 4880973 2370973 4880973 4880973 7310200 7310161 7310564 7310669 1030877 3730580 3731002 3730981 7310700 3730241 3730241 6760601 7310601 7310700 7310601 3730229 3730241 3730200 3730519 3730229 8190646 1030638 3730404 7310601 7310564 7310829 7310200 7310700 5370741 7310601 7310601 3730229 3730200 7310404 7310829 7310700 7310601 7310877 7310646 7310700 3731002 7310700 7310601 7310669 4880973 7310601 2370973 5370404 7310829 7980973 3730404 3730928 8190877 5370741 8870888
4880973 4880973 4880973 7310829 7310564 8190404 3950888 8190829 8190752 3730177 3731002 3730114 3730993 6990481 6990481 3730404 9350601 5370877 8190419 7310601 8190404 9350601 8190857 3730765 3730601 8190404 3730877 8190700 8190404 8190404 8190942 1030292 3731002 1031010 3730177 8190652 8190652 3730601 3730928 8190857 3730829 3730993 8190942 8190404 2370973 3731023 8190404 8190404 5370877 5370404 3730765 4880973 4880973 3730200 4630200 5370571 8190877 8190700 8190942 1030292 7310200 7310200 2370973 3730200 3730601 6990200 8190404 8190942 3730229 1030282 1030292 7980973 7980973 3730601 3730241 1030993 8190404 3250857 8190829 8190700 9350752 9350564
8190519 9350564 5370404 8190404 8190857 3730829 3730404 1030829 3730700 7310404 7310200 7310669 7310564 7310765 7980973 6350404 3730993 8190857 3730404 7530857 6660857 6990481 4911023 5370877 4880973 7980973 4880973 1030829 4880973 7310177 7980973 3730241 1030638 7310646 8190404 3730200 3731023 1030292 2370973 1030638 4880973 1030877 4880973 4880973 4880973 4880973 1030282 7310646 1030829 5370404 8190857 8190404 3730829 8190404 7310646 3731002 3730177 8190877 8190404 8190177 8190404 6350765 3730200 2370973 4880973 1030292 3730765 3731023 3730928 3730200 3730981 3730200 3730765 3730928 3730404 3730877 3730200 3730601 8190404 8190857 8190857 6760601 5370404 1760973 5370404 7530857 8190857 3730829 3730601 7310564 8190829 8190700 8190404 8190652 8190829 8190700 9350601 8190404 8190404 8190772 3730404 6760857 8190652 8190857 3730241 8190829 3730981 3730601 3730404 3730981 7530857 3730700 3730114 3730601 9040857 3250857 3470857 3730993 3730993 8870942 8190700 8190404 8190700 4911023 7310404 7310829 8190857 8190700 1030877 9350601 8190687 6760601 5370841 8190829 6990200 8190404 8190177
8190700 8190829 8870942 8190404 8190700 8190177 8190404 6760942 8190877 8870942 4911023 7790200 4911023 6990200 8870942 6990481 6990200 4911023 3250857 4911023 6990481 6760601 7310700 8870770 5370841 4911023 8190741 7310765 5370829 5370829 5370404 3730229 3250857 8870942 9350942
8190404 3730981 3730646 3730981 3730177 3731002 3730981 8190857 1760973 3730229 3730993 8190560 7310177 1030829 7310564 3730241 8190961 9350601 9350942 4911023 8190404 8870942 8190829 8190419 7310177 1030877 8190404 5370841 6760646 7310646 3730829 1030877 7310669 5370404 5370877 8190404 5370829 4911023 7310371 9350519 1030877 5370877 9350601 10110857 7980973 8190404 10110857 8190877 8190404 4911023 8190404 6990200 6990481 6350404 8190942 3730229 6770857 5370772 1030282 4880973 7310177 7310200 7310404 7310669 4880973 6770857 1030877 7980973 7310177 7980973 7980973 7310646 5370829 8190700 8190560 8190404 8190404 9350601 4911023 7530857 3730700 5370877 7310177 4880973 7310601 2370973 10110857 5370404 5370877 1031002 4880973 4880973 4880973 4880973 4880973 4880973 4880973 4880973 7310564 4880973 7310200 7310564 1030282 5370200 2760580 7310877 7310829 6660857
3730981 3730241 6770857 4880973 4880973 4880973 4880973 4880973 4880973 7310200 7310669 6760601 8190404 5370404 1030282 7310161 4880973 4880973 7310161 4880973 4880973 7310161 8190829 8190652 9350601 8190942 8870942 3730829 1030282 1760973 1030282 7310404 7310669 5370200 5370404 9350564 8190404 8190942 4880973 7980973 5370404 3730229 4880973 1030829 3731002 7310646 3730241 1030993 3730580 1030877 3731023 7980973 7310646 3730200 9350519 5370404 8190961 4911023 730928 10110857 7310669 3730829 6770857 7310200 2370973 9350601 1030857 2370973 3731002 3730200 2370973 1030292 4880973 4880973 4880973 4880973 7310200 7310646 3730200 5370404 9040857 8190687 3730114 6990200 8190687 3730404 3730580 1030829 4880973 4880973 4880973 4880973 7310404 7980973 6350765 3730993 8190419 8190942 8190829 8190942 3730200 6760601 1030857 2370973 2370973 1030829 7310564 7310765 7310646 9350928 3730981 9350601 3730404 6760601 730519 7310564 6770857
8190942 8190700 3730928 4990857 5370829 5370404 910857 3250857 3700857 8190404 7980973 8870580 6990481 9350601 8190961 5370404 9350601 8870942 8190942 3730765 6760601 9350924 8190877 8190877 6990481 6990200 4911023 4911023 4911023 6990200 6990200 8190404 8190877
8190652 4911023 7530857 8190177 7310177 7310646 7310646 7310161 7310765 7310877 5370404 10110857 8190877 4911023 3730981 7530857 9350601 8190404 8190419 8190404 8190829 8190857 6990200 8870942 8870942 7310266 8190419 8190700 6760601 7310765 1030993 7310646 6350765 8710857 6760857 7310700 7310564 6760942 7310601 7310161 4880973 3730200 2370973 4880973 7310161 7310404 7310646 7310765 9350601 9350888 7310601 8190419 8190404 3250857 8190419 8190772 5370877 7310765 3250857 8190419 8190877 8190404 8190404 6760601 8190404 8190404 3730981 5370877 7310177 6350601 5370404 6760765 8190687 5370772 3250857 2760928 6760942 3730241 3730241 2760043 6760601 6350601 8190700 2370973 3730404 7980973 6350601 7530857 1760973 2760043 7310404 6350601 5370404 8190829 6760942 7790857 3700519 3250857 8870942 6760765 9350564 6760601 8190942 6760601 5370043 8870043 8870043 5370877 9350930 8190829 8870942 6990200 3730229 10110857 8190177 2760743 5370404 8190700 5370043 6760765 8190700 8190404 9350601 5370043 7310177 6761023 6350857 8190404 4911023 8870043 10110857 8190646
8190770 7790857 8190700 7310161 7310669 7980973 7980973 3730829 1030282 7310177 7310161 4880973 4880973 4880973 7980973 7980973 8190700 8870942 8870942 3950888 3950896 4911023 3730241 5370841 7310765 7530857 5370877 6350601 3700200 7530857 8190519 9350601 7790770 8190560 3700741 8190913 3730404 1030282 7310161 3730229 7310646 6760601 9350601 6761023 6350857 8190942 5370571 7980973 8190687 8190857 1030857 2370973 7980973 5370404 8190519 8190829 8190700 3731002 4880973 4880973 1030292 4880973 1030292 4880973 4880973
8190404 3250857 8190177 8190404 7530857 9350741 4911023 6990481 8190700 4911023 4911023 3250857 8190857 8190829 8190829 6990481 8190177 8190700 8190942 6990481 6350404 6990481 8190877 8190404 8190857 6990481 4911023 6990200 6990481 3950960 6990481 6990481 6990200 4911023 6990200 8870942 4911023 3730829 6990200
3731002 1030829 6760646 8190857 7530857 3730981 1030877 3730765 8190752 910857 3730404 8190700 6990481 4911023 4911023 3730700 8190404 7310371 10110857 6990481 8190404 4911023 3731023 8190700 7530857 8190404 8190404 8190404 3250857 8870942 6990481 8190371 250200 3250857 8190700 3730404 8190404 7310765 6760646 3730519 9350601 8190877 7310371 7310765 8190404 8190404 3730993 3250857 8190371 8190942 3730177 6990200 8190404 8870942 8870942 6760601 9350519 8190829 8190652 8191007
8190857 8190177 8190877 8190404 6350857 8190942 3730700 3730177 3730877 5370829 3730241 8190877 6350857 8190857 6760601 3730241 6350601 8190877 8190700 3730004 9350601 3730241 8190829 8191023 8190404 3730646 3730829 8190404 7530857 3730765 3730877 3730765 8190877 8190857 10110857 6350857 8190829 9350601 8190857 8190404 3730241 9350942 6760942 8190687 8190404 8190700 8190829 3730981 3730229 8190700 10110857 9350601 3250857 8190404 6760857 3730004 3730004 9350942 8190942 3730004 3730241 6350857 8190857 2370973 7310601 3250857 3730200 7310877 6760646 7310601 3730601 6761023 6350765 8190419 6350857 3730004 6760601 3700857 3730877 8190857 7530857 10110857 7530857 5370841 6350765 6760646 8190404 9350741 3730601 3730765 3730601 7530857 3250857 3730404 8190829 8190829 8190877 6760765 8190942 6760857 6761023 8190857 3730404 8190857 7980973 8190857 3730601 6761023 1760973 3250857 3730229 1030829 1760973 8190829 3730404 3730700 8190404 3250857 7310700 3730829 7310161 3730404 3250857 8190404 8190857 3730404 7310765 3730829 3731002 3731002 9350564 8190404 3730829 6760857 6760942 8190404 8190857 8190877 8190913 7980973 9350942 6350857 8190857 9350560 7310646 3250857 8190877 8190404 9350601 9350601 9350601 8190700 8190700 8190419 8190829 6350601 3730404 3730877 3250857 8190700 8190877 3730004 6760601 6760857 3730114 8190419 8190646 6760857 6990200 4911023 10110857 7310564 6760765 10110857 9350601 3730229 7310601 6350404
8870942 4911023 5370404 9350601 8190857 9350601 8870942 8190404 8870942 8190877 3250857 7310601 7310829 8190419 6760765 10110857 8190942 8190741 6350765 8190829 8190857 3730877 7530857 8190404 7310646 6760857 6760857 3730229 7530857 6350857 3730829 3731002 7310404 6350765 3730700 9350601 7310564 9350942 8190857 8870743 7310652 7310765 3731002 3730765 3730601 8190700 3731002 3730200 730928 3730877 3730404 3730404 3730829 3730404 8190877 8190404 7310601 7310700 6350404 7980973 7310765 8191007 8190829 3730200 3730829 3730877 6350765 7980973 6350857 6760601 3730200 7310652 3730829 8190700 3731002 6350857 3730404 3730877 7310404 3730404 7310765 6350404 9350601 3250857
8190404 8190404 6990200 6990481 6990200 8190857 6990200 6990200 4911023 4911023 4911023 8190877 6990481 6990481 8190700 6990200 8190404 7310765 8190177 6760942 3730829 8190404 8190177 4880973 8190877 6990481 9350601 8190942 6350765 8190877 3730993 8190519 3250857 4630200 5370519 6761023 1030292 7980973 8190404 3730404 8190700 6990481 4911023 7530857 3250857 6990200 6990200 9350564 4911023 8190857 8190857 9350564 6990200 8190829 6990481 8190877 6990481 3730601 6760646 9350601 3250857 6990481 6990200 6990481 8190829 6990200 6990481 4911023 6990481 8190829 6990481 8190700 3730404 6990481 9350601 4911023 6990200 4911023
6760942 4630200 1031002 1030857 1030292 1030292 1030638 4880973 4880973 1030292 5371023 1760973 4630200 1031002 4630200 4630200 1760973 1031002 1760973 250200 250200 9350928 8190942 7530857 2370973 2370973 4880973 4880973 4880973 4880973 4880973 4880973 1030282 5370200 7980973 6770857 4880973 4880973 3730200 3730981 1030292 9040857 5370841 4630200 4630200 1760973 3731002 1030282 1031002 1030292 1030292 2370973 7310161 8190700 5370404 8190700 4630200
7310161 9350942 7790870 5370841 250200 1760973 4630200 1760973 1031010 1031010 1030993 3730241 1030993 1760973 7980973 7980973 7980973 7980973 1030282 4880973 4880973 7980973 1030292 4880973 7980973 7980973 7980973 7980973 1030292 1030638 1030282 1760973 1760973 8190404 8190404 1760973 1760973 5371023 5371023 4880973 1030857 5371023 1760973 1030282 1030282 1031010 3731002 1030292 4880973 7980973 4880973 4880973 4880973 1030857 1030638 1030857 1030292 1030638 1031010 1030282 5370200 1030993 4630200 1760973 4630200 1760973 3731023 1030282 1030282 3730241 3731002 4630200 5370200 1760973 5371023 5371023 1030282 1031010 4880973 4880973 4880973 4880973 4880973 4880973 4880973 4880973 6770857 3730200 1030292 7980973 3731002 3730241 9350601 3250857 8190894 5370519 3950896 4630200 1760973 1031010 1030638 4880973 1031010 1030292 4880973 7980973 4880973 1030292 4880973 1030292 5370772
6990481 4911023 8870942 8870942 3950960 8870942 8870942 3950896
3730646 8190404 3250857 1030292 1031002 1030993 1030993 5371023 5371023 1030993 1030829 4880973 4880973 5370404 4630200 4630200 4630200 4630580 4630200 4630200 5371023 8191007 1030857 2370973 4880973 4880973 4880973 4880973 4880973 1030292 1030282 6770857 5370404 1760973 3731023 1030282 4880973 4880973 4880973 4880973 2370973 4880973 4880973 1030857 6770857 1030282 1030282 7310646 1030292 4880973 7310601 3730229 8190741 5370841 8190687 8190652 8190913 4630580 8190857 8190942 8190913 7980973 8190857 3731002 4990857 3250857 1030292 8190942 3730928 8190580 6760857 3731002 7980973 8190857 8190829 6761023 3730993 8190857 8190857 6760857 3730829 8190930 6760646 8190652 3730993 3730877 3730601 3730700 3730519 8190404 8190857 3730241 8190857 7980973 5370829 8190700 8190913 3730700 3730004 3730404 3730829 1760973 3730241 6760601 9350601 1030993 8190857 7310161 3730241 3730928 8190652 8190961 5370404 5370772 6760857 3730700 8190652 8190857 6760765 3731002 3730700 6760646 5370741 8190857 6990200 3730601 8190857 8190652 9350601 8190371 3731002 8190404 8190652 8190652 1030282 5370877 8190700 8190519 8190857 9350601 8190857 8190404 730857 3250857 4630580 2370973 3730519 3730241 3730004 3730004 3730004 6350857 7980973 7980973 1030993 3730646 3730646 8190857 5370404 8190857 7980973 8190700 3730404 8190961 6350404 7530857 3730765 6350857 3730241 6760857 8191007 6760601 3730928 8190700 8190829 3730200 3730646 1031010 3730993 3730700 6760857 8190404 8190404 8190700 8190071 8190857 8190404 8190652 8190857 8190857 8190942 8190700 9040857 7530857 8190700 8190700 8190404 5370404 3730241 3730765 5370200 3730241 3730519 3731002 5370829 3250857 1030638 3730241 1030829 5370519 5370772 5370519 5370404 5370519 5370200 4880973 4880973 7310177 4880973 4880973 4880973 6770857 1030993 5371023 7980973 1030857 3730200 1030993 8190404 3950888 8190857 1760973 1030638 1030292 1030877 3731023 4880973 4880973 4880973 4880973 4880973 4880973 4880973 4880973 1030282 3730765
8190700 8190404 8190646 8190700 8190741 8190404 8190404 8190829 3950960 8190404 3471023 8190942 8190687 8190177 3250857 8190913 8190404 8190700 8190687 8190687 8190646 8190700 8190942 9040857 4911023 8190404 8190700 8190404 9350601 8190404 8190700 7790371 8190404 8190404 3250857 8190942 8190687 8190404 8190961 8190404 8190942 8190700 8190700 3250857 3250857 8190942 9350601 3250857 8190700 8190700 8190829 8190913 6990481 8190071 8190687 8190646 8190687 8190646 8190404 8190687 8190519 8190741 8190913 8190404 8190404 8190700 8190419 4720857 8190829 8190700 8190687 8190646 8190700 8190700 8190700 8870942 8190913 8190646 6760601 8190942 8190687 7530857 8190942 8190404 8190646 8190404 8190942 8190404 8190942 8190404 8190700 3250857 8190752 8190371 8190404 8190404 8190404 8190700 8190942 8190700 8190700 8190700 6760942 8190404 8190700 3250857 8190913 8190404 8190404 8190741 8190404 8190700 8190942 8190404 8190700 8190752 8190829 8190700 8190646 8190404 8190829 8190404 3730200 8190857 8190700 6990200 8190646 8190700 8190700 8190700 8190404 8190652 8190700 8190404 3700857 8190404 8190857 3250857 8190829 5370404 8190942 8190829 8190913 6990481 8190942 8190404 8190700 8190404 8190829 8190646 8190857 8190404 3250857 8190942 8190700 8190687 8190700 3730993 6990481 3250857 6760601 8190404 8190404 8190857 9350601 8190942 8190829 8190404 8190404 8190857 8190700 8190942 8190404 9350601 6760646 6760601 8190913 8190419 5370841 8190687 8190913 250200 8190700 8190404 8190857 8190829 8190404 8190519 8190404 8190857 8190942 8190404 8190829 8190942 8190404 8190857 8190942 8190942 8190404 5370841 8190942 8190857 8190404 8190829 8190829 8190404 8190829 8190700 8190877 8190404 8190646 8190404 8190942 7530857
3730241 3731002 7310646 3730646 3730241 1760973 7310564 3731002 7310177 7310200 4880973 4880973 4880973 4880973 1030857 4880973 7310765 7310564 3731002 3730241 1030292 7310177 1030857 6761023 3730829 3730241 5370200 2370973 7310646 3731002 6350857 7980973 7980973 7310161 7980973 7310646 7310564 7310646 3730646 7980973 6760857 3731002 3730200 7310646 3730877 3730765 7310161 1030282 2370973 3730829 3730241 3730519 7310646 3730700 3730404 7310601 7310601 3730200 7310646 3730241 7310161 3730200 7310700 3730928 7310646 7310646 5370200 7980973 3730829 1030282 7310669 3730601 3730519 3730928 3730404 7310601 7310877 7310700 6760857 6760857 7310161 7310646 3730229 7310700 7980973 3730177 3730765 3730200 3731002 7310564 7310177 3730241 7310564 7980973 7310669 7980973 3730981 7310646 7310601 7310601 1030993 3730241 3730700 3730241 3730229 3730877 3730241 3730877 5370404 6760857 7310601 7310404 1031002 7310601 3730601 3730646 3730700 3730404 7310646 3730928 6350601 3730404 7980973 7310564 3731002 7310564 3730200 7310765 7980973 7310564 7310646 3730241 7310404 3730404 3731002 7310646 1760973 3730200 6761023 7980973 3731002 3730829 6761023 7310646 3730765 7310669 3731002 7980973 7310877 7310404 7980973 6761023 3730114 7980973 5370404 3731002 3730601 3730981 3731002 3730241 3731002 6760601 7310700 3730993 7310669 3730765 7310646 3730877 7980973 3730601 7980973 3730241 3730829 3730993 3730200 7310646 1030829 3730829 7310564 3730829 6760857 3730241 3730114 3730829 3731002 6761023 3730404 3730200 3730200 6760857 3730519 6760601 8190404 6350857 3730241 6760601 3730404 8190857 3730928 3730601 5370404 6760765 8190942 6350404 7310669 6760765 1760973 6760857 7310646 3730404 3730928 6760942 3730177 1030282 3730404 2370973 3730981 3730700 3730404 3731002 3730928 7310646 6350857 3730765 3730829 3730829 8190942 6760601 8190857 8190942 9350601 8190652 9350601 8190942 8190404 6760646 3730601 3730765 7980973 7310646 7980973 5370829 8190652 8190177 6760646 8190829 8190652 8190687 3730404 8190829 3730877 6760601 6760646 8190857 3730765 9350601 8190964 8190857 8190404 7530857 3250857 9350564 8190829 8190404 8190877 8190404 8190404 8190404 8190700 8190741 8190857 8190942 9350942 3731002 6760646 8190177 8190857 8190857 3730241 3731002 1030877 3730241 3730241 3730928 3730765 3730519 3730765 3730241 3730241 3730519 7980973 3730241 3730601 1760973 7980973 7310601 6760857 2370973 8190857 3730241 3730241 3730601 6350857
1760973 9350770 8870743 8870043 1760973 1031010 1030857 3731023 1030292 1030857 1030282 1031010 1031002 1030292 1031010 7980973 1030638 4880973 1030638 1030857 1030282 3731023 4630200 5371023 5370743 4630200 7980973 1030638 1030282 7980973 1030638 1030282 1030292 4880973 1030292 4880973 1030292 1030638 4880973 1030292 1030292 1030292 7310161 1030292 3730200 1030292 1030292 1030292 8190652 8190419 250200 4630200 1760973 5371023 5371023 5371023 7790857 5370519 5370772 1030638 4880973 1030292 4630580 3731023 3731002 4630200 1031010 1760973 1031010 1031010 5370200 1030292 3730241 8190687 5370841 8190857 5370841 3730241 1031010 7980973 7980973 1030292 1760973 1030993 9350601 5370571 1760973 1760973 1031010 1031010 6770857 730857 7790200 4630200 5370043 250200 1030857 1030638 7980973 8190857 7980973 7980973 3731002 4880973 7980973 7310669 5370571 8190700 5370841 8190404 8190700 3250857 8190652 8550857 5370829 8190700 8190913
7790937 8870560 8870043 8870043 8190942 8190752 3730519 4990857 3700200 8870942 730969 3700580
8190646 3731023 5371023 5370200 7980973 1030282 4880973 4880973 7980973 7310646 7310200 7310161 7310200 7310646 7310200 7310646 1030282 7310646 7980973 7310161 7310200 1030292 4880973 1030282 7310200 7310200 7310829 3730241 3731002 7310646 7310646 7310646 7310601 7310646 7310646 4990857 7980973 7980973 7310161 7310200 4880973 7310829 7310646 7310765 7310765 1030829 7980973 7980973 7980973 7980973 7310765 7980973 7310200 7980973 7310646 7310669 7310646 7310646 1030282 9350601 5370200 5371023 5370200 3730829 7980973 7310646 7980973 8190961 7980973 1030282 7980973 5370200 8190913 1760973 8190580 8190646 7980973 7310646 7980973 3731002 7980973 3731023 4880973 4880973 1030857 4880973 7980973 1030282 1030282 7980973 7980973 7980973 3731002 8191023 1030292 4880973 4880973 4880973 1030638 1030282 1030282 1030292 1030282 5370200 1030857 1031010 3730200 1031010 1030282 1030292 7980973 3731002 1030282 7310266 7310700 3730200 7980973 250200 8190404 8190896 4880973 4880973 4880973 4880973 4880973 4880973 4880973 1030292 5371023 1030857 1030638 4880973 4880973 1030638 4880973 1030857 1030638 1030282 1030292 5371023 4630580 4880973 3731002 1760973 1030638 1030282 5370519 9350601
5371023 8190857 8190857 8190857 8190857 8190857 1760973 8190857 3731002 8191023 1760973 3731002 8190857 4630200 8190857 8190857 8190700 8190857 3730646 8190857 8190519 8190857 8190961 8190857 3731002 6761023 4630580 8190857 8190857 8191023 5370200 8190857 8190857 8190857 8191023 4630200 8191023 8191023 8190857 8190857 8190646 3731002 8190857 1760973 8190857 3731002 5370841 8190857 8190857 4630200 8190857 3731002 5371023 8191007 8190857 8190857 8191007 4630200 7980973 5370930 7310646 2370973 1030282 3731002 8190857 8190857 8190857 8190857 8190857 8190857 8190857 8190857 1030282 1030282 4880973 1030638 1030282 3731002 1030857 1030282 3730519 1030282 5370200 6760646 3730700 3730519 4630580 8190961 8190857 8190857 8190857 1760973 8190857 8190857 8190857 4630200 3730241 3731002 1030282 6770857 7310646 7980973 7980973 1030282 5370200 3731002 3730993 8190419 8190857 8190857 8190857 4630580 8190857 8190961 8191007 8190857 7310200 1030857 250200 3700969 4720371 7790969 4630200 4630580 8870969
1030857 1030638 5371023 4630200 3731023 5370200 1030857 4630200 1030292 3731002 7980973 5370200 8190857 3731002 5370200 5370571 5371023 3731002 3731002 3730241 8190829 7980973 6760857 3730519 5370200 3731002 5370200 3731002 3731023 7980973 7980973 3730241 5370200 5370200 5370200 8190857 5370200 3731002 8190857 5370571 5370841 5370841 5370519 5370519 5370200 5370571 8190580 5370200 8190519 6350857 3730700 1030638 1030282 1030282 1030282 1030292 250200 5370200 5370200 3731002 6760601 3731002 8190857 5370841 4720857 3731002 5371023 8190700 4630200 5370571 7980973 1760973 4880973 4880973 4880973 1030638 4880973 4880973 4880973 3731002 4880973 4880973 6770857 6770857 5370200 7980973 5370200 5370200 1030993 8191023 8190857 5370571 3730241 6350765 5370200 5370829 3731002 1030993 7980973 7980973 7980973 1030282 1030282 1030993 8190857 8191007 5370841 8190857 8191023 5370841 8190969 3731002 1760973 7980973 8190961 3730200 3731002 5370200 6770857 5370829 3731002 5370200 8190857 1760973 1030282 1030282 1030282 7980973 5370200 7980973 7980973 1030292 4880973 4880973 1030282 4880973 1030292 4880973 1030292 4880973 4880973 4880973 1030282 1030638 1030292 1030282 1030282 7980973 3731023 3730519 8190857 8190857 7980973 3731002 5370841 5370841 5370043 5370200 7980973 5370519 1031002 1031002 6770857 5370200 8190857 8190580 3730646 8190580 5370200 5370200 7980973 7980973 8190419 6760601 3730765 5370829
1030857 1030857 1031002 1030292 1030292 1030292 1031010 1031010 1030638 731007 730646 2761007 5370841 5370841 5370571 8190700
4720857 8190071 9350519 1030282 8191023 3700580 730969 9350741 3230519
8190404 8190652 7790770 3470857 7790772 4040200 8190646
9040857 8190961 5370841 4040200
8190969 8190969
4720969 4720969 4880973 1030282 4630913 4630200 1030282 250200 1030292 4630200 4630913 5370829 8870888 8190519
4040200 4040200 4040200 8870969 4040200 4040200 4040200 4040200 4040200 4720969 4040200 8870424 3950960 8870969 7980973 5370930 3470857 4630857
8190652 4720857 8870942 4720857 9040857 8191007 7310601 8191007 7790857 4720200 7790857 4630857 3730993 4720857 8191007 5370519 8190519 3730928 8191007 9040857 7310877 4720857 8191007 8191007 4720857 9350942 8870424 910857 9350770 9350924 5370571 7980973 4720772
null
4720857 4720857 4720371 4630200 8190652 250200 250200 5370404 7790857 3730229 1030857 2370973 8190857 8190857 1030282 250200
null
null
1030292 3731023 4630200 1030292 1030292 1030282 1030292 1031010 1031010 1030638 1760973 3730241 9350601 4630200 1031010 1030292 1030292 4630200 4630200 4630200 4630200 4630200 8190857 8190857 8190700 1030292 1030857 1030292 1030292 1031002 1030857 1030282 1030282 1030282 1030638 1030292 1030292 6660857 4990857 10110857 4630200 4630200 1031010 1030292 1031010 1030292 1030292 1030292 1031002 4630200 5370829 8190700
3950960
