209
null
null
4630200 1030646 4720544 1030646 4630200 4630200 1031010 5371023 250200 250200 5371023 250200 250200 5371023 1030292 1030857 5370200 1030282 5371023 1030646 5370772 5370772 5370877 5371023 250200 3950729 5370200 5370200 7980973 5370729 1030993
null
7790964 7790752 1760973 9040580
9040969
9710920 9710371 9710782 9710646 3950043 3950043 9710205 3470743 8190687 8190942 8190765 9350700 6760601 2760857 3250857 8190937 3250857 8190937 8190765 8190646 3950729
9710371 3700770 7790937 7790043 9710864 9710743 9710741 9710741 3471023 8710770 3471023 3470857 8190752
9710920 9710741 9710920 4040200 9710752 7790841 2080770 3700770 5370043 7790857 9710371 3250857 8190937 8190937 8190937 6760601 1030857 8710770 3730877 2370973 2761007 2760560 8190765 3950960 4910200 8790857 8190877 8190765 8190877 3731002 3950960 4040200 3950960 4880973
8190560 9710371 9710580 8870924 3250857 9710496 4630580 3730004 8190765 8190071 5370841 8190687 7790857 4720544 2760857 8790857 3730004 8790857 9710743 9710770 8190765
9710071 8790857 8190741 8710770 9710205 6350857 9710969 8190942 9710969 5370930 3950043 7790937 5371023 3731023 8870043 730857 9710741 9710770 1030282 3731002 6761023 6760646
7310877 8790857 9350114 3730993 6350765 8190687 910928 3950043 1760973 8790857 9350071 1030993 2760969 3470414 3470205 8190071 9350924 9711023
5370371 8190896 9040772 8190969 3731002 3730928 3731002 4630200 4630928 4630200 8190646 3730829 3730829 8190770 8190969 5370741 730071 2760414 4910200 9350888 6760857 3730601 6350765 9350564 7310765 9350564 5370877 8190964 10110857 4630857 4630200 3700857 4630200 3731023
6350404 3700857 8190894 9710743 9710770 8190888 8190964
9710519 910519 7310829 7310601 9350700 9350646 9350114 9350700 7310765 3250857 7790743 2760857 3730993 9710969 5370580 7790371 4040200 4040200 8870580 7790580 2760580
8190770 9710414 9710071 730770 2760770 2760928 9710969 9710752 3470200 8190646 4910200 9710414 8190960 7310601
9710752 8190752 9710864 250200 2080770 2760872 9710071 2080770 3470743 3471023 3700741 2760580 9710741 9710770 7310266 8710770 9350888 9710782 8190752 3950960 9710496 4720200 9710743 9710741 9710741
9710770 7790841 9710969 8190770 3730519 5370371 4630200 6760481 9350743 8190043 6270652 730969 730964 8190913 910519 9710414 8190741 9350924 9350741 8190741 9710371 9710923 9710741 9710071 9710770 3470205 9710743 1030993 5371023 5371023 5370877 9040580 4720544 8190646 4910200
5370930 7790841 3950043 8190937 3470200 8190937 9710969 9710969 730857 3470743 9710741 3470200 9710770 8710770 3470752 3700770 9710770 7790519 9710872 7790937 9710864
9710414 910519 9710743 4910481 3700770 3470894 3470752 2760580 8190973 730752 3470987 3950960 3700857 4880973 5370930 5370930 2760930 730930 7790937 7790841 730580 7790937 3731002 3731023
3930519 3730877 3730601 4990857 8190071 8190371 8190937 3470200 3930519 3470200 2760371 2760772 9710414 8190937 8190765 3950371 7790937
4720857 9710006 8190765 3470580 8190770 7790371 7790519 3470414 9710864 3470205 3731002 3731002 5370729
9710071 8190937 6760857 6350857 6760857 10110857 8190765 7980973 5370841 5370841 4720544 8190973 5370741 3470752 8190765 3950960 3950960
7310635 7310635 7310635 7310635 7310635 7310635 7310635 7310635 7310635 7310635 7310635 7310652 7310652 6270652 7310652 7310652 7310652 7310652 7310652 7310635 7310371 7310371 7310371 7310371 7310652 7310652 7310652 7310652 7310652 7310652 7310652 7310652 7310652 6270652 6270652 7310601 6270652 7310829 7310765 7310266 7310829 6270652 7310266 7310652 7310371 7310266 7310652 7310652 7310371 7310371 7310652 7310652 7310652 6270652 7310652 7310652 7310635 7310652 1940652 7310652 7310652 7310652 7310266 7310652 7310652 7310652 6270652 7310371 7310371 7310371 7310652 7310652 7310652 7310635 7310652 7310652 7310635 7310471 7310371 7310652 7310371 7310652 7310652 7310635 1940652 7310652 7310652 7310652 7310635 7310635 7310652 7310652 7310652 6270652 7310652 7310371 7310652 7310652 7310652 7310652 7310652 7310652 7310652 7310652 7310829 7310652 7310371 7310652 7310652 6270652 7310652 7310652 7310652 7310652 7310652 7310652 7310652 7310652 7310652 7310635 7310635 7310652 7310652 7310635 7310652 7310652 6270652 6270652 7310266 7310829 7310700 7310877 7310829 7310266 7310877 7310601 7310266 7310700 7310652 6270652 7310652 7310652 1940652 6270652 7310266 7310829 7310877 7310829 7310635 1940652 7310652 7310652 7310266 7310652 7310652 7310266 7310652 7310652 6270652 7310371 7310652 7310652 1940652 7310652 7310635 7310635 7310652 7310652 6270652 6270652 6270652 6270652 7310652 6270652 7310371 7310371 7310371 7310371 7310371 6270652 7310266 6270652 7310877 6270652 6270652 6270652 7310266 6270652 7310371 6270652 6270652 6270652 6270652 6270652 7310652 7310652 7310371 6270652 6270652 7310652 6270652 6270652 6270652 7310371 6270652 7310371 6270652 6270652 7310371 7310371 6270652 7310371 7310652 7310371 7310601 6270652 6270652 7310371 6270652 6270652 6270652 6270652 6270652 7310652 6270652
5110635 7310635 7310652 7310635 7310471 7310471 7310635 7310652 6270652 6270652 7310371 7310877 7310404 7310371 6270652 6270652 7310371 6270652 7310471 7310829 7310652 7310371 7310877 7310371 7310765 7310371 7310371 7310652 7310266 7310877 6270652 6270652 6270652 6270652 7310266 7310652 7310471 7310471 7310266 7310471 7310371 7310471 6270652 7310471 6270652 7310471 6270652 7310471 6270652 7310371 6270652 7310471 6270652 6270652 7310371 7310471 7310471 6270652 7310266 7310829 7310652 7310601 7310877 7310404 7310652 7310652 7310266 7310371 7310652 7310471 7310652 7310471 7310371 7310635 7310371 7310652 7310471 6270652 7310652 7310471 7310471 7310471 7310635 7310829 7310471 7310371 7310652 7310471 7310371 7310652 7310829 7310471 6270652 6270652 6270652 7310371 6270652 6270652 7310371 6270652 7310471 7310652 7310652 7310266 7310652 6270652 7310635 6270652 7310652 7310652 6270652 7310371 7310371 6270652 7310652 6270652 7310371 6270652 7310652 7310652 7310371 6270652 7310371 6270652 7310564 6270652 7310652 6270652 6270652 6270652 7310371 7310371 6270652 6270652 7310371 6270652 7310371 6270652 7310371 6270652 7310877 7310877 7310371 6270652 7310829 7310371 6270652 6270652 7310371 6270652 7310371 6270652 6270652 7310371 7310829 7310371 7310829 7310371 6270652 7310371 7310601 6270652 7310371 7310371 7310371 6270652 7310700 7310371 7310371 6270652 6270652 6270652 6270652 7310371 7310371 7310371 7310601 7310371 6270652 7310371 7310765 7310371 7310266 7310266 7310371 7310829 6270652 7310371 6270652 6270652 7310371 7310371 6270652
1940973 5110004 1940973 1940973 6270652 1940973 5110560 5110004 5110560 5110560 5110560 5110004 5110471 5110004 5110560 5110560 5110560 5110004 5110560 5110560 5110560 1940652 7310371 5110560 5110560 1940973 7310877 5110004 7310652 5110004 5110560 5110560 5110560 5110560 1940652 5110560 5110560 5110560 5110560 5110560
7310635 5110635 5110635 5110635 5110471 5110004 1940652 5110560 7310371 7310652 5110635 5110652 5110471 5110471 7310652 5110652 5110560 5110635 5110635 5110635 5110635 5110635 5110471 5110635 5110635 5110635 5110635 5110635 5110635 5110652 7310635 5110635 7310635 5110635 5110471 1940652 7310652 5110471 5110635 5110471 5110471 5110635 5110635 5110635 7310635 5110635 5110635 5110635 5110471 5110471 5110004 5110560 5110471 5110635 5110635 5110471 5110635 7310652 5110471 1940652 5110635 5110635 5110635 5110635 5110471 5110471 5110652 1940652 5110471 5110471 5110635 5110635 5110471 5110652 5110635 5110635 7310635 1940652 5110471 7310652 5110560 5110004 5110635 5110635 5110471 5110471 5110471 5110471 5110635 5110471 1940652 5110471 5110471 7310652 7310266 5110471 1940652 1940652 1940652 5110635 5110635 7310652 1940652 5110471 5110635 5110471 5110635 1940652 5110471 5110471 5110004 5110652 5110652 5110652 5110652 5110471 5110635 5110652 5110560 5110004 5110004 1940973 5110652 7310652 1940652 5110652 1940652 5110560 7310652 5110560 5110652 5110652 5110635 5110635 5110635 5110635 5110652 5110652 1940652 5110560 5110652 5110560 5110004 5110652 5110652 1940652 1940652 5110652 5110004 5110471 5110635 5110471 7310635 1940652 5110652 5110471 5110635 5110652 1940652 7310652 5110471 5110652 1940652 1940652 7310371 5110652 5110471 7310471 5110652 5110471 5110471 5110471 5110471 5110635 7310471 7310652 7310471 5110471 7310471 5110471 5110560 5110652 1940652 7310371 6270652 6270652 6270652 7310371 7310471 7310471 7310471 7310471 6270652 7310471 7310471 7310471 7310471 5110471
9350880 730770 9710422 7790888 9350743 9350752 731007 730857 7790580 8870560 730964 3700205 7090973 8190646 8190969 8190942 2760969 7790580 3470580 7790888 7090973 7090973 7090973 7090973 7090973 2760857 730930 730870 730770 8870870 8190894 2760752 2760930 2760857 2760857 8190371 8190896 3470857 7790857 7790857 1760973 6760857 6660930 9350930 9350743 730071 8870870 2760414 2760741 2760857 2760857 8190964 3470743 3470857 730857 5231023 730857 9710580 9710920 730043 730741 730924 7790371 3731010 7090973 7090973 8790857 8190741 9710646 3470752 3700422 9350580 8190964 2760857 8190772 2760743 2760930 2760857 230857 230857 6660930 9350930 5231023 3470043 7790857 7790937 9710857 3700857 3700741 730857 730560 7790894 8190930 2760857 730930 9710930 8711023 5370043 7790580 9350071 5231023 730964 2760580 7790371 7790580 7790894 9040580 7790964 7090973 3730004 8190741 8190741 3470857 7790913 9710772 8871007 7790516 3730004 7790857 8190964 8870772 730928 730857 8870043 4990857 730857 4720857 7790857 5370043 730857 2760930 730043 2760580 7790743 730743 730928 9710422 7790964 7790894 7790770 7790043 2760043 2760930 2760930 2760930 2760930 230857 9350741 3730004 8190043 8190043 3470857 3950043 7790772 9350880 8190772 9040772 7790743 9040772
7790913 9040969 9710371 3700519 8870772 2760857 2760857 9710770 3950371 7790894 8870741 4990857 7980973 5370930 5370930 9350930 9350930 9710969 9710969 9710969 9710920 9710969 9710496 2760743 230857 7980973 2760969 730071 9710743 9350924 9710772 2760969 9040772 9040969 9710422 8870870 7790857 8190752 3950043 3950043 8190043 5370043 7790857 8190646 7790743 3950043 910928 2760872 3470743 8190964 8191023 7790371 8190888 8190964 8190896 8190930 2760857 2760857 7790743 7790743 7790752 8190894 9040580 4630857 1760973 7980973 8190741 8190913 8190765 3471023 8190071 8190043 7790857 8190960 8190930 5370743 3230422 7790580 9710580 7790894 8190071 9350743 8190930 2760930 230857 2760857 230857 6660930 8190043 7980973 6660043 5370371 9350560 9350580 5370071 3730646 9350560 2760857 8190960 8190646 7790857 5370071 9350043 730857 8190964 9350752 8710857 8190687 3730646 3730004 8190043 5370743 7790580 3731002 5370371
7790888 3470205 730560 9040043 2760857 9350741 910857 9710872 8190888 8190888 8190964 8870043 9350580 9350580 9350071 9350580 8870580 3700580 3700580 3470200 3470580 3470200 3470580 7790964 8870580 5370043 9350043 3470743 7790743 3470205 8190071 8190937 3470857 9710782 730880 9350580 9040580 1760973 7090973 7090973 7090973 4630580 7090973 2760043 2760857 3470857 7790857 2760924 2760964 2760071 730964 730772 9040772 3730004 9710923 3470857 730857 9710872 2760872 9710930 3470414 7790857 7790857 3470857 9710414 4720544 9710006 4720857 4720200 3700580 1030638 9350930 8190043 8190913 8190519 2760857 9711023 7790770 7790937 3470580 9040857 3950371 8190071 9350924 9350560 7090973 4630928 7980973 8190969 910857 8190969 4040200 9040857 9040857 9040857 9040969 9350880 910857 730857 730857 910857 730857 4720857 731007 3230422 8190071 9350580 730928 730857 730857 730857 730857 7790743 7790857 7790857 4720544 7790371 2760928 2760646 9710519 3470200 7090973
2760857 7790857 7790519 7310371 730212 730071 8870741 8190770 2760930 2760741 5370930 730580 730880 730772 9040580 7790580 2760857 3930519 2760969 910519 7790519 8870560 9350930 9350930 9350930 5370930 5370580 730930 5370930 5370930 5370580 5370930 9350924 8190969 730371 9350741 3470200 9350646 9040857 730857 730212 730857 730560 8870422 7790913 7790519 8190519 8870772 9350880 9350741 2760930 730880 730772 730857 8870424 3700857 3700422 9710422 3700422 730857 730857 730857 730857 730857 730371 730857 8870580 8870043 8870580 7790752 2760872 7790580 7790857 8190896 7790857 5370743 5370043 5370043 8870580 730857 730812 730857 730857 730580 730752 730770 9710770 9710772 8870772 730200 2760770 730857 3230422 9711023 2760857 9350580 2760580 2760930 2760960 2760872 9710371 9710872 2760857 2760043 9710930 2760580 2760741 2760043 2760960 2760770 2760743 2760743 7790770 2760964 2760960 2760930 2760422 2760928 2760752 9710580 2760924 8870924 2760560 8870580 9710580 2760371 2760006 7790857 2760857 230872 730770 730924 8870422 730812 2760924 7790770 2760371 2760928 7790857 7790857 7790913 3700580 3700205 730928 730928 8870772 730043 730043 730212 8870043 2760422 8870422 7790580 9040043 8870043 2760857 730857 8870870 730422
4630857 7790888 9710772 2760043 7790580 730772 730043 7790043 2760422 2760560 2760743 2760071 2760043 2760743 2760071 7790743 3731010 3731010 7090973 7090973 7090973 9710519 2760960 9711023 730741 730043 730560 730422 8870043 7790580 8870422 2761007 2760894 2760422 730043 730888 3700580 5231023 3730004 3730004 9040857 9040857 9710006 9710006 2760043 6660043 9350560 9350580 9710205 8190772 2760930 2760857 7790857 8870422 7790964 7790580 6660043 5370371 730422 2760071 9710920 9710782 7790752 9710496 7790741 3700770 2760414 2760414 3470857 7790857 7790371 2760960 2760414 2760414 9710923 2760371 9710371 7790741 2760872 3730646 2760894 3470580 730646 910857 8870580 7790770 2760043 2760580 730422 4630580 8190772 4720857 8190896 910928 3230422 2760772 3700580 2760560 8870580 8870580 730812 2760857 2760857 230872 230872 2760043 2760043 2760770 7790888 2760857 3731010 3731010 7090973 7090973 3470580 2760741 730924 2760006 2760006 7790857 731007 730580 8870580 2760741 2760580 2760414 6660043 8870560 2760964 7790964
730857 9711002 7790743 910857 3730004 3730004 3730004 8190973 8190913 730741 2760414 730580 2760580 8870580 4630580 8190519 9040580 9040580 9040580 7790580 3230422 730928 730964 731007 8190973 910928 3930961 910519 7790743 730888 730743 3470205 3470205 7790743 2760743 8190519 5370743 730371 8190969 8870924 9710782 8190687 9710371 9710371 9710872 9710743 5231023 9350646 9711023 8870560 4630200 1760973 3730646 3730004 3700741 9710496 9710770 2760646 2760071 9710930 9710422 2760743 2760743 7790894 5370930 730930 5370930 5370930 4990857 4990857 730857 730857 5370741 2760071 8190770 1760973 3730004 4630200 4630580 3470857 2760043 2760930 3731023 4630580 5371023 7790857 8190071 9710969 3470743 730071 2760043 2760770 7790857 2760857 1030993 7790857 1030993 7790913 7790770 9710071 8870580 2760928 3470580 9040580 9040857 9711023 9710872 3950371 2760560 2760414 2760414 2760857 2760872 730580 730812 730888 8870870 3230422 9710422 3470857 4720200 4720544 3470580 9710872 9350646 730924 730969 730371 730043 5370043 730961 731007 8870043 3470580 7790913
8190894 7790969 730741 7790371 7790580 2760580 2760924 230872 7790741 7790857 7790894 7790894 7790770 4040200 1760973 3730646 3230422 3731010 3731010 4630857 7790857 4720857 9710422 3470580 730422 730880 4720857 4720857 8190913 9710752 2760770 9710580 9710519 8190741 9710422 9040969 7790770 730770 9710205 7090973 1760973 1760973 2760006 2760741 8711023 2760964 7790857 3470743 9710770 3470857 8190741 5231023 9710580 2760580 7790371 9710006 3470924 3470924 3470924 3470924 3470924 3700422 3470414 9710646 9710422 9710422 3470422 3471023 7790770 2760770 9711023 8190770 8190741 9040857 9040857 3470743 2760752 2760770 9710920 3470743 3470743 8870741 2760857 2760741 4630200 8190913 9710414 9710741 2760646 8870870 7790371 8190371 8870741 8870043 8870043 3730004 7090973 3950371 8871007 730928 8870422 8870580 730371 730928 9350043 8870580 8190071 8190071 9040857 9040857 7790857 2760924 2760924 2760743 2760071 2760964 2760964 9710772 9710920 8190646 9040580 9710741 7790772 3730004 3730004 8190646 3950371 8871007 9710371 7790516 7790687 7790043 8870043 8870043 2761007 9710752 730519 9040772 7790888 730752 730961
730880 8870043 7790043 730043 730043 8870043 8870043 9040043 8870560 9040043 2760770 2760960 8710857 9710857 8710857 4630928 3470857 9040857 9350743 910928 8190741 2760857 2760894 9710414 7790741 7790519 9710414 7790752 8871007 3470772 730422 730928 730812 7790888 2760414 2760960 2760741 2760924 2761007 730743 8871007 9711002 7790741 9711023 9710864 3470580 4630580 4630580 4630928 9350888 730880 3700580 3700519 3930961 910928 9040969 3700205 2760006 8870580 9710864 9710920 9710006 730924 730371 730928 2760006 7790888 7790371 8190043 9710043 3700519 730560 730888 2760580 3700580 3470580 2760006 9710580 8870924 9350888 730741 8870580 9350924 8870580 8870580 3700580 4630928 7090973 910857 9040969 9040969 3950043 3950043 7090973 730857 8190969 8190043 3730993 730857 3950043 3730043 8190043 8190043 730043 7790857 9040043 8190043 8190894 7790857 7790857 8190043 7790857 3730993 8190043 9350880 3950043 7790969 3950371 9040969 7790857 3950043 8190043 3950043 8190043 3950043 9040857 8870043 9040043 3950043 9040043 9040857 9040043 9040857 7790741 9710071 9710920 9710920 3470743 3470743 9350741 9350560 3470743 3470743 3470743 3470743 3470743 4630928 3730993 9710580
4720857 4720857 5370071 8190888 8190741 4720857 8870580 9350580 3700580 3700580 8190888 8190964 5370043 5370743 8190930 5370772 2760743 7790857 7790857 7790964 7790857 5370930 5370743 730961 730924 8190560 9350560 8190772 7790857 8190560 9710857 9040857 3700741 9710857 5370772 730560 3470422 7790580 7790894 7790687 8190942 8190942 8190687 8190560 2760422 5370371 5370930 9350580 730857 910857 8870741 7790371 5370741 8190043 9710857 9350743 7790857 7790894 7790964 910857 3930961 910857 9040857 3470857 4720857 9040857 8190964 9350743 9350646 3950729 910857 9350880 9350880 730857 9350880 9040857 8191023 9710857 8190894 8710857 8190964 9350930 9350743 4040200 8190896 3730519 3730519 8190964 4720857 1760973 8191023 8191023 1760973 8191023 8190043 5370729 8190888 5370743 7790857 7790857 7790857 2760964 5370743 730743 8190964 5370729 5370743 9350930 730857 8870580 9350880 910857 4720857 8190964 9350743 5370580 8190930 4630580 8190071 9040857 3700580 9350580 9350580 3700580 7790580 8190646 3730646 8190519 2760857 230857 5370743 730857 5370580 2760743 5370772 5370772 2760964 3731010 1760973 3731002 2760857 8870424 7790969 2760928 5370930
7790043 8870043 8870043 8870580 730043 730928 8870043 8870580 9710496 730770 9710782 2080770 7790888 3470043 3470743 7790743 7790743 8870043 8870580 730743 3470580 3700580 3700580 3700580 9711023 3470414 9710414 3470987 9710414 3470743 3470743 3470894 3700205 4630857 9710580 3470200 9710580 9710920 9040580 3700770 3700741 7790741 7090973 7090973 7090973 3470857 3470857 9710580 7790371 2760770 9710422 3470580 9710770 8711023 3730519 3730519 3730519 7980973 9710930 9710872 2760741 9710770 2760872 8871007 9711023 8871007 9710414 9040969 9040969 3470043 7790580 3470043 9040043 3470580 9710496 8190770 8190964 3930519 3930519 910928 3930519 730741 730741 8870580 730646 730580 2760580 730519 9710580 9710496 9710743 8870043 8870043 3470422 9710782 9710043 9710043 9710920 9711023 3930961 9710371 3470743 9710006 9710864 3470752 3470752 3470752 9710006 3470422 8870870 7790969 7790913 7790741 8870741 2760043 2760857 8870580 8870424 730888 730646 8870043 8190043 8870043 5370043 9350560 9710969 8190741 9350924 8711023 9710414 8711023 9350743 9350743 730741 3700422 8870870 9710864 2760924 8870870 4720200 2760043 7790969 8870772 730646 8870580 7790969 8870870 8870772 730646 7790519 2760743 3700519 2760006 9710743 2760741 3471023 3470857 9711023 2760414 7790770 7790770 3470857 3470857 8190741 9710772 2760741 3470200 9711002 730880 730422 3700580 9710371 730880 2760580 2760770 7790752 7790894
9040580 8710857 8711023 3470414 8711023 9710414 3700770 3470752 9711023 8190888 7090973 9710920 9710920 3470987 3470857 9040969 3470414 7790770 9710200 2760752 2760960 7790741 3470414 3470580 3470414 9710414 9710422 8870422 4040200 730928 730928 730560 730812 730770 9350043 2760043 730043 730560 3730928 3470752 3470857 8190770 3470752 1030993 2760006 2760371 730964 7790857 8190519 7790743 7790743 9710646 2760928 730924 730924 9350071 8870580 8870580 3700580 8870580 8870580 9710770 9040580 3470205 910519 3700519 5370071 8190960 3470743 9710930 2760964 2760924 730888 730888 7790043 2760043 7790772 7790857 9040043 7790371 2760928 2760422 2760772 2760371 7790516 2760772 8710857 8190772 8190560 8711023 8190071 2760857 2760043 3470743 2760752 3470894 3470772 2760752 730870 730928 730928 730928 730928 3700519 8870580 8870560 8871007 4720200 4720200 8710857 9350743 9350743 9350930 6660930 730857 9350560 2760741 2760857 9710743 9710496 730743 9710496 730743 8190741 730870 7790741 7790857 7790371 7790857 8190888 8870580 4630857 3730646 4630200 2760043 9350924 3930519 3700205 9710770 9710770 7790516 2760743 7790888 2760743
3470422 3950371 7790894 7090973 7090973 9040043 2760371 730930 8190646 9040857 3700857 9710864 2760414 9710519 3470857 9040969 2760422 7790913 2760414 3700205 730924 9040969 9711023 8870924 7790870 2760560 8190913 3700857 3700857 2760422 8190519 8190519 8190888 7790371 9040772 2760770 2760964 9710519 3470205 9710006 9040857 9040857 9040969 9040969 2760924 9710872 9710043 3470043 3470924 730043 3700580 9040580 3470422 9710422 9040857 9040857 910928 9040043 8870560 8870580 9040580 3700580 3700580 8190772 3700857 8190043 910928 3470857 3700770 9710646 9710752 3470752 7790937 9040969 2760928
4630928 9710770 3470752 8190960 7090973 9040857 3700205 3700741 9040043 3470857 7090973 3950960 9710646 9710770 3700422 3470422 9710770 9710422 3470414 9710646 7790770 2760043 7790371 9710741 9710872 3470414 7790770 9710920 9710920 8190646 9040857 3470580 9710580 9040580 9710646 2080770 3470580 9710920 3470580 9710646 9710920 3470743 7090973 8190894 7090973 7090973 9710770 3470752 3470414 3470743 3470752 3470743 9710414 8870741 7090973 3470857 9710006 9710864 7790888 3470200 3471023 9710741 9710741 9710969 3470857 8190888 8870741 9710864 9710864 3470422 7790741 7790687 7790888 7790741 7790913 7790741 9710743 9710743 3470580 730071 9710422 8870580 9710422 8870580 9711023 7790888 9710743 8190964 8190043 8190888 7790964 7790687 7790964 8870043 3470422 8871007
9710782 9710920 3470743 9040857 9710770 7790741 3470580 9710580 3470422 3470580 9040857 3700770 3470414 3470580 9710580 9710743 3470743 7090973 9710741 3700770 9710969 3470580 3730004 7090973 9710741 9710205 8190896 3470857 3700205 9710422 9040969 9710422 3950043 7790371 3700741 8870741 9710920 3470752 7090973 9040857 9040969 9040857 3470924 8190969 9040857 3470857 7790969 7790519 2760964 7790519 7790752 7790519 7790964 7790894 3471023 2760770 2760770 7790770 7790888 5370743 4720857 2760770 2760580 2760580 9710969 9710006 3700741 3730004 8190930 2761007 8871007 730857 730812 8870580 8870580 8870741 7790752 7790964 730560 7790371 8870560 8870741 5370043 9040580 7790371 3470422 8870560 3950960 7790857 2760646 7790913
3950371 7790857 9040857 8190371 9350114 8870580 9350580 8870580 8870580 3730004 3730004 4630580 3470043 9710043 7090973 8190646 3470987 9710920 8711023 9710770 8711023 730888 2760857 2760857 2760857 2760560 2760646 2760857 2760964 8190071 8870560 7790857 3950371 7790043 7790043 7790043 7790043 8870043 8870043 8870422 9040043 4720544 7790770 7790741 3470200 8870580 3950371 7790741 3950960 8190770 3470743 3950043 3950043 3471023 7790519 7790743 7790770 7790752 2760928 3470200 7790964 3470200 9040580 3470200 3471023 3470200 3470414 3470414 3470414 3470414 3470414 3470414 3471023 8870741 8870741 8870741 3470894 3470924 8190896 9710872 9710872 8190371 7790371 8190371 9710006 9350924 9710006 3470205 9040969 9040969 9040969 9040969 9040969 9040969 9040969 9040969 9040969 8190969 8870560 3470205 3470924 3470924 3470924 3470924 3470924 3470200 3470924 3470924 9710872 3470414 9710872 2760741 3471023 8870741 9040969 7790913 3950043 3950960 3950729 7790969 7790913 9040969 7790857
730964 8870870 9710782 2760964 910928 2760560 9040857 7790371 9710580 7790371 730043 8870043 730422 730212 8190964 8190646 3471023 3950043 730961 730043 730043 730969 8870043 9710422 9040969 3470414 3470422 9040772 7790894 9040772 7790913 7790371 730969 730969 730969 7790964 9711023 2760960 9710414 9710923 9710414 3470414 9710496 8190960 7790964 7790964 7790964 730888 9711023 3470743 8871007 4720544 3950371 8871007 9711023 2760371 8870043 2760928 3700770 9711023 3471023 3950043 7790770 3470894 3950960 3700741 3700741 7790741 3470200 8870741 8870870 3700580 7790580 3950043 3700580 9711023 9710969 7790743 9710920 7790741 7790371 3470200 7790894 3470043 7790964 7790741 7790964 3470043 3950043 7790913 7790964
2080770 8710770 3471023 3471023 7090973 7090973 7090973 7090973 3950960 3470752 3470857 3700205 3700205 7790913 2760928 3700519 2760071 7790888 8710770 9710741 9710414 8190770 3950960 4040200 9710205 3470772 730772 9040772 9040772 8190071 9710006 3470743 9710920 8190071 9040857 9040857 9040857 3950043 4630928 9350071 8190043 9710205 8190560 8190043 3470043 7790888 9710920 3470743 3470772 3470772 9710772 7090973 7090973 9040857 9710920 9710743 7090973 730741 4040200 7790969 7790937 8871007 8870424 2760928 7790888 8190646 730928 8871007 730071 730928 730888 731007 8871007 730071 2760770 9710770 9710422 3470752 3470987 8190519 2080770 9710920 3470743 9710920 9710920 9710772 9710205 3470205 3470857 3470205 8870772 7790894 7790772 7790580 730880 9710371 9710371 9710496 8710770 9040969 2080770 9710071 9710646 9710752 3950960 8190071 9710414 9710857 2760752 9711002 2760580 2760580 2760857 7790743 9710496 9710414 9710920 7790743 3470200 9710414 3950043
9040580 9040580 9040969 8870560 3700422 5370930 7790857 9710930 9710864 9350043 8190930 3731010 3731023 3731002 3731010 3730004 3730646 9040857 3470857 3470580 3470580 7790741 3731002 9710743 9710872 3700205 3731010 4630857 7090973 7090973 8190896 3470857 7790894 2760043 9710772 2760770 2760857 8190752 9710872 7980973 8190772 8190770 8190043 8190371 3470987 9040580 7790913 730743 230857 2760930 7790888 2760857 8870043 6660930 730812 9710422 2760071 9040580 9040580 8870043 8870580 3700205 2760422 9040857 3230422 9040580 3700205 9710200 9350880 9350741 3730200 730857 9710772 9710930 8870422 9350924 250200 7790857 3950960 730741 2760857 2760071 3470772 7790770 7790752 7790964 3950043 7790857 9710371 9710371 7790741 7790752 7790741 7790741 3470043 2760770 2760770 7790752 3470772 8711023 230872 9710872 9710580 730812 2760924 3470580 3470043 7790743 2760928 7790894 250200 3470857 9710920 9710205 9710205 7790841 3950960 3230422 5370741 3950043 7790857 7790857 7790857 9710414 9710930 9350743 2760857 730770 9710414 2760414 9710930 3470580 8870580 7790741 3470772 9040043 8190888 7790964 3470743 9710519 9040969 2760741 5370772 5370772 7790371
730924 8190930 3730004 730770 730043 730371 8870043 7790043 730071 730071 3230422 730043 6660043 6660043 2760857 6660043 2760071 2760422 8870043 3470205 8870772 9710006 3470894 3470414 7790741 7790371 3470924 7790741 730870 730870 9350741 9350752 8870560 3470205 9040580 3470580 8190741 8190646 230872 2760857 3730004 8190772 8190772 8190770 3470043 3470987 2760752 6660930 230872 730772 2760960 9040857 8190519 5231023 230872 230872 8190969 730870 9711002 9710741 9710872 9710006 730741 730371 730964 730928 5370743 8190741 8190913 8190646 7790969 730928 8190646 730071 9710864 730743 3470205 7790580 7790371 7790964 9040043 9710969 3470422 230872 730519 7790857 8190930 9710930 9710930 8190371 3471023 2760872 8870924 2760924 2760741 2760743 2760414 3470924 3930519 3930519 3930519 730743 3470580 9710872 7790741 9350646 8871007 3950371 730924 730924 7790752 9711002 5370741 6660930 3731002 5370043 2760371 730043 3730993 3730993 3730993 8190770 9350741 2760371 730646 730743 9350071 730857 5370371 730964 730857 3250857 5370071 9711023 8190752 3950960 7790752 9710496 2760006 9040043 7790743 7790741 8190043 3731002 5370930 5370743 730928 730752 3930519 3930519 3700741 9710741 9710519 3230422 7980973 3731002 9711023 9710857 2760857 5370043 2760928 2760752 9710496 730646 8190687 8190043
9040857 7090973 2760964 7790743 7790857 7090973 7090973 7090973 7090973 730870 730964 8870772 730772 7790743 7790580 7790888 3470743 2760772 730870 730870 2760580 7790687 7790371 8870870 8870870 2760071 730928 730870 8870580 2760371 2760857 7090973 8190560 7090973 8190646 3950043 7790937 730880 7790894 730212 730043 2760964 7790894 9040772 7790894 2760772 2760894 8190913 730200 2760741 7790687 9040580 3470422 8190964 2760964 3470743 2760743 9710422 9040043 3470894 3470743 8190519 9710496 9710872 3470414 3470205 9710422 9710422 3950960 7790913 9710872 3700422 9710205 9710752 9350741 8710857 9710752 9710414 9710519 9710752 3470857 3470743 2080770 8871007 9711002 9710205 9710071 8190071 9710752 8190519 8190519 9710205 9710743 9710969
9040857 9040857 3470857 4630928 8190043 9040857 3470743 2760071 2760894 8870560 8870560 2760560 7790937 3950043 4630857 4630200 1031010 9710923 8190371 3470743 3470743 9710920 3730004 3730043 3730993 4720857 9710580 7790043 7790857 3470043 3470580 9710422 730770 9710071 9710920 9710920 9710969 5370043 4720544 4720544 7790580 7980973 8190964 8191023 9711023 8711023 9710920 3700205 3470743 3470743 3470743 9710743 9710920 9710872 9710920 2760894 2760857 3730404 8190960 8190894 3470857 5231023 3700580 9710969 9710782 9710071 3470580 9040580 9710752 2080770 7790741 9710969 9710496 8190043 3470743 9710646 9040580 3470205 3471023 7790870 8870043 7790580 7790870 8870580 7790580 7790580 9710519 7790741 1760973 1031010 1031010 1760973 3730043 7790857 9710580 3470422 2760924 8870043 3470580 3470857 730812 3470580 9040857 7790743 9710043 7790857 3470200 7090973 7090973 8191023 8190930
9040969 3700857 8190973 8190888 9710752 9710752 3470752 3730004 9350560 2760872 2760960 2760580 7790894 3470772 2760741 2760741 8190894 2760006 9350741 8190969 3730004 1760973 3730004 730212 730422 730857 7790857 9710743 3470743 9710857 9350888 7790857 9710371 3470205 2760752 7790752 7790752 910519 3230422 730961 730880 8190560 7790752 2760414 3731023 8190741 4630580 7790857 8190741 3730114 4630200 730071 8710770 9710770 8190071 8190937 3470743 3470743 730071 730422 9710580 9710920 7790964 7790964 3700205 3950371 7790516 3730004 9710414 3700205 3470752 9710200 9350071 3730646 3230422 8190519 8190770 3230422 9710371 9710646 730560 9710872 3700770 9710741 9710770 8190969 8190770 3250857 3470580 730770 8710770 7790752 7790752 3730043 4630580 8190519 730371 9710923 3470857 9710857 9040857 9350560 3730928 8190519
3731002 7980973 9350646 9350743 730870 730857 730857 8870043 8870043 7790043 8870580 7790913 2760960 2760743 9040043 7790913 3950043 8870560 7790752 9710414 5231023 6660930 3700519 230872 7310371 8190741 8190371 730857 6760857 8190960 3470857 9040857 8190913 3950960 3950371 8871007 7790743 7790516 2760043 4720857 9040969 230857 9350930 2760752 8870043 730071 2760872 730964 730752 730043 5370741 730770 730741 730857 730857 730857 8870580 7980973 730857 6660930 6660930 730071 6660043 9350743 730071 730743 6660043 730743 730071 6660043 730200 730752 730857 730857 6660043 730857 730743 8870424 730888 730888 730743 730743 8870043 7790741 8190519 8710857 3470857 1030282 1030292 7980973 3730519 8190894 5370930 3470200 5370741 9710371 9710741 9710741 7790894 8190765 2760772 730880 2370973 1760973 5370741 8190752 6660930 9710071 730857
2760894 9710422 7790770 2760964 2760071 9350043 8711023 9710770 9710920 3470894 9710743 3700422 8710770 3700422 730880 730043 3470200 9710772 9710496 3730004 8190930 8870870 9710741 9710496 9710772 8190741 8190960 8190741 8190770 3950043 3470200 3470857 3950960 5370743 3700741 7790937 3700741 8190043 7090973 7090973 7090973 8190646 7090973 8190646 8710857 3700205 9710205 3470205 3700770 9710422 9710200 8870422 9040857 3470857 9710646 3470857 2760924 2760071 2760924 9040772 8190896 2760857 8190687 2760857 7790964 8190960 3470200 8190071 3700857 3700770 9710752 7790841 8870741 9710772 9710772
3470894 9710741 9710205 9710923 9710414 8190888 8190560 8190560 3700857 9710496 9710646 3470857 8190646 8190646 7090973 7090973 7090973 1760973 7090973 3950371 8190770 3700770 2080770 3470043 3470043 2760043 2760414 2760857 7790371 9350924 9040857 7790741 7790371 9710414 3471023 2760857 9710864 9710864 3470414 3470043 9040043 2760924 730770 3930961 8190964 8190071 8190964 9350924 3470743 9710969 3700205 3470743 9710743 9710770 3470752 9710071 8190560 8710857 3700422 3700519 4720857 8870741 910928 730928 3930519 3930519 8190969 3470857 9350741 9350880 9710006 9710770 8190752 8190960 9710071 9710743 2760770 9710422 9710741 3700770 9710752 9710071 3700422 9710006 3470743 3470743 8190772 2760043 7790857 7790964 3950960 8190770 8710770 2760770 3470752 9710743 9710969 9710071 3470205 7790964 7790888 3470743 2760924 3470043 2760006 3470752 9710743 9710071 9710071 3470743 2760743 7790894 3470200 9710743 9710071 9710920 3470743 3470743 3470743
3950043 2760071 3470043 2760043 8870422 7790516 3730004 3730004 3731010 4630857 4630857 8190770 7790687 2760894 9710741 3470743 9710743 9040857 9710371 9710752 9710422 9710969 9710496 9710422 9710519 9710071 3470857 3700519 3730646 3730646 9040857 3700770 3470894 2080770 730560 8710857 9710496 9710752 3470752 9710043 9710864 730752 8190043 2760741 9710071 3470752 3470205 9710743 3470857 3470894 2760741 9350880 9710770 8190371 9710205 4720857 8190770 9710741 3700741 3950960 3470752 3470752 8190071 7090973 8190888
5370930 2760743 3700770 9350071 9710770 7790687 7790964 7790687 2760960 730857 8190960 8190894 730961 9710422 730880 8870741 9710743 7790741 3470743 3470987 9710772 9710646 3700770 7790913 7790913 7790371 7790741 7790770 9040772 7790770 7790752 2760924 9710782 2760071 3470200 7790687 2760770 7790752 2760964 2760741 9711002 3470200 9710071 9710920 3470752 3470752 3470987 9710646 7790687 3470894 7790371 7790743 7790964 8870043 3470043 7790964 8711023 2760752 2760743 9710200 2760964 3470580 7790743 7790964 3470043 7790371 7790741 8870741 3470043 9040043 7790969 3470200 3470987 9710743 3470422 9710043 3470043 3470200 9710920 2760071 730071 2760071 9710969 9710969 2760964 3470200 2760071 9040969 2760969 7790969 9040969 9040969 7790969 9040969 7790743 9710969 9710920 3470422 9710646 8190560 2760857 3731010 3730004 3730004 7090973 7790743 8190964 8190964 8710770 8870741 9710743 3700770 9711023 8870043 7790743
7790687 9711023 3470743 9040772 3470772 3470422 7790772 9040043 7790741 7790741 9040772 7790888 7790741 8710770 3470752 3730646 3730004 8190894 9710006 7790371 2760741 3470200 3700741 3950371 3470043 9040969 3470743 9710969 9350071 9710920 2760964 9350560 1760973 2760071 8190071 9710071 9710920 3730004 3730004 3730004 9040857 3470743 9710006 8190560 8190942 3470743 3700770 9710741 8190687 7790964 9710752 3700741 9710770 9710770 3470752 9710920 910928 8190973 3730928 9711023 3730004 4630857 4630857 3731010 3730646 8190964
3470414 3470857 9040580 9710205 9710770 5231023 2370973 3230422 9040969 3731023 3731023 1760973 3731023 3730004 7090973 2760743 8190519 2760741 8190942 8190741 2760857 3470205 9040772 8190930 8190772 1760973 5370772 2760857 7790888 3730519 3230422 7790894 7790752 7790969 230872 9710422 2760770 2760752 9710646 3730241 8190687 5370071 5370930 5370772 2760857 5370772 8190772 7790516 9040043 3730200 730212 8190687 3731023 3731023 3470422 2370973 1760973 3730765 9040857 3730004 5231023 9710006 730560 3730043 3730646 3730829 6350601 2760770 2760743 2760857 7790743 3471023 1760973 1030646 9350646 2760646 8190687 3730177 1760973 1760973 1760973 1760973 7980973 9710864 3700580 9710580 3730043 9711023 3470043 9710422 3950729 3950043 3950043 8190646 7090973 7090973 7090973 8190043 3950043 3950043 3950729 8190043 8190043 8190043 8190043 8190930 7090973 9350880 8190646 3700857 8190752 8190969
8190930 7790371 9710043 2760752 8190765 8870772 9710043 9710205 7790969 7790687 9350646 7790857 3470200 3470743 9711023 3250857 8190071 9350741 9710743 8190969 8190973 8190560 7790371 9040043 8190043 8190964 3470200 3470857 8190964 3470857 9040969 8870741 9711023 3470205 3471023 9350888 7980973 5231023 3470200 3470205 9040857 8190371 9040857 7790841 9040043 9350741 8190687 3250857 9711023 9711023 9710646 3470200 2760857 8190687 2760857 3470894 3470200 5370043 8190964 3470857 8190741 8190687 9350114 8190829 9711023 7980973 3730043 7790913 2760924 9040580 3470422 8190942 3470987 3471023 3700741 7980973 9350930 9350930 7790857 7790894 8190913 9710646 3470743 9710043 9350888 3470857 9710920 3470200 3471023 3470743 9040772 3470200 2760741 8870741 9710857 3470200 5231023 9710006 9710006 8190043 3470200 9710743 9040857 9711023 3470205 9710422 7790743 8190371 8190969 8190560 9350560 9350071 7790969 7790969 3470200 5370371 8190371 9710205 2760560 8190560 9350880 3470200 8190519 7790741 3471023 2760071 2760752 8190942 8190942 8870741 3471023 8190969 9710205 3700519 3470200 2760857 730857 2760743 3470200 7790894 3470043 8190960 1940973 7980973 2370973 9350114 730743 3731002 730043 5370930 2760857 2760646 2760743 8190519 7790894 8190896 9350560 3470200 3470200 8190687 5370743 7980973 9710006 9710006 2760371 7790687 7790964 3470200 9711023 9710371 9040043 8190043 2760422 8190371 7790857
9350930 5370741 9350930 9350071 9350043 2370973 2370973 3731023 3730004 3731002 3731002 7980973 7980973 1760973 7980973 7980973 9350930 9350880 3731010 3730004 3730004 3730004 5370930 1760973 3730004 8190930 6660930 9350880 2760857 9350752 9350752 9350930 2760857 8190770 9350765 2760857 5370071 2760964 8190772 8190896 3730200 3730241 3730004 3730200 3730004 3730004 9710930 9710864 8190969 7310371 9350071 9350924 8190888 9350752 9350043 9350043 9350741 8190043 7980973 730743 9350114 9350741 5231023 9350580 730857 9350752 9710782 3730004 3731002 6660043 9350071 2760928 3731002 3730200 3730004 9350930 7980973 9350888 9350741 9350888 9350741 9710930 9350741 6660930 6660930 730743 9350888 8870422 9350888 9350880 7980973 7980973 9710930 730928 730212 9710205 9350752 9350743 6660930 9350560 2760857 9710864 5231023 3730004 9350930 730880 730519 9350741
3230422 230857 230857 6760857 8190973 5370371 8190888 2760857 2760743 3470772 7790964 730857 9710519 1940973 7980973 9350930 2760772 7790857 7790857 3950043 7790857 7790516 7790772 7790857 8190043 7790687 9040772 7790841 8870772 5371023 5370772 5370930 5370772 5370930 5370930 7790580 7790580 7790937 730880 8190964 8190973 8190964 8870870 9350071 8190969 8190969 730930 5370930 230857 8190519 7790772 8870772 9350930 8870870 8190519 7790857 730930 7790937 8870043 3950729 3950043 3730200 9710857 3730241 7790752 3930519 9350071 8190519 8190043 7790894 3471023 5370071 9350580 9350743 9350743 3470894 7790043 4720200 8870043 7790580 3950043 8870580 3950043 7790043 8190687 730857 7790969
1760973 7980973 9350752 9711023 9711023 2760857 7790519 7790888 3731010 3731010 3730646 9711023 3471023 7790888 7790969 7790913 3730043 7980973 9350646 5370741 9350043 7790857 7980973 8190973 8710770 3470857 3470200 9040857 3950043 7790913 7090973 7090973 9040857 8190829 3470200 9710071 3470200 9710414 8710770 9711023 7790741 9710752 4720857 9710969 7090973 3950043 7090973 9350043 9710071 9710969 8711023 8710770 2760741 5370930 8190930 9710752 8710770 910857 8710857 8710857 9350924 8710770 2760071 730857 2760857 1030638 7980973 1760973 2760857 8191023 8710770 2760930
9710371 3700519 3700205 3731010 9040857 9040857 8190560 3470857 730880 730371 3470857 730743 2760741 9710371 1760973 8190770 9710414 9710496 3470987 9710920 9350580 730752 8190930 9710857 9710969 3470205 2760043 2760560 7790894 7790841 3470743 2760960 2760743 9710519 6660043 2760071 9710422 7790741 7090973 7090973 7090973 8190371 8710770 9710371 9710371 3731023 8710770 8710857 9710923 9710752 9710414 2370973 2370973 2370973 2370973 1760973 3730004 3730646 3730646 3731023 8190964 9040969 7790580 8870580 7790894 3470894 8870043 7790964 7790741 5231023 9710205 3730004 3730004 3731010 3730646 3730646 3730993 9710857 9710857 3700857 8870741 3730004 730857 9710857 7090973 730743 730924 2760964 8870580 7790743 9040969 8190043 9710770 9710930 230872 3470422 9710969 3470752
4040200 8870870 8870870 1760973 5370930 7790857 8190043 8190043 7790857 3950043 8711023 7790870 2760752 730924 6660930 3731010 3731002 9710969 1031010 9710741 3730004 3730004 4630928 3950043 7790857 8190519 2760741 9710857 2760006 9710864 730043 8190888 8190071 2760743 2760894 3700770 9710371 9710371 9710371 9710872 9710371 3470205 9710872 3950371 7790888 7790841 7790841 7790969 2760043 3730004 8190043 8190071 7790888 5370772 2760580 8190071 7790888 5370743 7790841 4630580 7090973 2760857 2760872 910928 910928 5370729 8870924 1031010 730741 730888 730560 730580 730560 9710422 9711002 3470580 9040580 9710006 7790857 7790913 7790857 8190930 8190752 3730004 1760973 9350560 8190519 6350601 8870043 8870741 7790687 7090973 8190930
9711023 7790857 7790371 3731002 1760973 5370930 230857 2760071 5370772 2760857 2760872 7790371 8190964 7980973 230857 2760857 3730200 7980973 3730004 4990857 5370371 9710200 9350071 3730004 730212 9040772 7790743 9040580 2760560 3730043 3731002 10110857 9350741 8190741 8190752 8190752 3950960 2760006 3470580 8190741 9350743 2760743 2760752 8190071 7790964 2760857 9350580 730857 8870580 8870580 8870580 8870580 9040580 5370043 1760973 8191023 7790964 1030857 2760752 2760580 7790580 2760752 3730004 8190942 2760772 8711023 9350752 7980973 730857 7980973 3730519 6660930 730928 3700580 8870580 9040580
8711023 2370973 3730004 9350043 9350560 730770 730964 9350752 730770 730752 3731002 9350741 3731023 1760973 3730004 3730004 3730043 3730043 1760973 7980973 7980973 3730043 9350741 3731010 3730004 2760857 8190960 6760857 9350743 2760857 9350930 5370772 2760894 2760752 8190752 3470200 8190772 8190772 7980973 3730200 7980973 3730004 3730004 8710857 9350924 1760973 7980973 8870924 9350043 9350888 5231023 9350888 10110857 8190560 5370371 730857 9350741 9350043 7980973 730071 5370743 9350741 730964 9350580 9350741 7980973 7980973 2760857 2760857 3730928 9350741 9710371 3730241 9350930 9710930 9350752 2760857 9710200 9711023 6660930 6660043 6660043 9710043 9350741 2760894 9350930 9350930 730857 9350930 230857 3930519 9350560 9350071 9350924 730743 730743 9350880 9350924 9710772 2370973 3731010 9350580 9350752 9350071 730888 9350924 9350752
8190043 8190646 3950371 3730004 3730004 3730004 2370973 8190560 8190071 8190071 8190071 2760857 9710752 9710519 3730004 2370973 2370973 8710857 9710414 2760964 3730241 9350743 9710969 9710496 9710872 7790741 7790913 3950371 7790743 9710414 2760043 2760414 230872 9710772 8190043 8190894 7790857 3950371 2760772 3731010 3731010 3731023 3730646 8190752 2760743 2760752 2760772 730888 3470205 3950960 7790888 7790687 4720544 4720544 7790913 7790741 2760857 6660043 8190930 7790964 2760857 8190964 2760857 3700770 2760071 5231023 8870741 9040043 9040580 9040857 9040857 8870741 9350741 8710770 730741 2760071 3470987 7790894 9040772 7790913 3470422 730969 3930519 7790841 3950371 7790913 3950043 3950043 7790857 7790913 7790857
8870741 9350888 9350743 9350888 230857 2760043 9350043 9350071 2760752 8870043 8870870 4040200 9710969 730880 9710414 8710770 730870 2760894 8710770 9710205 9710205 2760071 9710857 9710930 730752 730928 730752 730924 8870043 9350924 730371 8870741 8870741 3700205 8870424 8870560 9350924 8870043 8870741 8870741 3700741 8870424 8870741 9040969 3700422 3730004 7980973 8190969 8190969 8710857 9710923 8710770 9710743 9710857 8190741 9710200 9350043 9350043 9350880 9350560 2760043 9350924 730924 8870870 8870772 9350741 730560 9350924 9350743 8190741 8190741 8190969 8190371 3700857 3250857 910857 8870424 8870741 8870424 730741 730928 8870043 9350741 8870043 8870580 730741 8870870 730741 7790969 8870560 9710071 9350888 8190071 5231023 730752 730772 730371 9350741 8870422 9350741 8190772 8870772 730371 8870772 8870772 9350924 8870424 8870424 730772 730924 8870043 8870924 9350043 730812 730969 730969 730043 730924 730422 8870741 7980973 8190043 9350043 8190043 9350043 9710782 8870772 730888 9711002 730888 8870043 9710857 8870772 8870772 730043 730371 8870741 4720200 8870741 8870741 9710496 3470772 8870560 9711023 730924
8870741 9040969 7790964 7790741 8870422 7790741 3470200 7790969 8870741 3470200 8870424 8870924 3470200 7790743 8870043 8870924 2760894 9710414 7980973 910857 9350743 2760969 2760857 1760973 8710857 3470752 910857 730964 9710920 910857 8710857 3470752 9710923 8190741 8190896 8190964 8190770 3730004 8190071 9710741 8190770 9710752 7790870 9710920 730743 8870741 1031010 5370371 9710371 9710969 9710200 9710772 9710752 9710414 9350741 8190071 3470580 9710200 8190519 2760857 9710923 2761007 730924 2760752 2760741 9350888 2760894 8190888 9710200 9710414 9350880 9710580 9710200 9710741 7980973 3730646 8190371 9350743 9350071 8190888 9710923 9710857 8190896 9710743 9710752 9710752 8710770 5370743 9710414 3470200 9710496 3700205 9040580 7790913 7790937 1760973 8190741 3730004 3730004 7090973 8190894 8190960 9710923 1760973 8190960 3730004 8710770 9710741
3950371 8870741 9040969 9040969 8870741 9040969 7790888 8870560 7790752 7790752 9040043 3950960 8870924 7790913 3950043 3950043 3950371 3950043 9040969 3950371 3950371 730422 730930 8870422 730857 730560 730422 9350560 9350741 9350930 5370071 9350741 8190960 9350880 9350741 910857 9350741 8190371 910857 9350646 8190560 8190913 8190969 4040200 9040857 4040200 910928 9350924 2760006 730812 8710770 5370772 230872 2760930 2760752 2760930 2760930 2760743 2760752 8190894 8190687 910519 730741 9710969 9710371 9710371 9710782 8710770 9710752 9710857 8190960 9710496 9350752 9350880 7790894 2760043 9710782 9710043 8711023 9711002 3700741 3700741 9710519 3700741 8710857 8190930 9710857 8710857 9710923 9710519 9710741 2760741 2760071 3470857
9040857 3470743 9040857 9040857 9040969 910857 3470857 4630928 9040969 9040857 9040857 3470894 6660930 8190752 3730404 2760857 9710741 9710857 730212 730371 3700741 9710414 9710741 9710741 9710414 9710741 2760414 3470200 730880 910519 9350930 730857 2760646 9350043 730043 8870043 8870043 2760969 5370743 9350114 8190960 8190942 8190973 2760969 730071 910857 5370071 10110857 8190942 5370071 2760969 2760043 8190969 7790969 7790857 8870424 8190560 7790741 2760857 8190071 9350580 5370743 8190071 8190043 8190960 8190071 2760857 3731002 730857 9350888 9350741 3470200 910857 7790969 2760646 8870424 7790969 7980973 3730004 9710414 3470894 230872 8190964 730741 730752 7790741 9710205 730770 2080770 8190896 730857 730857 7980973 8190973 8191023 3950043 7790913 7790894 7790913 730741 3700580 8870422 3730646 3731023 1760973 3730928 3730928 8190646 9040772 9040043 8190913 9350924 3930519 8190071 8711023 8190071 8190888 8190888 8190913 9710923 5231023 3731002 9350043 9711002 8190741 3470987 7790964
3700422 3700422 9710422 8711023 9710422 3700422 3700741 3700422 3700422 8870422 9350043 9350924 3470043 8870741 9710872 9710200 9710741 8870741 9710864 9710864 8870741 8870560 9350743 9710205 8870424 9710496 3700205 9710205 8711023 9710422 9350752 7790741 8870741 3700770 730752 8870560 9710752 3700770 730741 9350888 3700519 9710752 3700770 730928 2760371 730870 730870 730928 9710043 730964 9710200 9710923 8870560 5231023 5231023 730924 9350930 10110857 2760371 2760741 9710043 9710496 730772 3700770 9710043 9711023 730770 730743 8870741 3700205 8870043 730560 3470043 9710043 9710043 9710043 9710646 9710043 9710043 9040043 9040969 2760371 9710872 8870741 8870043 9710496 730857 9350752 9350741 730857 9350071 5231023 9350043 6660043 5370071 730964 9350560 9350743 9350071 230872 6660043 2760960 2760043 2760043 5231023 7790741 2760043 2760043 7790371 730043 6660043 5231023 9710371 8870741 2760741 9710043 2760371 8870043 9710043 8870043 8870043 8870043 7790752 7790371 730043 8870043 730043 8870043 7790752 8870043 8870043 3470043 7790743 8870043 8870741 7790043 8870043 8870741 7790043 7790371 730043 9040043 7790969 8870043 730812 7790969
3950043 730964 9710920 9710071 9710782 9710782 9710770 8190741 9710857 8190964 8190964 3470743 8190964 9710422 7790752 8190942 3730004 3730004 8190964 9710969 7090973 8190896 3470857 3470924 8190371 9711002 730924 3730004 3730004 7090973 8190752 9710743 8710770 9710752 8710770 3470743 9710920 3700770 7790770 3470414 2080770 9710496 3470987 7790743 7790741 730741 9710770 9710872 2760752 8870772 730752 9710414 3470043 3470043 7790964 7790888 7790894 7790741 9040043 7790741 7790894 7790741 7790969 7790894 7790743 9040043 7790743 3470743 3730004 3730004 8190741 8710770 3470752 9350930 9710930 9710043 9710043 3470200 9710205 9710496 3730928 7090973 9711023 8190371 8710857 9710752 7090973 3470857 3471023 3950960 3470857 2760770 7790752 9711002 9710772 730752 730741 2080770 3470200 2760043 8190888 8190071 3470200 3250857 3470743 9710969 9710770 3470205 8190560 8190646 3470043
9710496 2760872 9710920 3950043 2760964 7790741 2760857 7790857 7790913 9350924 9710371 730741 9711002 5231023 9710872 5231023 5231023 9710414 9711023 5231023 3470857 2760414 9040043 9711023 8190960 9710930 2760872 2760857 2760752 9710930 9350930 730928 9350880 2760371 2760772 3730241 8190741 9710857 8190371 9710371 8870772 9710006 8190560 3470857 8190560 8190560 8190560 7790857 3731023 3730004 7090973 4630928 4630928 7790913 7790913 7790743 5231023 8190888 8190964 3700205 3470200 8711023 3470894 8190687 5370043 7790752 3470200 8711023 9710200 9710043 8190894 3730004 8190752 9710741 9710864 9710043 9350888 9710371 9710371 9710864 3470857 3470857 3470857 8190646 9710864 9710872 7790743 2760772 2760741 9710864 8190519 8190519 8190888 3471023 9710920 3470857 9710857 3470752 3470205 730930 6660930 730560 8870422 8190560 9040857 4630928 9710782 3470857 9710857 8190770 4630857 3730004 8190894 2760857
3730004 8190896 8190770 9710200 9711023 3470752 9710414 8190896 8711023 9710743 3700741 9710371 9710496 2760857 8711023 8870870 8190560 9350752 3470414 9040043 2080770 9710071 8710857 9710071 9710414 9710071 9710071 9710496 9710920 3470857 3470200 8711023 8710857 3470200 8190930 2760770 8190964 8190888 8190964 8711023 9710743 9710071 3470857 10110857 8190942 9710770 9710752 3470752 9710864 9710770 3700741 5231023 8190960 9710496 2080770 3470743 8190071 8190071 3950043 3950043 7790857 8191023 8191023 8190646 3950960 4630200 3950043 7790857 9040857 8190043 3950043 3950043 2760770 8711023 9350888 2760006 3470987 2760772 3730829 10110857 2760770 9710519 9710496 9710770 9710752 3470752 3470200 3471023 9710646 8190896 7790752 8711023 9710496 9710741 9710923 8710857 3700857 3700770 3700857 9710782 9710857 9710200 9710371 9710857 8190894 910857 9710930 8190894 8190752 8190960 8190741 8190969 9710770 3470752 9040857 9350560 8190969 3730004 8190896 9710205 8190894 3470200 9711023
9040969 8870741 730741 730741 9711002 730857 7980973 9350741 8190741 9350888 8870741 9710496 5231023 9350752 730857 730857 730752 9710422 10110857 8190371 5370772 2760752 2760071 9350880 9350741 3470043 8190829 3700741 3700857 8190741 9710969 8870560 3700741 9040969 3470200 3470422 9040969 730741 730371 730741 730741 3930519 731007 9350741 2760960 730857 730924 9350043 9350043 9350071 8190964 8190770 5231023 9350924 730752 8710857 9710770 9710969 8190969 8190969 8190969 8190969 8190969 910857 9350114 730924 8190560 9350930 730857 9710580 3470043 8190770 9350043 9710969 3730004 3700857 8190741 9710580 9710741 9711023 8190960 3470205 9350924 9350888 3470200 8190741 9350560 9350560 3700857 5370930 730857 8870043 730043 8870580 730560 3470422 8870580 9040580 730772 9710864 9710043
7790969 4040200 3731002 8190973 4720857 730646 2760371 9710857 9710741 3730004 3730646 1760973 3730004 1760973 4630200 7090973 7090973 7090973 7090973 910857 730961 730812 8870772 9710770 730743 730560 730071 4720544 4040200 9710043 730743 7980973 8190973 7980973 7790772 7980973 9350071 7980973 9711002 730857 730964 730071 3470422 3470422 730969 910857 8190969 1760973 1760973 4630857 1760973 1760973 1760973 8190973 4720200 8871007 4720544 910928 730969 5370071 910928 730743 730857 5370043 9350743 8870772 4040200 5370772 730857 4720857 7790857 4720857 910857 9710414 9710923 8870741 7790687 8191023 8190741 8190969 7790857 9350700 9350043 2760928 2760071 2760964 2760928 730212 2760743 2760894 2760743 2760770 2760071 2760964 8710770 9711023 3470987 2760894 2760422 2760964 2760772 7790894 7790894 7790913 9350752 2760071 9710782 9710071 9710422 9711002 2760928
730371 9710043 8870741 8870741 9710371 9710752 3470924 9710770 9710519 3950960 2760006 7790741 3470752 9040857 2760071 2760371 8710857 9710923 2760422 3470422 9710414 7790770 3950960 3950043 9710743 3470580 9710496 9710371 9350071 3470743 2760894 2760371 2760930 3470580 2760071 9710371 4720200 9040580 3700770 9710414 9710872 3470752 3700770 7790888 730743 9710043 2760752 2760071 7790870 9710741 7790770 3470043 9711023 9711023 3470987 7790888 9040969 9710646 9710646 9710414 730560 9350752 8190960 2760770 9350580 3470752 9710923 9710969 9710782 8190071 3470200 9710920 9710071 7790964 7790770 9711023 8190969 7790687 9710752 9710205 9710205 9710205 3470205 3470743
3470924 7980973 8870772 3700580 730580 5370743 8190371 9710930 730857 9711023 8870580 230872 7790752 8190752 3730993 4630580 3470857 3470580 9710422 230857 9710519 5231023 9710414 9710772 5231023 9711023 730741 9710422 3700205 3700741 3700857 8190969 9710205 2760857 9710857 9350560 9710872 730371 8190752 8190888 9710371 3950371 9710743 8870741 3950960 7790937 9040857 8190973 9350743 8190896 9710200 2760006 2760928 9350924 9710923 3250857 3700857 730071 9710071 9710071 9350071 6660043 9710006 3700205 9710969 730043 730043 3230422 3230422 730924 3700580 9710752 3470752 9040043 7790770 3470200 7790841 2760043 730043 7790043 9710414 2760752 730964 7790043 8870043 9710043 7790743 7790894 8870424 7790870 8870043 8870043 7790371 7790894 8870043 8870772 7790043 8870043 730043 7790043 9040043 9040043 9040043 8870043 8870043 9040043 8870043 7790371 7790043 8870043 9040043 8870043 7790741 8870043 8870043 9040043 8870043 3470043 9710043 9040043 3950043 9040043 8870043 8190071 8190930 3730004 8710857 8870924 8190560 9710043 2760371 9710752 9710043 8710857 8710857
7090973 8190371 8190560 9710857 8190371 7790743 8711023 9710414 9710752 9710782 910928 9710770 8190071 8710857 8190770 3730004 8190560 8190071 8190770 8190888 9350071 8190770 9710770 9710872 3730004 3730004 3730004 8190741 9040857 3470857 9710930 3470772 7790371 9350743 3730004 3731010 7090973 7090973 7090973 8190043 4630928 8191023 8190741 8190741 7790741 9040857 9710857 8190071 9710741 9710930 3470857 8190741 8190888 9710782 9710752 3470752 7090973 3730004 8190772 9710920 5231023 9350741 3731023 3730043 9710930 3730004 3730004 3730004 3730004 3731010 7090973 7090973 3730928 4630928 7090973 3470752 9710006 9710371 3700857 9710496 9710200 9710414 8190896 3730004 3730004 7090973 7090973 7090973 4630857 7090973 7090973 7090973 7090973 8190043 8190043 3700857 3731002 3950729 8190371 8190371 3470200 5370743 2760043 3950043 7790857 7790870 7790857 8190043 7790857 7790857 7790857 8190646 8190969 8190913 8190741 9350071 7790964 5231023 9710969 3731010 9710071 730924 9710923 9350071 6660930 3470205 3470743 3470743 3470743 9040857 3730646 9350071 3730004 3730004 9710741
7790519 7790043 7790043 7790519 7790519 7790519 7790519 7790519 7790519 7790937 7790519 7790519 7790519 3950043 7790519 7790043 7790043 7790870 7790043 7790913 910857 910857 9350930 8190770 8190071 3731002 910519 910519 910857 910519 3730993 3731002 730924 7790741 8870772 730770 8870422 8870580 7790580 1940973 9350930 9350930 8711023 9350752 730071 8190913 8190646 8190646 4630857 3730519 9710930 2760857 2760371 2760770 2760752 2760043 2760772 3731010 3730004 3730004 3730519 1760973 2760894 2760857 2760924 8190687 6660043 2760930 3730004 3470987 2760752 9710864 730741 9710770 3470414 8870741 9350752 2760964 2760964 7790969 7790371 3950371 9040857 8870772 3950043
8190741 9710930 7790857 8870043 1760973 9350043 5370371 2760857 5370371 2760872 5370371 7790743 7790969 8870043 7790969 8870043 7790969 7790969 7790043 7790043 7790043 7790043 7790969 7790043 730043 7790043 8870741 8870043 8870580 2370973 3730928 9350043 9350752 730812 3731010 730857 7980973 8790857 9350752 9350752 730857 5370930 1030282 5370200 3731002 5370200 9350888 2760964 9350930 5370043 2760857 730857 730772 730924 9350071 7980973 3731010 730770 3730200 3730200 3730004 8190043 8190770 2760043 2760930 2760071 5370043 7790857 7790857 9040580 7790894 5370043 2760043 7790580 730043 7790937 7790043 7790580 8870043 7790580 7790580 7790857 5370580 3470200 3730043 5231023 9350743 2760770 2760857 1030857 1030638 3730004 5370071 8190770 3950960 730371 3471023 9710930 7790857 8190969 2760857 730857 3470200 8190772 730857 9350924 4990857 9350071 730371 730857 5370371 730857 5370371 5370930 3730993 2760857 9350043 730857 9350752 9350043 6660043 6660043 730930 9350043 9350043 9350043 730043 9350043 5370829 9350043 9350043 9350043 4990857 9350043 9350043 9350043 730930 9350043 6660930 9350043 9350043 9350043 9350043 9350930 9350043 9350043 5370043 6660043 9350043 730043 5370371 730857 9350580 730857 730580 3730993 9350580 9350580 9350560 9350560 4990857 5370071 730857 5370580 5370580 730857 5370829 730741 9350930 9350930 9350580 730857 5370043 9350741 7980973 730371 9350741 7980973 2760930 2760857 230857 9350930 2760930 6760942 6350857 9350930 730741 5370741 5370043 9350114 730857 2760857 9350043 6660930 730519 9350114 10110857 8190930 2760857 6350857 9350930 9350888 6660043 2760857 9350930 730200 730857 730857 9350930 730857 730857 9350930 5370930 230857 9350880 9350071 9350888 9350930 730857 730857 730857 730857 730371 2760857 2760857
3470200 9040857 2760857 3470414 8190043 3470580 7790741 3471023 8190964 2760857 8870772 730888 3700422 7790894 8190741 8190741 9710519 9710519 3470422 3470894 3470743 3470422 2760560 8190964 2760964 2760857 8711023 3471023 3470924 9711023 3470414 9710920 8190896 3700741 3470894 8190519 8190741 2760857 7790857 7790741 7790937 7790743 3950371 8190519 3471023 8190371 2760857 2760743 7790371 3470414 2760857 7790741 7790894 2760646 8190772 2760071 7980973 8870772 2760006 7790964 7790894 7790516 2760857 7790857 9710920 2760964 5370743 2760857 230872 8190519 2760930 2760006 8190519 7790870 7790743 5370371 3470580 9040580 3470580 7790770 9040857 9040580 9040580 3950043 3470200 3730004 3730004 3730004 3730004 3730004 7090973 7090973 9040857 3471023 8190894 8190896 3730004 3730114 910857 2760371 230872 2760894 2760752 5370371 2760924 2760964 7790516 9350741 2760894 2760857 8190894 3730043 9350043 5370743 7790770 2760857 730743 730741 9711002 7790743 8190942 730743 9710969 2760894 230857 730752 730371 2760924 2760371 2760964 9710422 8870741 5231023 2760770 2760964 2760872 5370743 2760857 7790857 8190913 8190964 730888 6660930 2760964 2760772 2760772 9710923
9710205 10110857 9711023 3470987 9711023 9710646 3700741 3700741 3700770 3700770 4880973 3730241 2760857 2760894 3471023 3470752 9710646 3700770 9710496 9710414 3470857 9710857 9710857 3700857 730560 9040857 9711023 8190960 9710923 8190741 8710857 9710857 8711023 7790964 3470743 8190896 7790857 7790770 8190752 8711023 9710770 2760741 6660930 9350930 6660930 9350114 2760857 8190964 3950371 7790964 8190741 3470924 3470924 3470924 3470924 3470924 3470924 3470924 3470924 3470924 3470924 9710006 9710006 9710006 9710371 9710371 9710872 9710872 9710371 9710872 9710872 9710371 9710872 9710872 2760872 9711023 3470414 9710006 9710371 9710371 9710371 9710371 9710371 9350930 6660930 230872 2760741 9710864 9710864 9710864 8711023 9710872 9710872 9710872 9710872 9710872 9710872 230872 5370741 3730004 9710857 8190888 9350560 2760857 8190071 8190964 3471023 9710006 5231023 5370043 3470924 3470924 3471023 3470414 3471023 3470743 7790770 2760894 3700741 3700519 3730404 3730928 3730928 3730043 9710857 5231023 8190752 3700741 2760930 2760894 230857 2760770 8870422 9040772 730560 3700770 6760857 9710741 230857 7790870 2760930 2760930 2760894 2760930 2760772 2760770 2760964
2760414 7790888 9710872 7790894 3700741 9710414 9710071 9710071 3470743 3470894 8190964 7090973 230857 2760772 7790888 2760560 8190888 2760743 7090973 2760743 2760371 2760743 2760580 2760043 2760741 2760741 9710864 7790741 2760964 2760741 3470580 2760857 7790770 7790770 7090973 3470857 2760414 7790894 9711023 2760414 7790519 9710969 9710371 9710371 9710770 730924 730964 9710930 3731010 8190071 9350741 9710743 7790741 9040969 5370371 9710923 3700741 5231023 5231023 7790937 7790770 7790770 3471023 3470200 7790752 3471023 7790770 7790770 9040580 2760371 2760752 7790743 2760770 8870043 7790770 9711023 2760964 3470200 7790913 2760770 5231023 9710923 2760371 8190964 2760964 730888 8190888 3470743 7790752 8190888 7790743 4880973 4880973 7980973 5370930 5370930 4880973 2760928 8190960 9710872 2760924 5231023 1030993 2760930 5370772 2760894 2760043 2760964 2760743 2760043 2760930 2760043
9710782 730743 9710071 730870 9350924 9710923 2760960 2760770 5231023 9711002 730770 9710741 2760414 9710205 9710414 730043 730212 730043 8870043 3700422 7790741 9710743 8870560 3700422 7790741 7790743 7790743 7790969 3470924 3470200 7790969 8870741 7790913 7790913 3950371 3950371 3470414 7790913 7790913 7790741 7790741 7790913 3470422 7790913 3470987 7790752 8870924 2760770 9710205 9710422 2760924 3470894 3470924 7790741 7790743 8870043 7790371 3470043 3700741 730071 730964 9710743 7790371 9040043 3470200 3950371 7790752 7790913 3700205 7790741 9711002 8870741 8870741 7790741 2760560 9711023 9350743 8190969 3470200 8190071 9350741 8190913 8190371 9710371 7790743 3470200 8870560 2760371 2760772 2760741 2760741 2760960 9040857 8190937 8190894 8190752 8190371 8190371 2760872 2760743 2760560 9710923 8870924 2760371 730371 2760770 8190752 9710043 9711023 730964 2760743 2760969 9350741 2760770 9710969 7790964 9350743 2760969 2760894 3700519 730560 730741 9710864 9710422 9710422 8870043 730924 8870741 8870422 9711002 9711023 3950043 8870424 3470987 7790770 3470043 7790743 8870741 3470043 9710043 9040043 9710414 3470200 7790937 7790964 8870741 3470987 7790741 9711002 3470043 7790969 9040043 9040043 3700205 8870043 7790937 8870043 8870924 3950371 9710043 8870741 7790741 7790741 7790741 7790371 7790969 7790913 3470752 3470752 8870043 8870043 9040043 9711002 730741 730770 3700741 8870924 730741 9710743 9711002 2760414 9350743 3470200 730924 9710772
3700519 9710496 9040969 9710770 7790964 7790964 7790894 7790913 9710071 9350924 2760741 9710782 2760071 3470200 3470857 5370743 2760071 2760969 3470743 9710743 9710920 2760964 9710200 2760969 9710864 3470987 3470894 730770 7790964 9040772 9710923 730371 9710752 3470743 7790894 3930519 9710371 9710496 9710496 7790870 9710920 730752 2760770 3470200 2760872 9710043 2760743 2760071 2760964 9040580 9710920 7790870 2760964 3470743 3930519 2760969 9710743 2760743 2760969
7790516 3470772 7790894 7790894 7790888 3470200 2760928 3470200 9710071 9710920 7790969 9710920 3470987 7790888 2760894 2760741 3470200 2760422 2760964 2760043 6660043 730964 9350071 9711002 730880 2760960 730043 2760043 2760043 2760741 3470200 3470987 7790969 2760071 5370071 7790743 7790969 7790752 9710646 7790516 2760071 9710770 2760857 2760743 2760646 2760646 2760964 2760741 2760960 2760770 2760770 2760752 3700770 9710772 7790770 3470752 2760770 2760924 9710770 2760071 2760770 2760422 7790516 730743 2760772 3470200 9350071 8190071 2760969 9711023 2760969 8870043 2760969 7790870 7790937 3470200 2760743 3470743 8711023 3470743 9040969 9710920 230872 730422 9710741 2760930 2760752 2760964 2080770 2760043 8711023 8711023 3470743 3470743 3470743 7790519 2760964 2760857 8190942 2760857 9710923 2761007 2080770 9350752 2760960 2760969 2760872 2760770 2760752 5370071 2760752 2760772 2760071 2760964 2760071 9710043 2760752 2760924 9710422 2760770 9710519 3470205 3471023 730212 9710371 9710864 3470200 3470743 3470743
9040580 8870580 9040580 3731010 3730004 7090973 9040857 3700857 3700741 9710205 7790969 730560 730422 2760580 3470580 2760960 730880 7790752 730580 730888 3470580 7790580 7790516 8870043 2761007 3470772 3471023 2760894 730212 9710772 7790888 3950371 7790857 2760770 7790743 7790857 7790857 9040043 9710752 3700422 8190964 2760752 2760752 3470580 3470580 9710414 9710646 2760043 2760071 9710519 7790888 3471023 7790770 8190765 230872 2760960 7790371 3470580 3470580 8190560 9040857 8711023 7790770 3470772 7790371 8190964 730212 3700857 9710414 8190772 2760772 2760857 2760857 230857 2760071 9710772 8190937 9350580 2760580 9040857 9040857 8870741 9710743 8190741 9710969 3700205 2760371 9710422 7790371 3470987 9040772 9710414 9040857 9710743 730857 2760857 8870924 9710205 7090973 7090973 8190913 8190741 730857 5370743 2760770 7790888 8190964 7790857 8190071 3470205 2760414 9710580 3470043 7790913 7790913 7790743 7790770 8190964 8190888 9040580 9710741 9710741 8190560 1760973 8190043 2760043 5370043 5370772 8190894 2760770 2760924 730924 9710006 3470580 3470580 7790770
7790043 7790913 3470422 9710496 7790741 9040969 9040969 7790371 2760371 7790969 8870741 2760043 3700205 3470422 730880 730770 730880 8871007 9040580 7790752 3470752 7790770 8711023 7790772 3470043 7790888 9710743 3700770 730560 730924 9710205 9040043 7790371 2760752 2760960 9710519 7790752 2760560 7790371 730770 2760580 9710519 3470580 9040580 9710006 9710496 2760752 2760960 2760770 3230422 9710770 2760741 2760560 2760043 2760872 2760560 9710006 2760560 3470205 9710519 3700519 3930519 9710422 3470422 2760924 3470924 3470205 2760741 2760752 9710772 2760006 7790743 2760071 9710071 9710496 9040969 730812 730422 8870772 730422 9710772 9710071 3470752 9040772 7790371 8711023 9710071 9710770 9710752 7790770 3470743 730560 730928 9710772 9710920 2760043 9710772 2760371 1030993 2760964 9710043 9710205 3470772 9710864 5370930 4040200 7790913 7790913
8870741 730928 8711023 9350924 9710772 8711023 1030638 8190519 2760857 2760857 7790888 7790857 1030646 2760743 1031010 5370743 9350071 9711023 3470743 9710422 9710752 7790043 5370043 5370043 5370043 5370043 5370043 5370043 5370043 5370043 4720544 1760973 1031010 1031010 5370741 730857 230857 7790770 7790580 7790743 5370200 9350580 9710770 1760973 1760973 5370071 1760973 3470752 9710752 8710770 3700519 1760973 5231023 8190964 3470743 2080770 3470752 3730177 8191023 8190765 8190894 5370743 5370371 2760580 2760043 730770 730752 730743 730961 730961 9350560 9040969 3731002 230872 230872 2760043 3730004 3730043 1760973 3731023 3731023 4630200 3730043 4630200 230872 2760043 9710371 2760580 2760371 2760872 2760857 7790964 7790857 7790371 3470200 2760580 3470043 8870043 730043 230857 1760973 8190772 8190964 8190646 8190071 8190519 8190888 9350930 5370741 7980973 2760857 8190937 1031010 1031010 1760973 8190519 8190371 9710969 9040969 9710770 910857 2760043 230857 230872 2760770 2760043 2760872 7790772 7790894 7790687 7790743 8190888 8190964 7790770 9711023 3700741 6350857 3730004 7790888 7980973 1030638 5370772 5370743 2760071 5370071 2761007 730772 730371 7790937 9040969 8190646 3950043 8190043 8190043 2760857 3730043 3470422 2760960 910857 1031010 1760973 7090973
3471023 2760071 2760894 2760752 2760752 3730004 8190560 7790888 9711023 9710741 3470200 7790770 2760770 7790888 9710422 7790964 9040857 7790913 7790964 8190888 3950960 9350880 8870560 3700422 8870741 8870560 7790841 8870741 7790741 7790741 3470200 7790913 3950371 7790741 8870741 7790371 7790969 2760928 2760646 8870772 8870741 8870772 7790741 9710200 8870422 9350560 8870924 8870772 8870043 2760924 8870043 3470200 3950960 7790913 7790857 7790752 7790741 8870741 3950371 3700422 8870924 8870560 2760924 8870741 7790371 3470043 9711023 7790937 7790741 7790969 4040200 7790741 8870741 7790741 8870741 9040969 8870741 9040969 7790741 3950729 8870741 8870741 2760741 8870424 7790371 8870772 8870560 9710422 7790937 8870560 7790913 7790752 9710422 9711002 2760071 3470200 7790741 7790969 7790913
3470205 3470200 3470205 9710205 9710205 2760560 9040580 2760560 9710205 730812 8870741 3700205 9040043 3700205 9040969 8870741 7790913 9711002 3700422 3470043 9040043 7790913 8870422 7790937 3470043 9040043 3470043 9040043 3700422 9040043 9040043 9040969 9040969 3470205 9040969 9040969 9040969 3700422 7790913 8870422 8190770 3700770 9710646 3470894 9350560 9710371 9710071 2760371 9711023 9350924 3700770 3700770 9710371 2760928 2760371 9040969 9040969 9040969 8190896 3470894 2080770 9710496 2760414 9711023 2760770 2760960 2760743 7790743 2760371 9710864 2760770 2760371 3470200 9710770 2760857 8190687 9710770 2760894 2760770 8870043 8190071 3470200 2760770 8190752 7790752
9710496 7790770 7790964 9710743 9710741 3730928 3730928 3730928 8190964 9350924 9350924 8710857 9710743 9710743 8710770 3470200 8870043 7790964 7790741 3470422 8870043 7790913 8870560 3950960 7790913 3470422 7790937 3950371 9040772 8870422 8870043 730924 8870772 8870422 730646 8870741 730741 730880 8870741 2760371 2760969 2760924 7790969 8870924 8870924 8870043 730646 730560 730371 7790371 8870741 3470422 730924 2760371 730560 730812 730371 730043 730924 8870043 730741 8870741 730924 7790913 7790752 8870043 7790937 7790894 7790888 7790888 7790913 7790743 7790857 3471023 7790857 3471023 3950371 7790743 7790913 8190964 2760743 3470200 8190043 2760857 7790857 3470200 3950371 3471023 7790687 7790741 3700770 2760741 9710422 9350880 8190888 8190894 2760371 7790913 7790870 7790743 7790913 7790913 7790913 3470200 9710743 3950371 2760071 8870741 3950960 7790371 7790870 2760371
9710205 1030993 1030993 2760857 2760969 9710857 3730004 8190960 8190973 3470200 2760924 3470580 230872 2760772 3470043 7790743 730212 2760371 5370371 4630200 7790580 2760741 9710743 3730004 2370973 3730004 1760973 3730241 1030857 7980973 9710782 2760043 2370973 1760973 8190896 3700422 3470743 8190770 8190770 730888 730969 730646 7790969 1760973 1760973 1030638 1760973 1760973 5370371 8190770 9710200 7790964 1760973 1030638 230857 2760043 2760857 9710782 7980973 730770 2760741 7310765 8190937 8190772 7790770 6760646 8190752 5370043 3470894 9710071 9710920 8190964 8190071 1031010 9350743 9710519 730770 9710200 2760752 2760772 2760772 9710519 8190071 2760964 3730241 1760973 1760973 7980973 9350924 9710857 730857 7790743 9710414 2760580 2760743 9711023 8190964 9710743 8870741 2760743 8710770 9711023 2760741 2080770 3470580 7790888 2760414 9710857 9710205 9710422 2760006 9350880 8190371 8190560
5370371 7790743 7790752 2760646 7790937 9040969 3731010 730857 9710864 2760894 7790894 910519 730930 730741 9710930 7790741 8870772 8190519 2760043 5370930 2760930 2760930 2760930 5370743 2760964 2760743 2760964 2760071 7790888 3471023 7790857 7790580 7790857 2760924 2760894 230872 5370772 2760894 2760006 730964 5231023 9710772 9710205 9710205 9710205 9710205 9710752 9710752 7790894 3470772 7790770 3470752 2370973 8190371 730969 9710205 1760973 1760973 4630580 8191023 8190765 7790888 3471023 9710006 3700519 5370930 3731023 8190888 2760857 2760043 2760743 3730519 1030638 3730004 7790857 8190964 8190519 2760924 2760770 3470894 2760894 3930519 9350560 9710969 9040969 9040969 7980973 2760743 2370973 2370973 3730043 1760973 8190772 8190894 1760973 3730004 9710422 2760894 9710752 7790752 7790857 7790841
8870772 8870741 8870924 3700205 7790969 8870741 8870741 8870043 8870422 2760414 730880 8870560 8870422 8870772 3700422 9710371 9710752 3700205 8870924 8870741 7790937 7790969 7790937 7790937 8870741 3950371 9040969 3950371 7790741 4040200 9040043 8870424 4040200 9040969 8870424 8870741 8870741 8870741 8870580 8870741 9040772 8870424 9040043 9711002 8870422 8870741 7790741 9040969 9040969 8870741 8870424 8870741 7790969 9040043 7790969 3700770 9040043 8870741 9040043 8870741 8870741 9040043 8870424 8870741 8870924 730924 9711002 8870560 8870741 8870424 8870424 8870043 3470200 8870741 8870424 8871007 9350043 730930 730857 2760043 730580 730560 730928 730964 730741 730924 730741 8870043 8870043 730928 730928 730880 8870580 730812 730043 730924 8870043 730212 730928 730371 730371 730741 730743 730743 2760414 9350071 6660043 9350043 730071 9350043 730580 3731002 9350043 730857 2760928 6660043 9350752 730071 730071 730646 730964 730924 8870580 730928 8870043 8870422 8870424 8870741 730560 8870424 8870043 8870924 8870741 8870424 8870424 8870424 8870772 730930 730646 9350043 9350880 730857 9350043 2760857 730212 730371 730928 730371 9350924 730371 730200 730928 730928 730519 730646 8870422 8870741 7790969 910928 8870924 7790969 9040969
7790870 2760741 7790371 7790969 7790741 7790913 7790969 7790741 7790371 3950371 7790913 7790741 7790752 9710752 8870924 3470772 2760414 9711023 7790741 2760560 9711023 8870741 3950371 3470422 7790371 9711023 7790743 7790937 7790913 7790913 7790937 7790741 7790913 7790913 7790741 7790913 7790841 3470200 9710782 9710920 7790964 7790937 7790969 7790937 7790770 730752 9710422 3950960 730888 9711002 2760422 730741 730752 3470200 9710772 3470752 3700205 9710006 2760743 9710071 230872 2760043 7790770 1030993 1030993 250200 1030993 9040969 2760772 2760964 2760071 2760422 9710414 9710200 9710496 2760741 2760770 2760043 2760924 2760894 7790894 7790964 3700422 9040969 9711002 7790969 7790870 9710752 2760960 2760560 7790913 7790752 7790937 3470414 9710414 2760894 2760960 7790743 2760770 3470580 3470987 7790371 9710770 8711023 9710864 730741 9710414 730752 7790752 8870772 3470743 8190942 2760964 2760743 9710752 8710770 3470743 3470743 7790371 9710920 3470580 7790894 7790888 7790969 9710422 9710422 3470987 9710770 3470752 9710920 3470743 4720544 3950371 7790870 2760743
3470894 7790770 8870772 7790969 9040772 8870741 8870772 7790937 3470414 7790770 8870741 7790888 1030993 2760928 7790894 9710646 9040043 2760960 7790969 8870741 730888 730880 7790894 7790741 7790969 730200 3470200 8870924 8870924 9711002 7790964 8870924 7790516 7790913 3470200 3470414 8190741 5231023 2760006 7790371 9711023 9710006 7790371 9711023 3470200 3470043 7790752 8870924 7790687 9710414 9711002 3930519 7790969 9711002 7790371 3470987 9711023 7790741 7790741 730741 8870043 7790969 730741 8870741 8870741 8870924 9711002 730371 8870772 9710741 730924 2760371 7790687 7790752 8870043 730770 7790752 730646 730741 7790741 2760969 8870741 7790770 730646 3470772 8870741 9710414 8870043 8870741 7790752 9711002 8870741 9711002 7790743 9710772 7790741 8870043 2760770 2760741 730924 8870741 2760371 2760071 2760741 730741 9710923 730043 730924 8870741 730741 730741 2760414 730888 8711023 2760743 730741 5370743 2760743 9710043 9710371 9710741 8870772 7790371 9710043 8870741 7790964 730371 730770 9710200 730071 730924 9350752 9710043 9710864 9710864 730752 9711002 8870772 9710371
9350741 9710422 7790964 8711023 9040043 9040969 7790743 8870924 9710864 8870741 8870741 9710043 2760743 2760743 2760043 9710371 9710071 9710741 9710920 9710743 3700205 3470205 2760928 730888 2760872 2760894 2760752 3470752 7790371 7790741 9711023 7790741 7790770 9710646 7790752 3470200 3700770 3470894 2760371 7790371 7790888 7790371 8870924 7790371 3700741 8190071 2760752 8190560 2760857 9711023 2760741 9710752 9710872 9710752 3700770 9710422 9710496 2760752 3470414 9711023 8870924 8870560 7790937 3471023 9710580 8870741 9711023 8190937 2760924 2760928 2760924 7790888 7790743 2760743 2760071 2760770 9710519 3700205 9350888 3470200 9710043 2760043 3470043 2760071 2760752 9710043 8190894 3470200 3470200 7790913 3470200 8870924 8870560 3470043 7790894 7790969 9710043 9711023 9710743 6660043 2760043 2760043 2760043 3470205 9710205 3470043 8870560 9040043 9710071 3470200 7790913 3470200 7790913 3470414 8870560 8870043 730752 2760043 9710200 9710496 3730993 9350743 3700741 8870741 2760743 9710782 8870741 8190371 5370371 9710930 3470200 2760743 730888 8870560 8870424 730928 730812 730743 8870424 730741 8870424 6660043 730888 2760964 230872 730743 730743 730964 730888 730743 3700519 730928 8870772 730928 2760743 730928 730928 730888 730371 730928 730928 730743 730928 730969 730212 730743 730741 730928 730371 730371 730646 9711002 730770
5370772
5370772 4720544 3950960 4880973 5371023 4720544 4040200 5370877 3950729 3950729
7790841 4040200 250200 4040200 7790969 5370729 7790969 5370729
250200 8871007 5371023 5371023
null
3950729
null
null
3950729 3950729
null
null
null
null
3950729 3950729 3950729 3950729 3950729 3950729 3950729
5370729
null
null
null
3731002 9350646 3950043 5370729
null
null
250200 3950729 1030857 3250857 3950729 730928
null
5371023 5370200
null
null
7790857 1760973 3950729 7790857 3950729 7790841 3950729
3950729 3950729 250200 9350743 8870424
null
null
4630200 5370729 3950729
null
5371023 5370729 9350646
null
3950729 5371023 5371023 5371023 250200 1030646 1030646 4630200 4630200 4630200 4630200 1030857 1030857 1030993 1030638 5371023 5370200 1030993 5371023 250200 4630200 4630200 1030646 1030646 250200 1030200 1030857 1030200 1031010 1030646 1760973 1030638 1030646 1030638 1031010 1031010 1030857 1760973 1031010
null
3950043
null
null
3950729
null
null
null
null
3950729 5370200 7980973 9350930 3950729 7790969 3950729 5370772 5370772
null
4990857
null
null
5370729 3950729 3950729 3731002 250200 7790937 3950729
null
4040200 5370930 3950729 3950729 250200 3950729
null
5370043
null
9350646 1030282 1030993 1030646 1030292 5371023 1030993 250200 8191023 4630200 5371023 5371023 1030646 1030646 1030646 4630200 5371023 1030646 250200 250200 4720857 8870741
9350580 3950729
null
null
null
null
null
null
null
null
3950729 3950729 7790841 9350646 3950729
4040200 5370729 5370043 4040200
5370841 9350765 5370729 4720200 7790913 4040200 9710864 5370841 3950729
7980973 4040200
4040200 4040200 4630200 5371023 4630928
null
null
8190973 6760601 8190829 7310404 8790857 3730229 3730829 3730241 3731002 7310161 1940973 9350765 7980973 7980973 3730981 8191023 3731002 8190765 3731002 3730981 7310601 6760942 8190765 3730829 4990857 1030857 9350700 8191023 3731002 3730200 7980973 1030282 7980973 3730829 7310404 1940973 7310404 7310829 7310877 5110004 7310161 7310765 7310877 7310601 5370829 7310404 4990857 3731002 7310404 5370200 1030877 7310564 4880973 4880973 7310601 7310765 7310404 7310601 1940973 7310404 7310601 7310829 7310700 7310601 7310404 3730829 7310601 7980973 1760973 9350765 7980973 3730229 9350564 3730200 7310669 7980973 1030282 3730601 7980973 8190829 7310404 8190765 4720857 6760601 3730928 8190765 8190829 4880973 7310601 8790857 6760601 7310601 8790857 9350765 1030292 7980973 7980973 7980973 3250857 3730601 8190765 8190765 4910481 9350564 9350564 8190829 8190765 6350601 7310601 7310669 3250857 7310601 7980973 7980973 7310564 7980973 9350765 3730765 9350765 9350114 8190829 8190765 8190942 8190765 8190829 8190829 9350700 9350765 8190765 9350765 9350765 8190937 8190829 8190942 9350765 8190877 3730404 5370729 4630928 3730700 3730765 8190519 5370829 8190877 9350646 9350765 8190877 8190829 7310601 3730981 3730981 6350601 3730519 8190829 7980973 3731002 3730981 3730241 3730877 9350700 8190942 8190770 6760942 8790857 3250857 8190877 7310266 1940973 1940973 7310669 1760973 7310161 3730229 4880973 4880973 4880973 2370973 7980973 7310564 4880973 7310161 7310700 3730519 6760481 9350765 3730601 6350404 3730241 6760601 7310700 7310700 1030282 7310669 3730200 4990857 8190519 1030282 3730241 4880973 7310161 7310765 7980973 7310765 7310700 3730877 7980973 3730200 7310404 7310829 7310700 7980973 7310700 2370973 7310669 7310601 1940973 7310601 3730200 7310765 7310601 7310829 3730928 3730829 8790857 9350043
1030857 4880973 4880973 4880973 4880973 4880973 3730519 6990481 3730177 1030877 6990481 6990481 3730404 5370877 7310601 8190765 8190942 3730200 3730601 8190765 8190765 8190765 3730877 8190765 8190942 4880973 2370973 3731023 3730700 3730928 3730829 8190765 3730177 3730928 8190765 8190877 1030877 7980973 7310161 1030638 4880973 1940973 2370973 3730200 3730765 4910481 8190942 9350765 1940973 1030292 2370973 2370973 1030857 3730200 5370200 3730229 1030857 1030877 1030292 1030829 1030282 3730601 3730241 8190829 8190765 4910481 9350564 8190765 8190765
8190765 2760857 7790857 730646 1030282 3730601 1030282 1030877 1030282 7310404 7310765 7980973 4910200 8190937 8790857 6660930 4910481 4880973 4880973 1030200 4880973 1030282 7310564 3730200 3730200 7980973 7310161 4880973 1030877 4880973 4880973 4880973 1030282 1030282 6760481 6761023 8190942 5370829 5370877 6350765 4880973 1940973 4880973 1940973 7980973 7980973 3731023 7980973 7310161 7980973 3731002 3730829 3730404 3730241 3730877 3730200 3731002 4910200 9350580 9350580 9350765 4910200 8190829 3731023 3730004 8190772 8190371 3730114 3730241 3730404 8190829 8190942 6760857 3730829 3730765 8190646 3730404 3730601 4720857 8190765 8190877 3730404 9350765 3730700 8190765 3730404 9350580 3731002 3730700 1030282 3730114 3730601 3250857 3470857 8190765 8190765 3950371 5110004 7310161 3250857 8870870 5370841 8190765 8190829 6990481 8190765
4910200 6990481 8190829 8190937 8190765 4910200 8190829 8190829 5370829 9350700 6760942 5370877 9350564 4910481 4910200 4910481 6990481 4910200 6990481 6990481 4910200 4910481 6990481 4910200 9350114 9350564 9350700 6350404 5370841 8790857 7310564 9350580 9350700 5370580 730812 8870560 9040580 3250857 7310601 5370877 4910481 8870741 7790687 4910200
6990481 3730981 3730114 3731002 3730981 3730241 3730981 3730229 3730519 4630200 8190765 8190560 7310564 4910200 4910200 4910200 8190829 3471023 3730241 1030282 1030857 5370877 6990481 1030877 1030646 7310669 9350765 5370877 9350114 7310601 7310404 1030877 9350700 6761023 8190765 10110857 8190877 8790857 8190519 6350404 4880973 1030829 1030292 7310669 4880973 8190942 3730404 3730404 8190560 3730981 9350043 3730700 7310601 7310161 1030200 1940973 3730200 9350765 9350646 5370877 3470200 1030282 4880973 4880973 4880973 4880973 1030877 4880973 7980973 5370200 3730229 5370877 2760741 7310700
1030857 4880973 3730200 4880973 4880973 6760601 5370841 3731002 1030829 4880973 4880973 4880973 4880973 8190942 6760646 8190829 9350646 9350646 8190942 1030829 7980973 1030282 7310601 4880973 1030282 1030282 2760857 9350564 3470200 4880973 4880973 4880973 7310371 4910200 3950371 2370973 1030829 7310669 3730241 1030282 7980973 3731002 1030282 7310669 7980973 7980973 1030282 7980973 7790857 4910481 9350114 9711023 9350114 2370973 7310601 5370200 5370200 9350700 6760646 3731002 1030857 3730601 6760601 3730177 1030857 1030292 1940973 1940973 4880973 7310564 9350700 8190519 7310161 9350646 6350601 8190687 3731002 1030829 4880973 4880973 7310161 6760481 9350114 8190942 3730241 1030282 5370200 4880973 2370973 4880973 1030282 7980973 7310829 7310564 5370877 6761023 9350888 1030282 6350601 8190896 7790687 7310564
8790857 6350404 8190942 3470580 6760481 3730601 3730928 7310877 7980973 8190877 3250857 9350700 8870772 5370877 4910481 3250857 8190877 8190877 4910200 4910200 4910200 4910481 3950960 4910200 4910200 6350404 8190646
4910481 9350700 7310266 7310669 7310765 7310877 9350930 9350114 4910481 8190765 4910200 8190937 8790857 6350404 7310266 3730993 4910481 7310404 5370829 8190877 9350765 4910200 6760857 7310564 7310564 2370973 4880973 4880973 2370973 4880973 7310161 9350564 9350646 9350564 9350888 3730993 7310601 7310700 7310601 4910200 8190519 2760857 9350765 9350114 5370877 8190765 8790857 2760043 8190519 6760601 8190765 7790857 8190765 8190765 8190877 8190765 3730241 5370043 7310765 7790371 1760973 1030638 8790857 2760857 8190829 6760942 3730200 2760857 2760043 6350601 8190772 8190071 8790857 8190519 2760857 8190829 3730404 8790857 1760973 2760857 8190043 2760857 8190942 7790857 4910200 3250857 7790857 9350564 8790857 8190043 3731002 3730229 3250857 2760857 5370043 7790857 2760857 5370877 9350043 6760601 8190765 8790857 6350404 2760857 3730519 3730829 8190772 8190519 2760857 2760857 5370829 8190043 3730981 2760857 3250857 8190829 8190043 7310765 3731002 2760857 8190043 6760601 8190765
7790841 1760973 1030292 7980973 7980973 7310161 4880973 4880973 5370829 8190942 4910481 9350765 7310266 3730241 5370829 9350765 7310765 6350601 8190765 8190560 3730200 1030829 1030282 1030282 5370200 3731002 1760973 6761023 3730404 8190942 1030877 6761023 8190829 1760973 4880973 7980973 8190877 4910481 8190877 1030877 4880973 1030292 2370973 4880973 4880973 2370973 4880973 4880973 2370973 4880973 4880973 4880973
8190829 3250857 8190829 9710857 3700741 8190877 4910481 6990481 4910200 4910481 6990481 8190765 8190829 8790857 8190765 8790857 8190765 8190937 8190765 8190877 6990481 3730765 5370877 8790857 4910200 8190765 4910200 6990481 6990481 8190765 1940973 6990481 4910481 3470200 4910200 4910200 4910200 8790857 4910481 6990481 4910200 4910481 3730829 6990481
3731002 3731002 3730177 6760857 8190829 3730404 3731002 8190772 1030877 6350765 8190752 4910481 3730404 8190829 3730177 3730700 5370877 7310371 9350114 3730200 1760973 4910200 4910200 3250857 3730177 9350700 8190371 8190772 8190829 3250857 8790857 7310765 3250857 8190765 2760857 3730519 8190942 9350564 3250857 3730646 3250857 8190371 3730177 7310765 6350404 8871007 8790857 6990481 9710646 9350114 7310601 6760857 9350765 5110004 8190371 6760942 9350700 9040857
3730993 8190829 3730700 3730004 8190877 3730877 8790857 3730829 8190877 8790857 4910200 8190560 3731023 3730241 3730004 8790857 3730601 6760646 3730404 8190829 3730646 3730829 8790857 7310161 3730765 9350700 6760601 3730404 8190829 3730601 3730004 6760942 3250857 8190765 3730241 8190877 8190877 3730877 3730004 2370973 3730993 8790857 3730241 6350404 3730004 3730404 7310877 4990857 4990857 8190765 3730241 9350114 6350601 6760481 6990481 6350857 7310877 6350765 4990857 6350601 8190877 6350765 8190765 9350741 3730700 3730765 8190829 3730993 3250857 8190937 3730241 1940973 10110857 9350700 8790857 8190765 8190877 8190765 8190942 7310765 3730404 7980973 8190765 8790857 8790857 4910200 9350700 3730829 3731023 6350601 3250857 6350857 1030829 9350114 8190829 3730404 3730601 3730928 8790857 7310700 7310161 3730765 3730981 4910200 1940973 3730200 3730829 9350700 3731002 3730829 9350765 3250857 8190942 1760973 3730829 6760857 8190877 8790857 8790857 9350765 6350857 6760857 9350741 10110857 7310404 8790857 6350404 8190877 7310404 9350765 9350700 8190829 9350564 3730404 1940973 3730829 7980973 8190765 3731002 4910481 8190829 3730601 10110857 6760601 6760857 1940973 1940973 10110857 9350700 9350765 6760601 3730229 7310669 6350404
6990481 6990481 7310829 6660930 6990481 4910200 8190829 3250857 6760601 10110857 3250857 1940973 3731002 7310829 10110857 10110857 8190877 8190829 8190942 3730601 6350765 3730928 8190829 3730404 8790857 9350114 8790857 6760857 6760857 3730229 8190765 4910481 4990857 6350857 3730765 3730700 3730928 8790857 8190765 3730200 3730700 3730993 7310765 3731002 6350404 730928 1940973 3730877 3730404 7310829 3730404 3730200 9350765 8190877 9350114 7310601 7310700 3730877 7310765 7310829 7980973 8190894 3730700 8190829 3730200 7310765 7310669 6350765 6760601 9350646 3250857 6760601 9350765 3730928 3730829 7310652 3730829 9350700 3730993 8790857 7310564 3730200 7310601 3730981 3730877 7310404 6350765 6350404 9350765 3250857
4910200 8190765 6990481 6990481 6990481 6990481 4910200 8190877 8190765 4910200 5370877 6760942 3730928 1030829 6760601 7310700 6990481 8790857 4910200 8190765 8190942 8190937 6350765 6760601 6990481 8190765 8190765 1030877 3250857 8790857 7310564 4880973 2370973 7980973 3730404 8190877 6990481 8190765 3250857 8190877 4910481 9350700 8190646 9350564 8190829 6990481 8190560 8190877 8190877 8790857 6760601 6990481 8190765 4910200 6760646 4910200 8190829 4910200 6990481 8190829 8190765 4910200 6990481 6990481 6990481 4910481 4910481 4910481 5370877
4630928 4880973 1030638 1030292 4880973 4880973 1030292 7980973 1030638 3730981 250200 5371023 4630200 4630200 4630200 5370200 5371023 4630200 1030993 8190942 7980973 5371023 4880973 4880973 4880973 4880973 4880973 4880973 4880973 7980973 5370729 4880973 1940973 4880973 1760973 9350700 8190765 8190765 5370841 4630200 3731023 1760973 7310161 1030200 1030646 1030292 1030638 7310669 7310601 8790857 8790857 4910200 8190765 4630580 1760973
7310161 7310601 9350114 9350646 8871007 9350700 5371023 4630200 1031010 1030646 1030646 1030292 1030292 1030638 4630200 1760973 7980973 7980973 4880973 4880973 4880973 7980973 4880973 1030282 4880973 1030292 1030282 1030292 1030638 1030292 1030638 4630200 6760601 3730177 1760973 250200 4880973 4880973 3731023 3731002 5371023 1030292 1030282 1030282 1030292 1030292 7980973 1031010 1030638 4880973 1030292 1030638 4880973 4880973 4880973 1030292 1030200 4880973 4880973 1030200 1030282 1030646 4630200 3731023 1030282 1030292 1030282 7980973 7980973 4630200 4630928 1760973 5370200 1760973 250200 4880973 4880973 4880973 4880973 1030292 4880973 7980973 3731002 3731002 3730241 1030282 3731023 4630200 250200 5110004 7310829 8190071 8190519 4630200 1030857 1030292 1030292 4880973 1030292 4880973 4880973 1030292 4880973 1030200 1030200 4880973 1030292 1030282
4910481 4910200 3700741
1030292 5371023 4630928 9350765 3731002 9350765 1030646 1030857 1030857 1030646 1030646 5370930 1030993 4880973 1030200 1030200 4880973 1030200 1030829 4630200 4630200 1760973 4630200 8190043 8190519 4630580 4630200 4630200 250200 1031010 4880973 4880973 4880973 4880973 4880973 4880973 4880973 1030993 4630200 1030282 4880973 4880973 4880973 4880973 1030877 4880973 3730200 1030282 2370973 1030200 7980973 7310601 3730229 7310669 6760481 3250857 250200 8190687 8190687 8190519 8190942 3950371 8190942 8190646 8190942 8190687 8190765 3730004 7980973 4990857 3250857 1030857 8190942 9350765 7980973 6760857 5370829 8190687 5370841 3730993 3730601 8190937 6760646 3730993 3730601 3730519 8190519 8190519 3730601 9350765 3730241 8190765 1030282 5370829 3250857 3731002 3730700 3730519 1760973 3730519 1030993 8190519 5370841 3730519 7310161 3730993 3730601 6760857 8190937 8190770 1030857 3730241 3730700 6760646 8190071 3730601 6760646 3730241 8190877 3730646 8190772 1030829 3730004 3730765 6760646 8190646 7980973 3730646 1030282 3730241 8190973 3730646 3730241 7980973 5370043 3730993 6760857 3730765 8190937 3731002 3730700 3730928 5370841 8190765 3730200 3731023 3730241 6760857 3730993 8190765 6760646 8190071 8190937 8190765 8190646 8190942 3730993 250200 1030282 3730700 3730700 1030857 1030282 1030829 1030993 5370841 5370200 4880973 1030829 1030200 4880973 1030200 1030292 4880973 4880973 1030829 8190519 3730646 5370200 2370973 4880973 3730241 8190765 8190765 8190942 1031010 1030857 1030292 2370973 4880973 4880973 4880973 4880973 1030292 3730765
8190973 8790857 8190937 4630928 8190829 8190829 8870741 8190765 8190765 4910481 8190942 8190687 8190752 3250857 8190829 8190687 9350564 8190942 4910200 8190829 8790857 8790857 4910481 8190765 8190765 3950371 6990481 8790857 3950960 4910481 8190913 8190937 3250857 3950371 8190687 8190829 4910200 6760646 4910481 8190942 8190765 8190765 8190765 3250857 8190942 3250857 8190942 8190829 4910200 3250857 8190765 8190937 8190071 8190687 9350646 4910481 8190687 8190942 8190646 8190937 8190765 8190942 8190687 9350765 8190829 8190687 8190829 8190646 3250857 8790857 8190765 3950371 8190942 8190913 3250857 8190942 8190741 6760601 8190942 6760646 8190687 8790857 8190646 9350765 8190942 8190942 8190913 8190913 8190829 3250857 8190913 3730765 3950371 8190741 8190765 8190913 8190829 8190646 6761023 8190765 8190765 8190829 8190829 3730928 8190942 8190646 8190913 8190829 8190913 3250857 8190829 8190942 8190829 8190765 8190913 9350700 8190829 8190765 2760857 8790857 8790857 8190942 8190687 3730114 8190765 8190829 8190765 8790857 3731002 8190829 8190942 8790857 8190765 9350114 8190937 6760646 6760601 8190913 8190937 8190687 8190765 8190913 8190973 3250857 8190687 8190765 8190942 4630928 8190765 8190942 8190765 8190913 3250857 8190937 8190937 8190942 8190765 8190942 4910481 8190765 8190646 8190829 8190829 8190829 8190765 8190877 3250857 8190877 8190913 8190765 8790857 8190646 8190877 9350700 8190942
3730177 3731002 3731023 6350857 1760973 3730114 7310669 3730114 1030282 7980973 3730877 2370973 4880973 4880973 4880973 4880973 4880973 1030292 4880973 1760973 1030877 3730114 3730877 3730241 1030282 1030877 7310161 6760857 3730829 3730241 5370200 3731002 3730200 7310564 3730404 1030877 9350765 7310601 7980973 7310669 7310564 3731023 6760942 3730646 3730241 3730241 3730200 7310161 1031010 3730829 3730200 3730700 3730519 7980973 3730877 4630200 7310601 3730200 6760857 3730829 3731002 7310700 7310601 3730928 7980973 7310700 3730200 3731002 3730829 3730200 3730519 3730241 3730200 7310601 3730700 3731002 3730829 3730928 3730241 6760857 3730519 7310161 3730404 3730200 7310669 3730200 3730114 7310700 3730200 3730765 3730519 3730241 3730765 6350857 6761023 3730200 7310564 7980973 7310564 7980973 3730241 7980973 3730877 4630200 3730877 3730519 3730646 3730700 8190687 1760973 3730229 3730700 3730241 3730877 4630200 3731002 6760857 3730241 3730404 3730877 7310404 7980973 7980973 7310601 3730241 3730993 3730981 3730200 7310601 7310564 6760857 7310829 7310404 7980973 7310669 7310700 7310669 3730241 3730241 7310404 3730404 3730829 3730241 3730200 3730200 3730519 6350857 7980973 3730114 7310404 7980973 6350765 7980973 7310765 3730601 3730981 3730241 5370829 6350857 3730700 7310765 6760857 6761023 3730765 3730200 7310601 3730700 7980973 3730200 3730601 3731002 7310601 7980973 3730877 2370973 3731002 3730404 3730700 6760857 6760481 1760973 6760857 3730241 3730241 3730404 7980973 3730700 3730519 3730765 7310564 3731023 6760857 3730241 3730200 6760857 7980973 7980973 3730241 3731002 3730229 3730928 6760481 3730601 3730241 4630928 3730993 3730241 6350404 7310669 3730877 4630200 7310404 3730646 3730241 3730177 3730404 7980973 6760857 5370829 3730700 6760481 7980973 3730177 1030857 3730241 3730200 3730404 3730519 3730928 3730700 3730765 3730765 6760601 3730928 8190942 6760601 8190765 8190942 3730404 3730993 8190765 9350114 8190765 6760646 8190877 8190937 8190765 3731002 6760942 3730765 9350700 7980973 1760973 8190043 8190829 6760646 8190960 8790857 8190687 6760601 6760646 9350765 3730877 3730765 8190877 3730993 3250857 8190877 8790857 8190829 8190937 8190741 3730646 3730877 3730646 8190942 9350765 3730928 3730241 3730200 3730765 3730200 3731023 3730601 3730404 3730765 3730519 3730519 3730601 3730829 1760973 1030829 4630200 7310601 7310601 3730700 3730519 3730829 6350857
1760973 730770 1030292 1030638 4880973 1030292 1030282 1030282 1030282 1030292 1030282 1030292 7980973 1030282 4880973 1030292 4880973 1030200 1030638 1030282 1030292 4630200 7980973 1030638 1030638 7980973 7980973 7980973 1030292 4880973 1030292 1030857 1030292 1030282 1030292 4880973 1030857 1030200 4880973 1030282 1030857 7310765 3730241 250200 250200 250200 5370772 5370841 5370772 5370200 1030857 1030292 4880973 7980973 3731023 4630200 250200 8191023 1030993 4630200 1030282 1030638 1030282 4630200 3731002 3730241 1760973 1030282 1030638 3731002 3731002 5370841 250200 1030282 1030282 1031010 4630200 4630200 8190937 8190519 3731002 8190937 3731002 7980973 7980973 1030292 5370200 1030282 3730646 8190969 1030282 4040200 5370729 7980973 3731002 4630200 4880973 3731002 9350646 730043 4630200 5371023 3731023 4880973 7980973 5370841 7980973 7980973 1030282 7980973 7980973 5370829 6760646 3950043 8190969 5370200 5370729 8190969 3250857 9350700 8190942 8190969 9350752 5370071
8190765 9350700 7790580 8870043 3950960 3250857 910928 7310700 7310700 9350743 10110857 5110004 1940973 3700857 9350646 8190829 8870580 730741 7790841 2760894 7790752 8190877 8870580 3930961 5370829 730200 5370841
5370071 5370729 4630200 3731002 1030292 7980973 4880973 7980973 1940973 7310161 1940973 7980973 3731023 1030292 1940973 7310601 3731002 7310700 7310601 7980973 7310765 7980973 7980973 7310765 7310829 7980973 4880973 7980973 1030282 2370973 1940973 7980973 7980973 5370829 5370200 5370371 5371023 7310700 1940973 4990857 9350765 5370841 4630200 5370841 5370200 7980973 7980973 1030282 1030282 7980973 5371023 8190937 7980973 5370729 1760973 9350043 7980973 5370729 7980973 5370200 7980973 7980973 3731002 8190973 1030638 1030200 1030292 1030282 1030857 3731002 1030282 1030282 5370200 5370200 5370200 3731002 1030200 1030282 4880973 1030292 4880973 1030638 4880973 1030282 1030282 1030282 1030292 1030282 1030282 1031010 1030282 5370200 1760973 5370200 1030292 1030282 1760973 1030857 7980973 1030282 3730200 1030638 3730200 1030282 7310266 7310700 1030282 7980973 1030993 250200 250200 250200 8190896 1030200 4880973 4880973 4880973 1030292 5371023 1030646 1030200 1030200 1030292 4880973 4880973 4880973 1030200 1030638 1030638 4880973 1030993 4880973 1030829 1030292 1030282 250200 3731002 4630200 1030282 1030282 3731002 4630200 5371023 8190829
4630200 8191023 8191023 1760973 3730241 5370200 1760973 3731002 3731002 5371023 3730241 8191023 3730646 1030993 3731002 4630200 3731002 3730646 5370200 1760973 3730646 4630928 3730519 1030993 4630200 4630580 3731002 1760973 1760973 3731002 3730646 4630200 3731002 8191023 8190973 4630200 3731002 3730241 1760973 1030993 4630200 5370200 1030282 1030292 4880973 4880973 7980973 3731023 1030993 5370841 4630928 3730646 1030282 1030638 1030200 1030282 1030200 1030282 1030282 1030282 6760481 3730519 3731002 5370877 8191023 4630200 6761023 1030282 1030200 1030282 1030282 1030200 8190646 8191023 1030200 1030292 9350765 7790519 250200 5371023 3470200 7790841 4720544 3950729 4630200 9040857
1030638 3731002 3731002 7980973 3731002 4630200 3731023 4630200 1760973 1030282 1030292 4630200 3731002 3731002 3731002 1030282 3731002 1760973 3731002 1030282 5370772 3731002 5370200 7980973 6760857 3731002 5370200 7980973 1760973 1030857 7980973 7980973 3730993 3731002 5370580 5370200 3730646 1030993 5370200 5370200 5370772 1030282 250200 1030282 1760973 6350857 5370841 5370841 5370200 9350580 9350114 8190937 8190772 3730004 1030282 1030200 7980973 1030282 3730646 3730646 250200 6760601 7980973 6760601 5370071 3730241 6760857 8190646 8190973 5370829 9350114 7980973 7980973 7980973 1030282 2370973 1030292 4880973 4880973 4880973 4880973 4880973 1030292 4880973 1030638 5370200 5370200 3731002 7980973 7980973 4630580 4630580 8190973 5370829 10110857 7980973 7980973 1030993 5370200 7980973 5370200 1030282 1030282 1030282 1030282 8190519 9350646 3731002 1031010 3731023 3731002 1030282 1030282 7980973 8190973 3731002 1030282 5370200 5370200 1030282 3731002 1030292 1030292 1030200 4880973 4880973 1030857 4880973 4880973 4880973 1030282 4880973 1030282 4880973 4880973 2370973 4880973 1030292 1030282 3731023 1030282 4630580 8190937 5370841 4630200 3731002 3731002 8190969 5370841 5370200 7980973 5370841 5370841 5370200 1030282 1030282 7980973 5370200 1030282 7980973 7980973 6761023 5370200 7980973 2370973 7980973 5370200 5370841 6760601 8790857 5370829
1030646 1030857 1030857 1030857 1030638 1030857 1030282 1030292 1030292 1030282 8871007 7790770 5370841 5370841 9710770
3730004 3730004 7980973 7980973 4880973 1940973 7980973 5370729 5371023 8871007 8871007 7310829 730371 730741 7790841 8870741 7790937 3950729 3730700 8190973
3250857 8790857 4630857 910519 910519 4040200 7790969 4040200
null
3950043 4040200 4040200 8190969 1030857
4720857 5371023 4880973 1030282 9040969 4630200 3731023 3731023 4880973 1760973 4630928 9040772 7790772 8190765
4040200 730961 4720544 4720544 8870424 4720544 4040200 4040200 4040200 4040200 4040200 4040200 4720200 8190969 4630857 1030993
8190973 8190646 2761007 7790913 9040857 6760857 1760973 5370829 8870870 4720857 7790857 7790519 4720857 1030282 7790857 3950729 3950729 2760857 9040857 8190519 8190519 9040857 9040857 7310161 4720544 9350924 9350646 3950960 9040857 1940973 8790857
null
2370973 8190973 1760973 8190687 8190896 1940973 9350646 1030857 5110004 2370973 6760481 1030282 1760973 8190646 250200
null
null
1030292 1760973 1030292 1030857 1030292 1030857 1030292 4630200 1760973 1030857 1760973 5370930 5370200 1030857 1031010 1031010 4630200 4630857 4630200 4630200 4630928 4630200 1030857 1030857 1030292 1030292 1030292 1030200 1030282 1030282 1030282 4630200 1030282 1030292 1030292 1030292 1030282 1030282 250200 9350765 3731023 4630200 1031010 1030857 1031010 1030292 1030292 1760973 1030200 4630200 5371023 7790937
8190765 3950960
