1581
null	0
8190560	1
4630404	2
4630424	3
8190891	4
7310984	5
3730282	6
3730993	7
8190646	8
3730928	9
7310200	10
7310969	11
1030292	12
7980973	13
3731002	14
9350006	15
4630200	16
4630386	17
1030282	18
3730241	19
9350770	20
3390580	21
7240857	22
8190894	23
6760601	24
7310601	25
9350653	26
3250857	27
8870770	28
7530519	29
730700	30
3930519	31
730544	32
3250363	33
8190404	34
8190961	35
4990857	36
9350754	37
5370841	38
520857	39
8870969	40
2280857	41
3930544	42
9350772	43
8870518	44
7790200	45
4720200	46
7790969	47
4630043	48
7310460	49
1030700	50
8190687	51
3471023	52
9350913	53
6040857	54
3731023	55
8190729	56
3700964	57
9710960	58
7311002	59
4990928	60
7790937	61
4990772	62
8870942	63
730969	64
4610973	65
730519	66
6661002	67
4880973	68
4630930	69
5371023	70
4040200	71
5370519	72
5370200	73
7310646	74
5370481	75
1030984	76
5370544	77
250200	78
250519	79
4630937	80
8190857	81
1031002	82
1030638	83
1030857	84
1030200	85
1030994	86
250961	87
1030993	88
1030913	89
1031010	90
8190700	91
3391002	92
8190177	93
5370859	94
4630580	95
8190913	96
1480973	97
381010	98
4630364	99
250071	100
4720857	101
380004	102
1030969	103
1030961	104
250424	105
9350942	106
1031007	107
1030404	108
1760973	109
5111023	110
7310872	111
7310177	112
4631007	113
7940973	114
1030928	115
5370282	116
5370571	117
9350952	118
9350561	119
9040652	120
7790424	121
7310371	122
7310937	123
7310700	124
9350419	125
5370896	126
8190481	127
7310043	128
251007	129
3350973	130
3730200	131
4330765	132
730404	133
7310994	134
1030043	135
7310765	136
5370404	137
4630765	138
5370924	139
3230371	140
3700205	141
730205	142
731023	143
3230496	144
3251007	145
7531007	146
4720363	147
8190942	148
3250560	149
3700969	150
9710205	151
3700752	152
3470739	153
3470575	154
8710928	155
9710743	156
520071	157
4040741	158
6990481	159
3230812	160
3230809	161
9350993	162
3930836	163
3700961	164
910646	165
7790652	166
6660770	167
910371	168
9710601	169
8790430	170
3700996	171
9710969	172
8710729	173
3230575	174
910205	175
910114	176
8790969	177
3700770	178
9710767	179
8710809	180
9710891	181
4040961	182
2760580	183
6990961	184
9711007	185
4720961	186
3250961	187
4720580	188
4720969	189
3930752	190
8790772	191
3250741	192
9710752	193
4320857	194
9350829	195
9350564	196
3230560	197
8710770	198
8550772	199
7790961	200
3700960	201
3700071	202
300996	203
300422	204
8710782	205
8600864	206
8710767	207
9760752	208
8710371	209
6350765	210
6350857	211
6900857	212
6760266	213
7310571	214
7310492	215
6350114	216
2760364	217
9040364	218
9760071	219
3930364	220
5230969	221
7790205	222
4911023	223
7790741	224
2760829	225
6760177	226
7310829	227
7310942	228
6350829	229
6760942	230
6760114	231
2760964	232
6760071	233
5370888	234
8710519	235
3700741	236
9710304	237
910796	238
9710880	239
3930212	240
9040812	241
8190350	242
1030114	243
8711007	244
2760754	245
9350350	246
6660371	247
9350371	248
5230923	249
5370964	250
8190519	251
911023	252
2570519	253
7310560	254
5370974	255
6761007	256
9040580	257
5370948	258
8870580	259
8870043	260
3230364	261
2760114	262
2080752	263
9710580	264
9710796	265
9710071	266
10110857	267
5370829	268
3700200	269
3700812	270
300560	271
9710888	272
7530205	273
5230812	274
8710969	275
8710560	276
2080741	277
9710864	278
3700743	279
3250519	280
8710995	281
2760770	282
8710864	283
3930071	284
5230920	285
8710872	286
9710920	287
3930880	288
8710350	289
3930006	290
3700872	291
9350560	292
3700857	293
9040857	294
3700888	295
8790741	296
9710453	297
3930796	298
3470422	299
3930560	300
8710205	301
520741	302
300872	303
9710687	304
3700739	305
8550519	306
4750364	307
8710880	308
7790894	309
2760961	310
7790888	311
9710809	312
3390071	313
9710285	314
8710741	315
6990200	316
8710961	317
5230961	318
3930371	319
3230739	320
3470961	321
8190364	322
3700364	323
7530859	324
9760200	325
3230924	326
5230386	327
9710519	328
5831023	329
910880	330
9710414	331
3700864	332
9710961	333
230364	334
7790896	335
3730430	336
8190770	337
4630829	338
6760888	339
2080987	340
910364	341
3700504	342
2760741	343
7530560	344
9710739	345
4040371	346
910544	347
7530371	348
3230414	349
2760942	350
300350	351
9710371	352
4300519	353
2760872	354
4720752	355
3700006	356
9710496	357
2080770	358
5230560	359
5230809	360
3700414	361
4040857	362
2760516	363
2760404	364
2760894	365
910414	366
910969	367
910937	368
3700285	369
730371	370
730741	371
5230772	372
9710741	373
6900466	374
2080414	375
3950896	376
2081023	377
3930414	378
3700580	379
8870829	380
6660930	381
2760772	382
730924	383
3700870	384
6660948	385
2080772	386
7090973	387
5230872	388
9710350	389
6660741	390
5650857	391
3950560	392
3230386	393
6660880	394
6660047	395
6900037	396
730114	397
3250772	398
6760580	399
6350404	400
1361023	401
8190835	402
9760857	403
730928	404
730228	405
4720743	406
5981023	407
8710176	408
8710963	409
8710888	410
7530857	411
230812	412
6660653	413
2760743	414
8601023	415
9040796	416
2760928	417
730948	418
4720964	419
2080205	420
9040996	421
8600422	422
3730357	423
6660772	424
230422	425
230767	426
230560	427
3730700	428
8600071	429
3730496	430
9830996	431
2760205	432
9311023	433
8600752	434
3730420	435
3730004	436
4630071	437
8190767	438
5980504	439
8710601	440
8190829	441
3730785	442
4990043	443
9350729	444
3931007	445
8790419	446
9350961	447
3230928	448
3930580	449
3230920	450
3230205	451
8790580	452
3230796	453
3701007	454
3730564	455
5231023	456
3230770	457
3730872	458
3730350	459
5230205	460
9831023	461
730687	462
2760687	463
8870560	464
3390964	465
9710544	466
4630419	467
3730765	468
3950960	469
250743	470
250964	471
250888	472
250752	473
3250371	474
9350937	475
3250414	476
5230496	477
5230212	478
3230285	479
8190864	480
4630114	481
2760043	482
8710466	483
2760963	484
5230519	485
6900560	486
230752	487
8190969	488
8190371	489
6760928	490
8190880	491
9350928	492
3730969	493
3930767	494
910363	495
9350752	496
3230519	497
230006	498
730166	499
3470043	500
9710772	501
230741	502
3470285	503
2760809	504
8870205	505
300880	506
300496	507
520752	508
3700928	509
4630857	510
9710006	511
3930496	512
1551023	513
6660969	514
9710963	515
8190987	516
6660071	517
9710782	518
3250043	519
7530043	520
7790601	521
4630266	522
4630877	523
3951002	524
6760700	525
7770857	526
10140560	527
9710857	528
7310404	529
7310880	530
10220857	531
3730560	532
9350809	533
2760896	534
3730888	535
3390888	536
3950888	537
300205	538
7310687	539
7310731	540
3730371	541
8190176	542
3700422	543
9350519	544
730516	545
6660646	546
6660527	547
3700896	548
2080519	549
8710006	550
3730974	551
4630752	552
4630772	553
2760560	554
2760144	555
2760441	556
8901023	557
2080896	558
3700212	559
3930739	560
3250205	561
4630371	562
230872	563
6660043	564
6660212	565
8710752	566
8710743	567
3730571	568
9350812	569
6660422	570
7790897	571
2080894	572
4630961	573
8811023	574
8190952	575
3730898	576
9350741	577
3730942	578
3730829	579
3730809	580
7310071	581
3730870	582
7310651	583
6350891	584
3730504	585
3730386	586
8190200	587
3730544	588
3730441	589
3730228	590
3730981	591
7310693	592
7310430	593
5370266	594
4630282	595
3730404	596
6760841	597
3730782	598
5370960	599
9350601	600
6270857	601
3730580	602
230770	603
6760770	604
6660767	605
8190752	606
6350601	607
1030829	608
9340973	609
6760765	610
6660952	611
230857	612
6660743	613
9350743	614
5370071	615
3730296	616
7310227	617
6760857	618
9350652	619
7310877	620
7310812	621
6660006	622
9350516	623
7531023	624
7310214	625
3930857	626
3930741	627
8870006	628
3250877	629
5110653	630
7310741	631
3730646	632
3730984	633
9350996	634
5230870	635
6760693	636
3390371	637
6660996	638
730560	639
4720870	640
2760996	641
730894	642
3931023	643
300796	644
2760782	645
230496	646
3730519	647
6350652	648
230371	649
9350964	650
2080043	651
2760408	652
9710575	653
9710653	654
9040772	655
9040285	656
6660812	657
9830812	658
9830422	659
6760741	660
230880	661
9350800	662
3730752	663
3730743	664
3730812	665
6760877	666
6760371	667
3230864	668
2370973	669
7310870	670
9350930	671
3730601	672
3730114	673
5370741	674
7310466	675
10140422	676
3731007	677
3730961	678
7980404	679
8191023	680
2080872	681
3230743	682
4720896	683
3930924	684
7310928	685
7310363	686
3230752	687
9350571	688
9350896	689
9350894	690
2080200	691
9350859	692
9350924	693
2760752	694
8190580	695
4990580	696
5370770	697
730200	698
4571023	699
7310266	700
7310924	701
4990371	702
8190897	703
6760519	704
8190772	705
231023	706
6660754	707
2760870	708
3730772	709
4990071	710
9350880	711
7310228	712
7310483	713
9350687	714
6760973	715
2750857	716
6350770	717
2080580	718
230071	719
6350700	720
2760888	721
5370371	722
6760481	723
5370752	724
251002	725
5370518	726
8190424	727
5370419	728
4920973	729
10080857	730
7310959	731
7310205	732
6660857	733
9350888	734
9350212	735
8190205	736
5370687	737
250969	738
2751023	739
910729	740
3930870	741
7310961	742
4630913	743
5370894	744
6901023	745
250942	746
3230888	747
8870364	748
3230880	749
6660205	750
2760006	751
6660801	752
5230414	753
3930285	754
230504	755
9760772	756
910741	757
7790829	758
3391007	759
4720888	760
9710441	761
6660800	762
8870424	763
7790752	764
8710285	765
7790770	766
520964	767
3950282	768
6660414	769
7790371	770
2760414	771
2750212	772
230996	773
230350	774
2760801	775
2760924	776
9710894	777
9710373	778
3470857	779
8190071	780
9710212	781
8710580	782
9710996	783
8600519	784
5230037	785
6350916	786
3730877	787
8190652	788
2760561	789
230167	790
7310669	791
5370877	792
3250891	793
9310466	794
3730920	795
3730638	796
3730458	797
5230043	798
6760296	799
230580	800
1550466	801
3470580	802
9350891	803
7310888	804
3730814	805
3390752	806
250371	807
9760964	808
9671023	809
6660350	810
9350414	811
8190964	812
8190896	813
3390896	814
9350767	815
8710987	816
8190504	817
9710516	818
8870880	819
4720371	820
6350930	821
8710960	822
7310841	823
6760891	824
6350646	825
8190920	826
730282	827
3230504	828
3230960	829
5110196	830
5110045	831
5110006	832
5110995	833
5110880	834
5110560	835
5110205	836
5110371	837
5110561	838
5110350	839
5110931	840
5110924	841
5110877	842
5110812	843
5110872	844
7310196	845
5110601	846
5110634	847
5110004	848
3270652	849
5110549	850
6270652	851
5110984	852
7310752	853
5110370	854
5590652	855
7310471	856
6270635	857
7310635	858
7310652	859
8720652	860
9070652	861
5400652	862
6110652	863
7310585	864
7310960	865
7310938	866
7310045	867
7310419	868
8430652	869
7310350	870
5110652	871
1940652	872
10140652	873
4920652	874
8060652	875
5330652	876
3680652	877
8720857	878
4610652	879
9790652	880
5110430	881
7310859	882
7310516	883
6760652	884
7310564	885
7310049	886
5110635	887
3730419	888
3730964	889
3730471	890
3730266	891
7790772	892
7790857	893
5230466	894
8190741	895
8190414	896
7790924	897
300212	898
8870812	899
8870772	900
9710801	901
8710920	902
2760371	903
7790373	904
3230212	905
3470527	906
3930812	907
520743	908
2080888	909
7790812	910
8710043	911
3470782	912
9710812	913
8190812	914
8190872	915
8711023	916
8710504	917
9710504	918
3470987	919
8190496	920
9351010	921
2570752	922
2760767	923
7790518	924
3390043	925
3930043	926
520043	927
4040580	928
5230646	929
910772	930
7790414	931
730414	932
8710833	933
3470923	934
730872	935
2760527	936
2760304	937
7790422	938
2760458	939
2760833	940
250043	941
9040575	942
8870870	943
9040870	944
2760071	945
9711002	946
9710928	947
9710272	948
7790560	949
730422	950
8870996	951
3930422	952
3700386	953
2760422	954
9710043	955
3470833	956
3230701	957
8710422	958
8710646	959
3250422	960
7090857	961
8710496	962
8340519	963
9710729	964
2080864	965
3230350	966
910924	967
5230350	968
730006	969
230924	970
8191010	971
7791007	972
730996	973
4720205	974
3250580	975
8870924	976
3230996	977
730000	978
6661007	979
3230422	980
3230646	981
730870	982
6660560	983
3231002	984
7790964	985
230920	986
2760930	987
2760504	988
2760496	989
3230000	990
910422	991
301023	992
8870350	993
4720560	994
7530422	995
9710297	996
5230996	997
3230653	998
3470006	999
3700880	1000
5230880	1001
3700701	1002
3700772	1003
3700836	1004
9040880	1005
10170857	1006
8350857	1007
3470996	1008
3700924	1009
3470772	1010
9040212	1011
9710422	1012
4630888	1013
250580	1014
9040739	1015
8190422	1016
730767	1017
9710176	1018
3230923	1019
730743	1020
3230304	1021
9710952	1022
3390741	1023
520969	1024
910200	1025
9040923	1026
5230422	1027
8870888	1028
3471002	1029
730770	1030
230666	1031
8190006	1032
3730880	1033
8190160	1034
910700	1035
3930888	1036
3730182	1037
9710930	1038
8710930	1039
3470930	1040
9710014	1041
3730071	1042
8190801	1043
2750560	1044
4630638	1045
4630743	1046
3730205	1047
300304	1048
3930960	1049
2760987	1050
8710801	1051
7790519	1052
3930350	1053
6660304	1054
9350304	1055
8870144	1056
7790729	1057
8191002	1058
3230800	1059
8870422	1060
7790144	1061
9350144	1062
8190930	1063
9350870	1064
6760160	1065
3701023	1066
2760800	1067
730801	1068
730350	1069
6660872	1070
2760864	1071
2761023	1072
8870930	1073
730857	1074
3730602	1075
5230796	1076
5230930	1077
5370743	1078
3730006	1079
3730176	1080
6900924	1081
9710897	1082
730178	1083
8710772	1084
7310182	1085
231010	1086
3470462	1087
5370772	1088
4630004	1089
5371010	1090
8870833	1091
3930833	1092
2760969	1093
730796	1094
7790266	1095
2760646	1096
2761007	1097
2760960	1098
730880	1099
730960	1100
730646	1101
2750796	1102
3930701	1103
3700833	1104
520772	1105
3700043	1106
8190870	1107
8870743	1108
3700519	1109
520646	1110
9350872	1111
730864	1112
3231023	1113
730809	1114
8550043	1115
3931002	1116
730896	1117
730580	1118
8870212	1119
9040987	1120
4300857	1121
3700144	1122
3230144	1123
730144	1124
730527	1125
2750422	1126
4990160	1127
6660160	1128
3930304	1129
8710924	1130
5230006	1131
6760772	1132
730043	1133
911002	1134
7980160	1135
5370833	1136
3230741	1137
6660000	1138
9350422	1139
2750880	1140
730754	1141
730964	1142
5230857	1143
910857	1144
730772	1145
730952	1146
730071	1147
730812	1148
3700796	1149
8190809	1150
8191007	1151
8551007	1152
3470870	1153
230414	1154
730739	1155
3250006	1156
730729	1157
3230580	1158
3230984	1159
730836	1160
2761002	1161
730212	1162
3230006	1163
3930964	1164
2750996	1165
730800	1166
2081002	1167
3470809	1168
3230772	1169
3471007	1170
8340580	1171
3930772	1172
2750006	1173
730283	1174
3930743	1175
3930205	1176
7790043	1177
3700527	1178
6660561	1179
8710857	1180
9350796	1181
2080930	1182
4630960	1183
4630964	1184
4630518	1185
5370043	1186
5370160	1187
8550857	1188
4720729	1189
730930	1190
4630160	1191
5980920	1192
8600930	1193
5230580	1194
730752	1195
8190877	1196
6660924	1197
8550580	1198
230228	1199
730888	1200
5371007	1201
9710987	1202
5980646	1203
8190645	1204
8710964	1205
3230969	1206
2760880	1207
2760176	1208
3700350	1209
730496	1210
9710144	1211
230820	1212
3230767	1213
8870872	1214
730937	1215
731007	1216
730841	1217
730913	1218
8711002	1219
3730960	1220
9040350	1221
520961	1222
4720043	1223
730984	1224
730363	1225
8871002	1226
4630741	1227
4630894	1228
910833	1229
910071	1230
2760373	1231
9710995	1232
8710200	1233
4630969	1234
4720422	1235
2760952	1236
2760991	1237
3230833	1238
3230872	1239
520894	1240
7790870	1241
2760920	1242
730961	1243
730561	1244
3470872	1245
4720424	1246
2760350	1247
4720741	1248
6900880	1249
230809	1250
2760338	1251
8600414	1252
3230964	1253
5230995	1254
9710527	1255
6660888	1256
3930996	1257
2760738	1258
4720772	1259
3230754	1260
9710923	1261
2760519	1262
3390770	1263
4040071	1264
520942	1265
3230166	1266
3470441	1267
9760920	1268
910960	1269
9040864	1270
3470995	1271
8870754	1272
9040518	1273
4631010	1274
8190653	1275
9710870	1276
10190519	1277
3470880	1278
250741	1279
3470796	1280
8870414	1281
730304	1282
3930969	1283
910580	1284
9710037	1285
730466	1286
8190602	1287
9710462	1288
4040772	1289
9710466	1290
5230504	1291
910560	1292
9710833	1293
3730994	1294
3930575	1295
2760739	1296
6580212	1297
8710212	1298
2760200	1299
3731010	1300
8190212	1301
9350228	1302
6900872	1303
5371002	1304
730504	1305
7790364	1306
8600646	1307
2080531	1308
4630770	1309
8710812	1310
8710414	1311
2080422	1312
8710996	1313
9710964	1314
730833	1315
3700575	1316
2760652	1317
6660519	1318
9351023	1319
9350037	1320
3930872	1321
3950364	1322
2760812	1323
3230561	1324
910212	1325
2760948	1326
910812	1327
8190993	1328
730653	1329
3250937	1330
3230801	1331
6660961	1332
730652	1333
2760406	1334
7790930	1335
3230870	1336
2760653	1337
2760386	1338
6660796	1339
230047	1340
3730422	1341
230963	1342
230948	1343
5370460	1344
6660580	1345
230458	1346
730364	1347
5370754	1348
8870386	1349
8710754	1350
3470920	1351
3730767	1352
3230952	1353
3730952	1354
2760462	1355
3730653	1356
230952	1357
300414	1358
230888	1359
5231002	1360
8600924	1361
910043	1362
5230527	1363
9710856	1364
3730924	1365
3470373	1366
8190466	1367
5370144	1368
4630870	1369
6770160	1370
230991	1371
230176	1372
3930144	1373
4020000	1374
230653	1375
9350205	1376
9710701	1377
3230200	1378
3230930	1379
9350160	1380
6660144	1381
910870	1382
5370801	1383
5370930	1384
3730770	1385
2760995	1386
9760580	1387
8710037	1388
3230527	1389
4040752	1390
8600743	1391
5230575	1392
3950144	1393
3730741	1394
9421023	1395
4750870	1396
10011023	1397
5981002	1398
2760729	1399
911007	1400
5370560	1401
230212	1402
8710575	1403
9830796	1404
8600857	1405
5980930	1406
7530772	1407
6660752	1408
230960	1409
9710085	1410
9710334	1411
5230371	1412
9710896	1413
9830984	1414
8710891	1415
8600772	1416
3730833	1417
5230833	1418
9310767	1419
3730987	1420
6900767	1421
3730414	1422
5230767	1423
3230071	1424
8900767	1425
4020996	1426
1920857	1427
4990646	1428
4990930	1429
4990519	1430
9350200	1431
4990924	1432
4090973	1433
6770928	1434
7310004	1435
9350801	1436
8330857	1437
3930228	1438
9350460	1439
6660460	1440
4990880	1441
730386	1442
4020212	1443
3930770	1444
3730043	1445
2760765	1446
2081007	1447
4630896	1448
1600973	1449
3700496	1450
8710923	1451
2760897	1452
3730268	1453
8710870	1454
5230754	1455
6660496	1456
6581023	1457
2750872	1458
3930386	1459
3230961	1460
520205	1461
4990460	1462
10140880	1463
4720687	1464
3700930	1465
7310754	1466
6770857	1467
3730185	1468
5370424	1469
3730996	1470
3470812	1471
910961	1472
8190518	1473
3730466	1474
910282	1475
4720282	1476
250772	1477
5370994	1478
10111023	1479
7790859	1480
250282	1481
8190229	1482
4630994	1483
1030419	1484
250419	1485
3390961	1486
5370364	1487
1030580	1488
9400973	1489
250364	1490
7310037	1491
7310857	1492
1030765	1493
5370835	1494
6990729	1495
9350177	1496
8791023	1497
6761023	1498
3730229	1499
1030877	1500
7310161	1501
3730891	1502
8870564	1503
6350177	1504
7530564	1505
3730137	1506
6760646	1507
7310891	1508
7310436	1509
7310519	1510
6761002	1511
6351023	1512
3730299	1513
9350161	1514
3730177	1515
5370564	1516
3730363	1517
8190564	1518
6770948	1519
7310580	1520
6760930	1521
7980765	1522
7640857	1523
6760419	1524
7980601	1525
4330404	1526
6760829	1527
8190419	1528
4330857	1529
6991002	1530
3730937	1531
3730841	1532
6760961	1533
6760564	1534
4330601	1535
3730864	1536
8790200	1537
6760924	1538
6760226	1539
8190296	1540
1030601	1541
3730364	1542
6760236	1543
4910857	1544
6990857	1545
8790891	1546
7530483	1547
7530177	1548
9070961	1549
4990404	1550
1030948	1551
7310129	1552
7310772	1553
1030266	1554
1030363	1555
3730941	1556
7310533	1557
7310102	1558
6760859	1559
4630833	1560
7980177	1561
7980857	1562
7310207	1563
3730896	1564
5110471	1565
910841	1566
9350364	1567
2750812	1568
6771010	1569
8710796	1570
5980770	1571
6660809	1572
6900930	1573
6270471	1574
1940471	1575
3730460	1576
520364	1577
4990741	1578
3730894	1579
8600580	1580
