1559
null	0
8190913	1
3730961	2
7790859	3
4630928	4
3730646	5
7311010	6
3731002	7
4040200	8
3730228	9
4630200	10
4630518	11
8191023	12
2280857	13
5371010	14
1030969	15
3230857	16
8870424	17
4720857	18
8190894	19
7770857	20
3730071	21
9350653	22
3250857	23
3250937	24
520857	25
9350646	26
910928	27
730646	28
3930519	29
730729	30
9350114	31
3250363	32
7790743	33
5370200	34
9350930	35
5370841	36
3950729	37
8870282	38
9350700	39
8190765	40
4720404	41
3950282	42
7790841	43
3950371	44
8871007	45
9040857	46
7310984	47
8190888	48
6040857	49
3730004	50
3700964	51
8790580	52
7530544	53
5370266	54
4610857	55
7980973	56
4990928	57
9350544	58
7790937	59
4990646	60
4991002	61
730200	62
7790961	63
4990772	64
9350419	65
910519	66
4880973	67
1030292	68
5370481	69
5370544	70
5371023	71
5370043	72
250200	73
3950043	74
250930	75
1760973	76
3390580	77
3731023	78
1030200	79
1031002	80
1030282	81
1030043	82
250571	83
3950870	84
1030984	85
1030700	86
1030601	87
1030646	88
1030961	89
250282	90
7791023	91
3391007	92
3390961	93
7310765	94
5370282	95
8190942	96
1030857	97
1030638	98
7310601	99
8190519	100
250071	101
5110370	102
1030993	103
8870571	104
1030419	105
8190646	106
4630829	107
1940973	108
7310872	109
8190518	110
5370729	111
5370961	112
381010	113
7940973	114
1030928	115
9350043	116
5110214	117
5110004	118
7310371	119
7310937	120
7310700	121
9350896	122
3730200	123
4630419	124
5370859	125
8790835	126
4330765	127
4720363	128
8870496	129
4630772	130
5370752	131
4630765	132
4630043	133
5370829	134
1031010	135
250741	136
250772	137
3230743	138
2750872	139
730961	140
3700205	141
3230205	142
3230043	143
7531007	144
250424	145
8190571	146
250942	147
3700752	148
3700071	149
9710646	150
3470575	151
8710928	152
9710743	153
8870560	154
520741	155
4720205	156
3930836	157
910114	158
3930646	159
910700	160
9040969	161
3470200	162
8710601	163
3930767	164
910371	165
9710601	166
3700928	167
3470752	168
3470894	169
8710729	170
3230575	171
910205	172
9040961	173
910937	174
3700770	175
9710767	176
9710891	177
2080770	178
911007	179
4040424	180
9041007	181
3950560	182
4720969	183
7790913	184
7790969	185
4720841	186
5370770	187
4720544	188
3930770	189
9710729	190
9710752	191
4320857	192
5370877	193
7530772	194
8550580	195
2570043	196
3230560	197
910560	198
9710770	199
8710770	200
4631007	201
8550772	202
2570580	203
9040872	204
300880	205
300422	206
8710767	207
3700924	208
9310767	209
6660752	210
9710386	211
6760877	212
6350114	213
6760693	214
7310571	215
7310006	216
7310880	217
2760857	218
8790200	219
3730571	220
230364	221
2760364	222
2760987	223
3250371	224
3250772	225
7790205	226
6350601	227
7310687	228
6760043	229
7310959	230
7310114	231
6350829	232
6760765	233
6760942	234
2760964	235
8710857	236
8710205	237
3230969	238
910796	239
3930212	240
520071	241
9040812	242
1030829	243
8791007	244
8710772	245
2760754	246
5370754	247
5230923	248
5370560	249
8870364	250
4040519	251
5370924	252
6760601	253
3730137	254
9070646	255
6760177	256
6760859	257
9760200	258
5370948	259
8870580	260
2761007	261
2760752	262
230952	263
730364	264
730770	265
9710580	266
8710212	267
9710796	268
9710071	269
730920	270
7310993	271
10110857	272
3700812	273
9710739	274
300560	275
3700864	276
9710888	277
2080772	278
9760519	279
5230729	280
3930205	281
5230812	282
3930741	283
910841	284
8710560	285
9710969	286
9710864	287
3700743	288
3700006	289
8710752	290
2760767	291
2760770	292
3930071	293
3700888	294
9710920	295
9710872	296
3930864	297
8710350	298
5230646	299
9350560	300
3700857	301
8190653	302
9710995	303
520960	304
8790741	305
9710453	306
3930796	307
910363	308
9710960	309
9760920	310
3950364	311
910924	312
6900872	313
3930653	314
3930739	315
8710987	316
8710969	317
910071	318
8710006	319
3930006	320
300872	321
9710205	322
9710373	323
3700350	324
8550519	325
8710880	326
3230770	327
2760928	328
8790043	329
7790888	330
9710809	331
4720741	332
8710741	333
8790414	334
5230767	335
3230371	336
3230350	337
8710961	338
8190859	339
8190645	340
9710923	341
6760114	342
5231023	343
5230386	344
9710519	345
3730414	346
8190961	347
3390960	348
9710961	349
7790687	350
9710741	351
4630877	352
8190829	353
3730993	354
6760888	355
6660350	356
9710212	357
2080752	358
2760580	359
7790752	360
7790894	361
3930880	362
3930422	363
4910200	364
9710829	365
8710864	366
2760741	367
230496	368
7530859	369
3930812	370
300350	371
2760404	372
8550857	373
9710894	374
8710496	375
2760961	376
5230809	377
2760516	378
2760765	379
9710350	380
8870414	381
910544	382
8870924	383
4040071	384
3700414	385
730687	386
9711002	387
7790880	388
3250043	389
8550043	390
730114	391
9710371	392
7790924	393
2760687	394
2081023	395
3700580	396
6660754	397
6660371	398
3700772	399
9710285	400
7790371	401
8870043	402
8191010	403
5230872	404
3250414	405
6900560	406
6660741	407
6660772	408
8790544	409
9350006	410
6660800	411
6660047	412
8600772	413
9830812	414
6760564	415
6350404	416
2760114	417
2750228	418
9350894	419
3230864	420
8190176	421
8190896	422
8710176	423
8600920	424
3930228	425
7530580	426
2760371	427
6660000	428
2760772	429
2760896	430
9710462	431
9040996	432
8600422	433
3700896	434
300996	435
9830796	436
3730357	437
3930043	438
3730700	439
3730282	440
3730006	441
4630404	442
4630964	443
5981023	444
8601023	445
250964	446
3730420	447
3730363	448
8190767	449
8790888	450
8790857	451
7310564	452
5370741	453
8190266	454
9350937	455
730942	456
3700741	457
2750880	458
300496	459
3731007	460
3730872	461
3730741	462
3730350	463
5230205	464
6660504	465
2760646	466
8190419	467
2750857	468
7530371	469
8190937	470
9710924	471
3730765	472
250743	473
250888	474
8710371	475
6900857	476
300796	477
8190864	478
4630888	479
4630114	480
6760646	481
250580	482
8190364	483
8710519	484
3470441	485
230741	486
5230519	487
3470285	488
9711007	489
3230752	490
5370687	491
8190371	492
6760928	493
9350729	494
8190880	495
910857	496
520969	497
8190741	498
230752	499
6660580	500
5230580	501
9710414	502
250969	503
4630913	504
9350880	505
6660960	506
2760960	507
7310942	508
6660809	509
8870772	510
3930752	511
3930496	512
3700960	513
9711023	514
2080857	515
3470857	516
8190770	517
3230872	518
7530414	519
9710782	520
3250560	521
3950960	522
2760743	523
10140560	524
9710857	525
6350177	526
7310969	527
6760560	528
6760872	529
2760176	530
3730888	531
3390888	532
7310045	533
7530422	534
3700575	535
3930870	536
6660527	537
3700422	538
8190516	539
5370772	540
8190772	541
3730772	542
4630752	543
6660561	544
8600519	545
3950772	546
7090973	547
3700212	548
3700961	549
3930560	550
2750560	551
5230995	552
5230772	553
9350212	554
3230870	555
9710687	556
8870809	557
3930964	558
3930371	559
7530483	560
2760864	561
230422	562
730801	563
6660880	564
6660948	565
8190422	566
2080043	567
2760894	568
230924	569
3730386	570
5230969	571
8811023	572
9350741	573
3730942	574
3730829	575
4630282	576
8190960	577
4631010	578
8190973	579
7310560	580
7310888	581
3730870	582
3730496	583
3730504	584
3730441	585
3730601	586
7310161	587
5370419	588
3730898	589
8190229	590
6760841	591
8190782	592
5370888	593
3730841	594
6270857	595
7310741	596
7310669	597
9710527	598
2760496	599
3730422	600
6760857	601
5370896	602
2760200	603
8190043	604
3730404	605
3730981	606
8190496	607
7310877	608
7310419	609
9310466	610
9350996	611
6760741	612
6660006	613
9710516	614
9350516	615
7310071	616
3930857	617
3730924	618
9710085	619
8870006	620
3730266	621
7310731	622
3730580	623
3730770	624
3731010	625
4630741	626
8710995	627
6760071	628
3730371	629
8190872	630
9350228	631
5230575	632
730560	633
8870870	634
3700870	635
730580	636
3230653	637
3230880	638
730894	639
9710963	640
8871002	641
10220857	642
8190964	643
3930960	644
7790560	645
2760653	646
2080205	647
9710575	648
9710653	649
9710772	650
7790516	651
9350071	652
9350687	653
1551023	654
6660422	655
9351010	656
230212	657
3730241	658
8190877	659
3730430	660
8190205	661
7310129	662
3730987	663
3730743	664
6350765	665
6760371	666
8710580	667
9830996	668
7310870	669
5110350	670
3730877	671
3730114	672
2370973	673
7310282	674
3730928	675
2080872	676
5231002	677
7310859	678
7310363	679
7310436	680
10110872	681
730071	682
9350571	683
8190969	684
8190752	685
730857	686
7310228	687
9350765	688
730937	689
5110205	690
4990371	691
4990857	692
9350964	693
6660801	694
2760144	695
7310602	696
3730653	697
6660228	698
6660646	699
9350948	700
9350177	701
6760266	702
2760560	703
4990580	704
7310924	705
3230796	706
9350800	707
6760700	708
6350770	709
730205	710
8711023	711
230870	712
8190687	713
7310928	714
4330857	715
5370071	716
8190424	717
7310835	718
4920973	719
7310812	720
7310214	721
7310829	722
3730752	723
9350888	724
10140652	725
7531023	726
7790829	727
8190729	728
9350913	729
4910481	730
8190071	731
3251023	732
7530043	733
3930200	734
730371	735
3930961	736
7310961	737
8720857	738
3730229	739
7310580	740
6350891	741
3390743	742
8191002	743
5370894	744
6760829	745
3730364	746
3250877	747
3471023	748
3230888	749
6660212	750
8710285	751
301023	752
5230796	753
6660414	754
9760580	755
9710006	756
9350752	757
9710496	758
6660770	759
250519	760
8710809	761
8710870	762
3470043	763
3250006	764
9040580	765
2760414	766
8870833	767
2760829	768
730930	769
6660996	770
5650857	771
8190993	772
6660872	773
2760870	774
5230870	775
2760205	776
2760996	777
8600864	778
2760350	779
5230496	780
9350952	781
7790571	782
4630071	783
8710996	784
3230739	785
230770	786
6761007	787
9760857	788
7790652	789
230809	790
2760872	791
9041023	792
3230984	793
3730920	794
9710441	795
2760880	796
2080519	797
910741	798
7530177	799
6760296	800
9350891	801
3390752	802
9350527	803
8710888	804
3730812	805
8710743	806
3470743	807
6350700	808
3730564	809
730841	810
3250580	811
6760419	812
8710960	813
6350857	814
8190920	815
730960	816
9350580	817
8190987	818
6901023	819
3730043	820
7310205	821
5110045	822
5110653	823
5110006	824
5110924	825
5110880	826
5110196	827
5110872	828
5110812	829
3270652	830
5110931	831
5110560	832
5110371	833
5110995	834
5110731	835
1940196	836
5110634	837
1940652	838
5110561	839
5110984	840
5110549	841
5110471	842
5110652	843
5110635	844
1940471	845
7310471	846
8430652	847
6270652	848
3680652	849
7310652	850
8060652	851
5330652	852
5400652	853
6270635	854
8720652	855
9070652	856
5590652	857
7310266	858
6110652	859
7310350	860
4610652	861
5110430	862
7310841	863
4920652	864
4990601	865
7310960	866
9790652	867
7310196	868
7310635	869
7310752	870
7310049	871
7310585	872
6660560	873
6350652	874
3730994	875
6760652	876
7310430	877
7310404	878
7310916	879
3730419	880
3730969	881
9350859	882
7310483	883
7790812	884
7790770	885
5230466	886
2761023	887
7790772	888
8190801	889
7790857	890
8190414	891
7790741	892
7790870	893
2760043	894
3700796	895
8190812	896
3470987	897
3230212	898
4720200	899
3470796	900
520752	901
3700043	902
7790580	903
8710043	904
2080422	905
8710504	906
8710920	907
3470580	908
3470782	909
9710043	910
8190006	911
9350561	912
7790144	913
2760504	914
3930414	915
730741	916
6660408	917
3700285	918
2080580	919
3230924	920
8870212	921
730212	922
3470923	923
2760304	924
8870422	925
8190560	926
8190460	927
2760801	928
6660043	929
7790043	930
230458	931
2760948	932
4720964	933
8340580	934
7530872	935
9040870	936
3470560	937
2760930	938
730414	939
910414	940
910870	941
3250920	942
730948	943
730996	944
730812	945
520580	946
910752	947
2080414	948
2760422	949
8870741	950
3470422	951
9710422	952
3700701	953
730880	954
4720580	955
8710646	956
3250422	957
4630004	958
8190809	959
9040796	960
3700519	961
7090857	962
3390964	963
2080864	964
730924	965
730006	966
2760942	967
3230304	968
3930285	969
3230646	970
3700996	971
6660870	972
3700527	973
730870	974
3230422	975
730928	976
3230527	977
3230228	978
6660243	979
3231002	980
4720870	981
4720519	982
7790964	983
2760441	984
2761002	985
2760000	986
8711002	987
4720371	988
3700560	989
9830984	990
9710701	991
9710334	992
8870350	993
9710996	994
7530560	995
3230996	996
9040575	997
3230414	998
910812	999
5230350	1000
910422	1001
3470996	1002
3470924	1003
3470872	1004
9040772	1005
9040212	1006
9040043	1007
8870205	1008
9710880	1009
9710928	1010
9710812	1011
4630580	1012
3700739	1013
9040739	1014
3470414	1015
8190504	1016
4630371	1017
3470006	1018
9710176	1019
8190952	1020
4630743	1021
6660304	1022
730809	1023
5230560	1024
2760924	1025
9710952	1026
910043	1027
910200	1028
3470496	1029
9040285	1030
3700880	1031
5230880	1032
5370930	1033
2760006	1034
8190160	1035
3950930	1036
10011023	1037
2080743	1038
5370801	1039
8710801	1040
3470930	1041
9710014	1042
9350743	1043
3931007	1044
3730205	1045
4630969	1046
300304	1047
9710856	1048
3700144	1049
7790519	1050
3250205	1051
8870144	1052
3701023	1053
520371	1054
730516	1055
3230812	1056
3930872	1057
3470205	1058
9350870	1059
8190870	1060
3730880	1061
3470870	1062
2760800	1063
2760519	1064
730519	1065
6660205	1066
730872	1067
8190930	1068
4090973	1069
9350924	1070
4990043	1071
5370371	1072
9350460	1073
5370144	1074
3730185	1075
3730182	1076
6900466	1077
2080531	1078
230920	1079
6350930	1080
3230504	1081
8870930	1082
3930350	1083
910833	1084
5370964	1085
730363	1086
2760071	1087
3930701	1088
5370743	1089
4720942	1090
730043	1091
3931023	1092
730864	1093
730796	1094
9710200	1095
9040923	1096
3230767	1097
730752	1098
730422	1099
3931002	1100
730460	1101
730984	1102
9040987	1103
4300857	1104
3930144	1105
730144	1106
2750212	1107
4990160	1108
5230857	1109
3730809	1110
3730937	1111
7790930	1112
6900037	1113
5230930	1114
9710037	1115
7790414	1116
5230739	1117
8710872	1118
7790897	1119
3930996	1120
730964	1121
730969	1122
5230037	1123
4040857	1124
3471002	1125
730228	1126
4720729	1127
5370580	1128
8870812	1129
730527	1130
7790518	1131
3950924	1132
2760812	1133
230560	1134
8870996	1135
6661002	1136
3930580	1137
2760995	1138
6661007	1139
3230930	1140
3230006	1141
3230928	1142
730836	1143
3230580	1144
2760212	1145
5230006	1146
2760338	1147
5370993	1148
2760809	1149
9350809	1150
3471007	1151
911023	1152
2750006	1153
730283	1154
910212	1155
910880	1156
7530205	1157
7790729	1158
730350	1159
9350000	1160
230812	1161
6660961	1162
8710930	1163
2760897	1164
9350160	1165
250371	1166
3390870	1167
731023	1168
730504	1169
4990993	1170
4630930	1171
730739	1172
2750996	1173
730544	1174
2750796	1175
730888	1176
520519	1177
230996	1178
8870880	1179
5230371	1180
5230996	1181
2760991	1182
4040371	1183
2760460	1184
730653	1185
9710304	1186
3230800	1187
231023	1188
3930924	1189
8710466	1190
3470504	1191
8870518	1192
910729	1193
4720961	1194
730561	1195
9040350	1196
730496	1197
730304	1198
730282	1199
9350304	1200
730700	1201
2751023	1202
730913	1203
8870872	1204
4630894	1205
3930304	1206
230880	1207
4630960	1208
9311023	1209
2760952	1210
3470772	1211
730800	1212
9760071	1213
230767	1214
2760782	1215
3470809	1216
250752	1217
2760920	1218
3470812	1219
4040741	1220
3470995	1221
8190350	1222
6660969	1223
230414	1224
230167	1225
8600414	1226
8710422	1227
3470176	1228
230350	1229
230006	1230
731007	1231
2760527	1232
730767	1233
730178	1234
9710896	1235
911002	1236
8711007	1237
520772	1238
910772	1239
3930772	1240
3230772	1241
520964	1242
730754	1243
5230422	1244
2760833	1245
730652	1246
520743	1247
4040043	1248
730743	1249
2080930	1250
4040752	1251
730896	1252
3231023	1253
4040580	1254
730166	1255
3700496	1256
3390770	1257
4630638	1258
3470880	1259
250144	1260
4630857	1261
4630770	1262
4720888	1263
9710297	1264
3390741	1265
9040864	1266
730000	1267
3930969	1268
730995	1269
910864	1270
3930386	1271
910580	1272
3700833	1273
1030994	1274
8190602	1275
3470833	1276
3470920	1277
9710987	1278
9710964	1279
4630160	1280
8190466	1281
3730176	1282
3930575	1283
3470527	1284
9350422	1285
6580212	1286
2760739	1287
2760652	1288
3730952	1289
8190212	1290
3730602	1291
8600071	1292
9710544	1293
3950144	1294
2760729	1295
9710930	1296
2760969	1297
7790373	1298
730952	1299
8710812	1300
8710527	1301
8600043	1302
520043	1303
8710414	1304
8600580	1305
910364	1306
6660812	1307
7980160	1308
5370833	1309
6770160	1310
9350037	1311
9350833	1312
8710924	1313
7790364	1314
2760561	1315
9350872	1316
9710870	1317
2760458	1318
3700386	1319
3700364	1320
730772	1321
230888	1322
8710037	1323
230872	1324
9350144	1325
8870386	1326
4720772	1327
6660653	1328
730466	1329
230228	1330
2760373	1331
8710782	1332
230948	1333
3730782	1334
2760963	1335
3730984	1336
230504	1337
230857	1338
230176	1339
3470373	1340
6660767	1341
2750422	1342
230047	1343
3730560	1344
5981002	1345
300414	1346
9710833	1347
3470462	1348
7790496	1349
6660924	1350
6660144	1351
6660952	1352
3930888	1353
3730964	1354
4020000	1355
2760462	1356
9040364	1357
6771010	1358
5230414	1359
6761002	1360
5230920	1361
9710466	1362
4630602	1363
4630870	1364
7790422	1365
5371002	1366
8600743	1367
910969	1368
9350350	1369
6900767	1370
230991	1371
3730460	1372
3730767	1373
6770043	1374
230043	1375
9350205	1376
5371007	1377
230960	1378
8710575	1379
300212	1380
3230920	1381
5370518	1382
2760408	1383
5370460	1384
8901023	1385
3700930	1386
5980930	1387
8600857	1388
8600930	1389
230292	1390
6660888	1391
6660743	1392
6660930	1393
6660160	1394
230071	1395
5230043	1396
5980920	1397
9350414	1398
5980504	1399
9710897	1400
8710891	1401
9831023	1402
8710923	1403
6760924	1404
9350801	1405
8710833	1406
8900767	1407
300205	1408
4020996	1409
230371	1410
3391002	1411
520205	1412
6660796	1413
9421023	1414
230653	1415
3230701	1416
7310004	1417
4990930	1418
4990741	1419
1920857	1420
6660496	1421
10140930	1422
7310460	1423
4990880	1424
4990924	1425
6900924	1426
730833	1427
6660460	1428
9350754	1429
730386	1430
4990460	1431
5370870	1432
5370424	1433
8710963	1434
3930833	1435
2750043	1436
3930923	1437
8710796	1438
9760964	1439
4630896	1440
1600973	1441
6900880	1442
5230504	1443
5230212	1444
8710386	1445
6660071	1446
3230496	1447
3730960	1448
3730268	1449
1550466	1450
3730519	1451
3930743	1452
6770460	1453
4750870	1454
3730833	1455
910961	1456
4041007	1457
231010	1458
6991002	1459
250961	1460
7311007	1461
5370364	1462
250729	1463
4630961	1464
250364	1465
1480973	1466
1030913	1467
1030580	1468
8190564	1469
7310466	1470
6770948	1471
6760961	1472
1030363	1473
1030765	1474
6761023	1475
4330601	1476
9350564	1477
1030404	1478
1030877	1479
3730177	1480
7530564	1481
1030266	1482
7310177	1483
7310651	1484
3730974	1485
9400973	1486
7310207	1487
7310891	1488
6760481	1489
6350646	1490
5370835	1491
6760973	1492
8190296	1493
7311021	1494
6350916	1495
7310693	1496
7310043	1497
3730296	1498
7640857	1499
6351023	1500
7980601	1501
9350161	1502
7980404	1503
3730891	1504
7980765	1505
3730941	1506
8190891	1507
6990481	1508
3730785	1509
8790891	1510
3730864	1511
6760930	1512
4571023	1513
6760519	1514
7310227	1515
4990404	1516
6760870	1517
6990857	1518
9671023	1519
4910857	1520
10080857	1521
9070961	1522
7310492	1523
1030948	1524
380004	1525
8190835	1526
1030114	1527
4330404	1528
1030571	1529
7310857	1530
9350364	1531
7310102	1532
4630571	1533
7310519	1534
3250200	1535
6760770	1536
7980857	1537
5980770	1538
6581023	1539
8870564	1540
2080894	1541
3730896	1542
6270471	1543
3730466	1544
910282	1545
3930364	1546
9710801	1547
230923	1548
230930	1549
6900930	1550
2750812	1551
5111023	1552
1030835	1553
3730638	1554
9340973	1555
230963	1556
520364	1557
10140422	1558
