1007
null	0
4630424	1
7310646	2
8870544	3
7790200	4
3730993	5
3730200	6
7980973	7
9350006	8
4630282	9
8190363	10
5370961	11
3730228	12
8870424	13
2080857	14
3250857	15
9350404	16
8190993	17
8190937	18
8870518	19
910200	20
3930580	21
730729	22
7790841	23
5370841	24
520857	25
9350913	26
8791023	27
8870859	28
3950371	29
8190913	30
8871007	31
9711023	32
8190888	33
8190687	34
3731002	35
3700964	36
9710504	37
5370266	38
7311002	39
5370200	40
7311007	41
9351002	42
4720841	43
730200	44
730646	45
730961	46
4610973	47
4990043	48
4990646	49
731007	50
4880973	51
1030292	52
1030282	53
5370481	54
5370544	55
8790430	56
7790580	57
4630937	58
1031002	59
1030200	60
1030043	61
1030646	62
8190646	63
4630969	64
1030984	65
1031007	66
250043	67
4630829	68
7791023	69
3950043	70
4990857	71
5370282	72
250969	73
4630200	74
4631007	75
9351023	76
250071	77
9350200	78
3731023	79
1760973	80
7310492	81
5370859	82
5370937	83
1031010	84
1030404	85
5371007	86
1940973	87
7310419	88
8190729	89
4630580	90
7940973	91
7310371	92
7310004	93
7310700	94
3730898	95
8190544	96
9350741	97
1030638	98
3730241	99
8191023	100
3250363	101
4630930	102
9350646	103
3951023	104
5370993	105
3230969	106
3700205	107
3230205	108
731023	109
7531007	110
8190205	111
8190942	112
3250560	113
3700969	114
3930364	115
3700752	116
3700404	117
3700071	118
9710743	119
520741	120
3230812	121
3251007	122
910700	123
910928	124
2760952	125
3470200	126
5230504	127
3930371	128
910371	129
8790969	130
3700996	131
3470752	132
8710729	133
910205	134
3700770	135
9710767	136
8710809	137
2080770	138
9711007	139
4720961	140
4720969	141
4720544	142
4720580	143
8870580	144
3930752	145
9710729	146
9710752	147
8711007	148
4320857	149
5370877	150
4750772	151
9040772	152
8550043	153
3230560	154
9710770	155
8710770	156
1030857	157
4630386	158
7790043	159
7790729	160
3700942	161
3700960	162
300422	163
6660888	164
3930519	165
8710767	166
8710987	167
8710371	168
6760877	169
6350114	170
6760266	171
7310571	172
7310765	173
9350765	174
2760580	175
2760987	176
2760888	177
3250371	178
7790205	179
7790741	180
7310601	181
6770857	182
7310829	183
7310969	184
7310942	185
7310114	186
6760765	187
6760942	188
2760964	189
5370942	190
9350888	191
3930212	192
3700888	193
520071	194
2760754	195
9350350	196
5230923	197
10110857	198
6760404	199
5370964	200
4040519	201
5370924	202
3730601	203
7310560	204
6760973	205
9350205	206
6761007	207
8190481	208
5370984	209
2761007	210
3230519	211
2760364	212
230496	213
730960	214
9710580	215
9710796	216
9710071	217
730071	218
7310404	219
5370829	220
3930560	221
9350212	222
3700812	223
9710739	224
300560	225
9710888	226
9760200	227
9710205	228
3930741	229
8710969	230
910560	231
8710560	232
9710864	233
8710205	234
3700743	235
3700006	236
2760767	237
2760770	238
9710920	239
3930864	240
8710350	241
5230646	242
9350560	243
3700857	244
3230770	245
9710453	246
3930796	247
3470519	248
4720071	249
5230519	250
3470969	251
910519	252
3950964	253
6900872	254
3930880	255
3930739	256
9710969	257
300872	258
3700739	259
8550519	260
8710880	261
8710996	262
2760920	263
2760752	264
7790888	265
9710809	266
4720741	267
3470729	268
8710741	269
3230653	270
3230350	271
8190859	272
8190765	273
8190364	274
9710085	275
3230924	276
5230386	277
9710964	278
8190961	279
5230969	280
910880	281
9710961	282
7790896	283
3731007	284
7790687	285
8190770	286
8710782	287
2760969	288
9710212	289
2760960	290
3930870	291
7530560	292
3930422	293
250961	294
910364	295
8710414	296
9710519	297
2760741	298
7530859	299
3930812	300
9710371	301
2760872	302
8710496	303
7790752	304
3700741	305
2760516	306
9710350	307
910414	308
910969	309
8870924	310
910937	311
910729	312
3700414	313
3700285	314
3470924	315
730371	316
730741	317
8870829	318
3250043	319
9710741	320
8710864	321
2080414	322
7790924	323
7790560	324
2081023	325
4910857	326
6660414	327
3700580	328
6660924	329
9710928	330
2760687	331
7090973	332
5230872	333
2760205	334
6901023	335
8790857	336
9350371	337
3700864	338
3950560	339
6661007	340
6660800	341
2760930	342
6760564	343
2750560	344
3230864	345
8710743	346
5981023	347
8710176	348
7530857	349
9710466	350
6660000	351
3470422	352
2760896	353
7790114	354
9040796	355
730580	356
7790964	357
9710462	358
3700896	359
2370973	360
9311023	361
6760857	362
8601023	363
3730114	364
3730496	365
2760114	366
9710896	367
8190560	368
8190829	369
6990200	370
7310161	371
7311010	372
5370741	373
5370043	374
6760928	375
3930961	376
3230920	377
3230796	378
3230857	379
8190741	380
3730371	381
5230205	382
730870	383
9350772	384
3950772	385
2750857	386
3230006	387
9710924	388
9710544	389
3730765	390
3950960	391
8190743	392
9710857	393
9350924	394
7530371	395
3250891	396
8710888	397
3470441	398
230741	399
5231023	400
3230752	401
9350872	402
910646	403
9760857	404
9710414	405
3250937	406
9350752	407
6660371	408
3470285	409
300880	410
6900560	411
9710006	412
3470857	413
9710963	414
8710752	415
9710782	416
3730981	417
2760894	418
2760743	419
3730888	420
3700422	421
2751023	422
730516	423
3930772	424
6660527	425
8710006	426
5370772	427
3730974	428
4630043	429
2760928	430
8600519	431
3230739	432
3250580	433
8190516	434
8190652	435
4630371	436
6660212	437
4720404	438
3950364	439
9710373	440
7310984	441
9350812	442
230560	443
6660880	444
5370896	445
2080894	446
2080043	447
8190519	448
5230414	449
8190177	450
8190969	451
8191007	452
4300857	453
8190952	454
3730877	455
3730829	456
8190466	457
3730519	458
3730404	459
3730960	460
9350177	461
3730363	462
7311021	463
6760177	464
8190960	465
8191010	466
5370752	467
7310741	468
3730422	469
3730752	470
3730004	471
7310205	472
230857	473
9350743	474
3730296	475
6761023	476
6771010	477
7310877	478
9350516	479
7531023	480
10220857	481
3730071	482
3730872	483
3730770	484
3731010	485
4630960	486
3230870	487
2750212	488
730894	489
3390752	490
3700364	491
3930544	492
6350646	493
9710575	494
9710772	495
6660422	496
2760942	497
3730942	498
8190772	499
8190877	500
5230857	501
6350765	502
6660812	503
9350580	504
7310924	505
6350601	506
6760700	507
6760601	508
3730961	509
3730646	510
3730928	511
3230743	512
3930924	513
7310282	514
7310961	515
7770857	516
4990993	517
9350896	518
8190419	519
9350829	520
4990580	521
730937	522
3730580	523
9350964	524
2760200	525
5370888	526
1030928	527
9350880	528
9350043	529
8190880	530
4990930	531
3230371	532
4990924	533
8710466	534
230963	535
5370371	536
6761002	537
7310430	538
8190371	539
5370424	540
5370571	541
7310835	542
7310266	543
3730282	544
9350729	545
3230928	546
9350870	547
3930200	548
3930043	549
3930969	550
6350891	551
6760481	552
4630004	553
8190870	554
5370894	555
5370071	556
3230880	557
3700212	558
2760006	559
2760880	560
230952	561
7790371	562
4750371	563
7790894	564
8190894	565
6040857	566
8710285	567
520964	568
4910481	569
3230386	570
2760414	571
8870833	572
6660996	573
6660350	574
230872	575
2760519	576
2760996	577
3700961	578
3730564	579
8190071	580
3700870	581
2080519	582
7790857	583
8190043	584
230880	585
3730043	586
2760043	587
5230371	588
910741	589
6760296	590
7310471	591
9350687	592
3730841	593
8190896	594
8600071	595
6350916	596
8190752	597
9710516	598
3730743	599
3930205	600
7310841	601
8190920	602
730928	603
8190767	604
9350414	605
1551023	606
3730268	607
5110006	608
5110196	609
5110045	610
5110350	611
5110371	612
5110560	613
5110872	614
5110004	615
7310196	616
5110812	617
7310200	618
5110549	619
3680652	620
3270652	621
7310652	622
6270652	623
5330652	624
9070652	625
5590652	626
8430652	627
6270635	628
6110652	629
7310635	630
7310857	631
7310564	632
8720652	633
7310669	634
10140652	635
1940652	636
7310129	637
3730700	638
9350859	639
9350996	640
6270471	641
3730266	642
3730205	643
3730419	644
7310693	645
5230466	646
7790144	647
2760772	648
3470772	649
2760646	650
7790870	651
7790913	652
8870212	653
730796	654
8870043	655
8190812	656
8710920	657
730880	658
3230212	659
520752	660
7790743	661
7090857	662
3470043	663
8550580	664
8710646	665
9710812	666
8190872	667
8710504	668
3470782	669
3470987	670
4720043	671
8190006	672
7790519	673
3930414	674
9711002	675
910924	676
5230809	677
9710285	678
7790414	679
300414	680
3470923	681
4040913	682
6660460	683
300996	684
8870422	685
7790516	686
730561	687
4720896	688
4720964	689
9040580	690
2760371	691
910870	692
7790601	693
910580	694
3700575	695
9710527	696
3470580	697
730948	698
9350422	699
3470205	700
2760422	701
9710422	702
8710580	703
8190809	704
9710880	705
7790071	706
5230350	707
730006	708
3950870	709
6660948	710
3230422	711
730996	712
3230304	713
730212	714
730896	715
3230996	716
8870870	717
9350460	718
3700386	719
730228	720
3231023	721
3230984	722
9710930	723
2760504	724
2760496	725
8710519	726
3700924	727
2080580	728
9710996	729
9710297	730
3470006	731
3230414	732
911007	733
910422	734
3390580	735
3470414	736
9710176	737
8710924	738
730205	739
730743	740
9710952	741
910043	742
520519	743
520969	744
3700880	745
5230560	746
5231002	747
730560	748
4630752	749
8190645	750
8870880	751
8340857	752
2080743	753
3930857	754
3470930	755
8711023	756
4630638	757
3730969	758
300212	759
3700928	760
9710043	761
8870144	762
730812	763
2760961	764
9350144	765
3700519	766
730350	767
6660006	768
6660872	769
5370460	770
5371010	771
3730006	772
730422	773
6900466	774
230920	775
8870205	776
3931023	777
8191002	778
8190930	779
3930496	780
2760373	781
730364	782
730964	783
730414	784
3470870	785
5370743	786
8870812	787
730770	788
730043	789
3931002	790
730687	791
9040987	792
730144	793
730872	794
2760071	795
2760924	796
5230006	797
4630071	798
9350930	799
730969	800
5230037	801
3700796	802
2760948	803
4720857	804
4720371	805
730809	806
4720770	807
3230580	808
2760870	809
6660741	810
2760212	811
730363	812
2760809	813
3230646	814
3930743	815
3230872	816
5370930	817
5370960	818
6660561	819
8710857	820
8710930	821
9760964	822
3390043	823
5370580	824
730519	825
5230580	826
730752	827
730282	828
6660043	829
6660580	830
2750796	831
9710987	832
8870414	833
9710833	834
2761023	835
3700350	836
2760560	837
3470373	838
9710386	839
8711002	840
2760441	841
8871002	842
520371	843
3230043	844
730888	845
7530580	846
3930996	847
4720894	848
730544	849
6660969	850
730924	851
3230496	852
9710995	853
5230422	854
9710960	855
230767	856
730952	857
8710872	858
2760350	859
230414	860
230809	861
8710422	862
230350	863
230924	864
230006	865
8710043	866
6660304	867
3471007	868
8870772	869
9710923	870
4040071	871
3470872	872
3470496	873
520743	874
520646	875
3230767	876
520961	877
3931007	878
3470995	879
2760527	880
8710772	881
4630743	882
3471023	883
4630857	884
4750364	885
4631010	886
730000	887
910363	888
3930872	889
7790772	890
8190602	891
9351010	892
3471002	893
910857	894
3730920	895
8190422	896
6580212	897
2760812	898
3700772	899
730496	900
9710200	901
9040864	902
8190504	903
2761002	904
730767	905
8710812	906
3230888	907
730772	908
8190350	909
7790364	910
730653	911
230422	912
3230772	913
8190496	914
5230930	915
231023	916
230948	917
4720772	918
230504	919
6660770	920
9350304	921
730833	922
3730560	923
8710870	924
9830996	925
3470560	926
9710870	927
3730924	928
5230920	929
2760144	930
3930888	931
8600743	932
730527	933
4020000	934
2760897	935
8190801	936
5370870	937
730930	938
3930386	939
9421023	940
3230527	941
5230767	942
5371002	943
4720870	944
8710200	945
6660930	946
5980504	947
8190414	948
3230071	949
9710894	950
3730638	951
910772	952
9350561	953
6660646	954
6660243	955
4990741	956
4090973	957
3730420	958
2750422	959
3730357	960
1030004	961
3730602	962
3730741	963
5370687	964
911023	965
5230043	966
5370974	967
5370419	968
1030969	969
1030961	970
250364	971
6760961	972
6350404	973
1030829	974
7310891	975
3730891	976
6760646	977
7980857	978
7310959	979
7310651	980
7980601	981
7310177	982
3730386	983
3730229	984
6350857	985
3730137	986
4990601	987
6760693	988
6350177	989
7530483	990
6990481	991
9350564	992
6760483	993
6990857	994
8190564	995
3730430	996
8790891	997
1030877	998
9400973	999
7980404	1000
5110471	1001
5110652	1002
2760176	1003
910282	1004
1600973	1005
1920857	1006
