545
null	0
8190913	1
4630928	2
3730646	3
7311010	4
3731002	5
4040200	6
4630200	7
8191023	8
3230857	9
8870424	10
4720857	11
8190894	12
3730071	13
3250857	14
520857	15
9350646	16
910928	17
730646	18
3930519	19
730729	20
9350114	21
3250363	22
7790743	23
5370200	24
9350930	25
5370841	26
3950729	27
8870282	28
9350700	29
8190765	30
7790841	31
3950371	32
8871007	33
9040857	34
8190888	35
3730004	36
5370266	37
7980973	38
7790937	39
730200	40
7790961	41
910519	42
4880973	43
1030292	44
5371023	45
5370043	46
250200	47
3950043	48
250930	49
1760973	50
3731023	51
1030200	52
1031002	53
1030282	54
3950870	55
1030984	56
1030646	57
1030961	58
7310765	59
8190942	60
1030857	61
1030638	62
7310601	63
8190519	64
1030993	65
8190646	66
4630829	67
1940973	68
5370729	69
5370961	70
1030928	71
9350043	72
5110004	73
7310371	74
7310700	75
3730200	76
4720363	77
5370752	78
4630043	79
5370829	80
1031010	81
730961	82
3700205	83
3230205	84
8190571	85
3700752	86
9710646	87
9710743	88
8870560	89
3930646	90
9040969	91
3470200	92
910371	93
3700928	94
3470752	95
3470894	96
9040961	97
3700770	98
9710767	99
2080770	100
4040424	101
9041007	102
4720969	103
7790913	104
7790969	105
4720841	106
5370770	107
4720544	108
9710729	109
9710752	110
5370877	111
3230560	112
9710770	113
8710770	114
9040872	115
8710767	116
6760877	117
7310571	118
2760857	119
6350601	120
7310114	121
6760765	122
6760942	123
2760964	124
8710857	125
3930212	126
1030829	127
8710772	128
8870364	129
6760601	130
3730137	131
6760177	132
8870580	133
2761007	134
2760752	135
730770	136
9710580	137
9710071	138
10110857	139
9710739	140
9710888	141
3930205	142
9710969	143
9710864	144
3700743	145
8710752	146
2760767	147
2760770	148
3700888	149
9710920	150
9710872	151
5230646	152
9350560	153
3700857	154
3930796	155
9710960	156
9710205	157
8550519	158
2760928	159
7790888	160
4720741	161
3230371	162
8190859	163
9710923	164
5231023	165
9710519	166
8190961	167
7790687	168
9710741	169
8190829	170
3730993	171
9710212	172
2760580	173
7790752	174
7790894	175
3930880	176
3930422	177
4910200	178
8710864	179
2760741	180
230496	181
8550857	182
2760516	183
9710350	184
910544	185
8870924	186
3700414	187
9711002	188
9710371	189
7790924	190
2760687	191
3700580	192
3700772	193
9710285	194
7790371	195
8870043	196
5230872	197
6660741	198
6760564	199
6350404	200
2760114	201
9350894	202
8190896	203
2760371	204
2760772	205
2760896	206
3730700	207
5981023	208
8790857	209
7310564	210
5370741	211
8190266	212
9350937	213
3700741	214
3731007	215
3730872	216
3730741	217
2760646	218
8190419	219
8190937	220
9710924	221
3730765	222
6760646	223
8710519	224
230741	225
3470285	226
9711007	227
8190371	228
8190880	229
910857	230
520969	231
8190741	232
6660580	233
9710414	234
250969	235
4630913	236
9350880	237
2760960	238
8870772	239
3700960	240
9711023	241
3470857	242
8190770	243
9710782	244
3950960	245
2760743	246
9710857	247
3730888	248
3930870	249
3700422	250
8190516	251
5370772	252
8190772	253
6660561	254
3950772	255
7090973	256
3930560	257
3930371	258
6660880	259
8190422	260
2760894	261
230924	262
3730386	263
5230969	264
9350741	265
3730829	266
4630282	267
8190960	268
4631010	269
8190973	270
7310560	271
3730870	272
3730601	273
7310161	274
5370888	275
7310669	276
9710527	277
3730422	278
6760857	279
8190043	280
3730404	281
3730981	282
8190496	283
7310877	284
7310419	285
3930857	286
3730924	287
3730580	288
3730770	289
3731010	290
3730371	291
8190872	292
730560	293
8870870	294
3700870	295
730580	296
3230880	297
730894	298
8190964	299
7790560	300
9710575	301
9710772	302
7790516	303
9350071	304
9350687	305
6660422	306
3730241	307
8190877	308
7310129	309
3730743	310
6350765	311
8710580	312
5110350	313
3730877	314
3730114	315
2370973	316
3730928	317
7310363	318
730071	319
8190969	320
8190752	321
730857	322
9350765	323
4990857	324
9350964	325
9350177	326
2760560	327
6760700	328
730205	329
8711023	330
8190687	331
5370071	332
7310829	333
9350888	334
10140652	335
4910481	336
8190071	337
730371	338
3930961	339
3730229	340
6350891	341
3390743	342
3471023	343
6660212	344
9710006	345
9350752	346
9710496	347
3470043	348
9040580	349
2760414	350
730930	351
6660996	352
2760870	353
2760205	354
2760350	355
4630071	356
230809	357
2760872	358
2760880	359
910741	360
8710743	361
3470743	362
6350857	363
8190920	364
730960	365
9350580	366
3730043	367
5110045	368
5110006	369
5110812	370
5110560	371
1940652	372
5110471	373
5110652	374
5110635	375
7310471	376
6270652	377
7310652	378
6270635	379
5590652	380
7310266	381
7310635	382
6660560	383
7310430	384
7310404	385
3730419	386
7790770	387
7790772	388
7790857	389
7790741	390
7790870	391
2760043	392
8190812	393
3470987	394
3230212	395
4720200	396
3700043	397
7790580	398
8710043	399
3470580	400
9710043	401
8190006	402
730741	403
730212	404
3470923	405
8870422	406
8190560	407
6660043	408
7790043	409
4720964	410
9040870	411
2760930	412
730414	413
730996	414
730812	415
2760422	416
8870741	417
3470422	418
9710422	419
730880	420
4720580	421
8710646	422
4630004	423
3700519	424
730924	425
730006	426
730870	427
3230422	428
730928	429
4720519	430
7790964	431
2761002	432
8711002	433
4720371	434
3700560	435
9710996	436
3470924	437
3470872	438
9040772	439
9040043	440
8870205	441
9710880	442
4630580	443
3470414	444
4630371	445
6660304	446
2760924	447
910043	448
910200	449
3700880	450
5370930	451
2760006	452
2080743	453
9350743	454
7790519	455
520371	456
3470205	457
9350870	458
8190870	459
730519	460
8190930	461
9350924	462
4990043	463
5370371	464
230920	465
5370964	466
2760071	467
5370743	468
730043	469
3931023	470
730796	471
9710200	472
730752	473
730422	474
5230857	475
5230930	476
8710872	477
730964	478
730969	479
5370580	480
7790518	481
3950924	482
230560	483
2760809	484
3471007	485
7790729	486
8710930	487
731023	488
4630930	489
730888	490
8870880	491
231023	492
3470504	493
8870518	494
2760952	495
3470772	496
230767	497
2760920	498
230414	499
8710422	500
230350	501
230006	502
731007	503
910772	504
5230422	505
730743	506
4630638	507
4630857	508
9040864	509
9710987	510
9710964	511
9350422	512
9710930	513
2760969	514
8710414	515
730772	516
230872	517
230504	518
230857	519
3730560	520
6660930	521
4990930	522
6660460	523
5370870	524
1600973	525
3730268	526
3730519	527
8190564	528
6761023	529
9350564	530
1030404	531
1030877	532
3730177	533
7310177	534
7310651	535
3730974	536
7310891	537
6760481	538
6760973	539
3730296	540
7980601	541
6990481	542
8790891	543
3930364	544
