552
null	0
8190560	1
4630424	2
3730993	3
8190646	4
3730928	5
7310200	6
1030292	7
7980973	8
3731002	9
4630200	10
4630386	11
1030282	12
3730241	13
9350770	14
3390580	15
8190894	16
6760601	17
7310601	18
3250857	19
8870770	20
3930519	21
8190404	22
8190961	23
4990857	24
5370841	25
520857	26
8870969	27
9350772	28
7790200	29
4720200	30
7790969	31
4630043	32
8190687	33
3471023	34
3731023	35
3700964	36
9710960	37
7311002	38
7790937	39
8870942	40
730969	41
730519	42
4880973	43
4630930	44
5371023	45
4040200	46
5370519	47
5370200	48
7310646	49
1030984	50
250200	51
4630937	52
8190857	53
1031002	54
1030638	55
1030857	56
1030200	57
1030993	58
1031010	59
8190700	60
8190177	61
4630580	62
8190913	63
4720857	64
9350942	65
1030404	66
1760973	67
7310177	68
1030928	69
5370571	70
7790424	71
7310371	72
7310700	73
8190481	74
3730200	75
7310765	76
5370404	77
3230371	78
3700205	79
730205	80
731023	81
4720363	82
8190942	83
3700969	84
9710205	85
3700752	86
9710743	87
6990481	88
3230812	89
9350993	90
3700961	91
910646	92
910371	93
9710969	94
3700770	95
9710767	96
2760580	97
9711007	98
4720961	99
4720580	100
4720969	101
9710752	102
9350564	103
3230560	104
8710770	105
7790961	106
3700960	107
3700071	108
300422	109
8710767	110
6350765	111
6350857	112
7310571	113
3930364	114
5230969	115
4911023	116
7790741	117
6760177	118
7310829	119
6760942	120
2760964	121
5370888	122
8710519	123
3700741	124
9710880	125
3930212	126
2760754	127
9350371	128
5370964	129
8190519	130
7310560	131
5370974	132
9040580	133
8870580	134
8870043	135
2760114	136
9710580	137
9710071	138
10110857	139
5370829	140
3700200	141
9710888	142
8710969	143
9710864	144
3700743	145
2760770	146
8710864	147
8710872	148
9710920	149
3930880	150
9350560	151
3700857	152
9040857	153
3700888	154
3930796	155
3470422	156
3930560	157
8550519	158
7790894	159
2760961	160
7790888	161
3390071	162
9710285	163
6990200	164
3930371	165
3470961	166
3230924	167
9710519	168
9710414	169
7790896	170
8190770	171
4630829	172
2760741	173
9710739	174
3230414	175
9710371	176
2760872	177
4720752	178
9710496	179
2080770	180
3700414	181
2760516	182
2760894	183
730371	184
730741	185
9710741	186
3950896	187
3700580	188
6660930	189
2760772	190
730924	191
7090973	192
5230872	193
9710350	194
6660741	195
6660880	196
6350404	197
730928	198
4720743	199
7530857	200
2760743	201
2760928	202
4720964	203
230767	204
230560	205
3730700	206
2760205	207
3730420	208
3730004	209
4630071	210
8190829	211
9350961	212
3230205	213
3230796	214
3701007	215
3730564	216
5231023	217
3230770	218
3730872	219
2760687	220
8870560	221
3730765	222
3950960	223
9350937	224
2760043	225
8710466	226
8190969	227
8190371	228
8190880	229
9350928	230
3730969	231
9350752	232
3230519	233
230006	234
3470043	235
9710772	236
230741	237
3470285	238
2760809	239
8870205	240
3700928	241
4630857	242
9710006	243
9710782	244
3951002	245
6760700	246
7770857	247
9710857	248
7310404	249
10220857	250
3730560	251
2760896	252
3730888	253
3950888	254
3730371	255
3700422	256
9350519	257
3730974	258
2760560	259
3700212	260
4630371	261
230872	262
6660043	263
6660212	264
8710752	265
8710743	266
6660422	267
9350741	268
3730829	269
7310651	270
6350891	271
3730386	272
8190200	273
3730981	274
7310430	275
5370266	276
4630282	277
3730404	278
5370960	279
9350601	280
3730580	281
8190752	282
6350601	283
1030829	284
6760765	285
230857	286
9350743	287
5370071	288
3730296	289
6760857	290
7310877	291
3930857	292
3730646	293
6660996	294
730560	295
730894	296
3931023	297
230496	298
3730519	299
9350964	300
9040772	301
3730743	302
6760877	303
2370973	304
9350930	305
3730601	306
3730114	307
5370741	308
3731007	309
8191023	310
7310363	311
9350894	312
9350924	313
2760752	314
8190580	315
5370770	316
730200	317
7310266	318
8190772	319
3730772	320
9350880	321
9350687	322
6760973	323
2750857	324
2760888	325
5370371	326
6760481	327
5370752	328
251002	329
6660857	330
9350888	331
250969	332
4630913	333
3230880	334
2760006	335
230504	336
910741	337
4720888	338
8870424	339
7790752	340
7790770	341
7790371	342
2760414	343
230350	344
2760924	345
3470857	346
8190071	347
9710212	348
8710580	349
9710996	350
3730877	351
8190652	352
7310669	353
5370877	354
3470580	355
8190964	356
8190896	357
8870880	358
4720371	359
8190920	360
5110045	361
5110006	362
5110560	363
5110350	364
5110812	365
5110004	366
5110549	367
6270652	368
5590652	369
7310471	370
6270635	371
7310635	372
7310652	373
7310419	374
5110652	375
1940652	376
10140652	377
3680652	378
7310564	379
5110635	380
3730419	381
7790772	382
7790857	383
8190741	384
7790924	385
8870772	386
2760371	387
3230212	388
2080888	389
3470782	390
8190812	391
8190872	392
8711023	393
3470987	394
2760767	395
3390043	396
5230646	397
910772	398
730414	399
8870870	400
9040870	401
2760071	402
9711002	403
730422	404
3930422	405
2760422	406
9710043	407
8710422	408
8710646	409
7090857	410
9710729	411
730006	412
230924	413
8191010	414
7791007	415
8870924	416
3230996	417
3230422	418
3230646	419
730870	420
6660560	421
7790964	422
230920	423
2760930	424
3700880	425
3700772	426
3700924	427
3470772	428
9710422	429
8190422	430
730743	431
520969	432
910200	433
5230422	434
8870888	435
730770	436
8190006	437
8190160	438
9710930	439
8710930	440
3470930	441
3730071	442
8190801	443
4630638	444
7790519	445
8191002	446
8870422	447
8190930	448
9350870	449
730857	450
3730602	451
5230930	452
5370743	453
8710772	454
5370772	455
4630004	456
2760969	457
730796	458
2760646	459
2761007	460
2760960	461
730880	462
730960	463
730646	464
3700043	465
8190870	466
8870743	467
3700519	468
3231023	469
730580	470
730043	471
3230741	472
9350422	473
730754	474
730964	475
5230857	476
910857	477
730772	478
730071	479
730812	480
3700796	481
8191007	482
230414	483
730729	484
2761002	485
730212	486
3230772	487
3471007	488
3930772	489
3930205	490
7790043	491
6660561	492
8710857	493
5370043	494
5370160	495
8550857	496
730930	497
730752	498
8190877	499
730888	500
5371007	501
9710987	502
3230969	503
2760880	504
731007	505
8711002	506
4720043	507
2760952	508
3230872	509
7790870	510
730961	511
3470872	512
2760350	513
4720741	514
230809	515
9710527	516
4720772	517
9710923	518
4631010	519
3731010	520
8710414	521
9710964	522
3730422	523
6660580	524
3730924	525
9350160	526
5370930	527
3730770	528
3730741	529
911007	530
3730043	531
1600973	532
6770857	533
9350177	534
8791023	535
6761023	536
3730229	537
1030877	538
7310161	539
6350177	540
3730137	541
6760646	542
7310891	543
3730177	544
8190564	545
7980601	546
8190419	547
6760564	548
8790891	549
7310129	550
5110471	551
